100
2 1
100 20
200 10
2 2
100 20
200 10
3 2
100 10
100 10
100 10
4 2
9 3
7 1
10 1
8 4
7 2
20986 2996
21295 2689
26414 2887
21387 2600
21059 2023
294523 28
247690 13
4 3
295231 641763
6507 230952
213113 301416
652365 391541
9 5
143964 165242
207669 114552
942732 25234
147963 160776
25172 945054
968919 24552
44892 529914
169911 140008
330484 71982
3 2
20706 391644
15708 516258
11868 683298
6 4
10989 507416
67158 83028
12987 429352
102564 54366
55944 99671
124542 44772
7 1
520193 40858
116032 183174
26393 805291
34943 608249
52627 403862
359592 59106
228826 92883
4 1
338448 225899
605743 126217
168424 453944
156433 488740
6 3
753434 996135
106087 867338
920077 891804
42902 760347
775518 747721
816648 998812
4 2
10111 60
3096 300405
3410 325926
3910 315102
7 5
484228 55802
66684 405208
62343 433423
574021 47073
29183 925912
30367 889811
48961 551886
8 5
109089 296184
67252 480438
380808 84847
213624 151249
364941 88536
37023 872712
237636 135966
98532 327918
9 6
571288 899301
893251 996170
889831 85120
562731 748272
490398 930239
289047 402397
528641 890665
817230 529197
668614 354005
7 2
234655 97
24003 2981
26522 2689
219963 78
23210 2753
23563 2725
22291 2078
2 1
3508 365292
18412 30
5 3
655707 20664
686504 19737
20468 661986
21528 629391
31304 432837
3 2
368649 89393
146805 224479
964799 34157
8 3
963358 81029
439327 298048
825753 858290
790543 983622
389091 889857
939670 253681
436323 813817
554786 624538
7 3
788524 838307
38112 236937
763961 38116
83766 899903
664900 79422
391860 556010
967779 255345
8 5
43401 411768
781218 22876
165186 108188
486846 36708
36593 488376
256151 69768
747684 23902
31464 567987
8 2
23678 2239
211000 74
28179 2283
20583 2226
287404 12
28827 2389
24616 2523
24023 2997
7 4
919919 241201
565854 595130
686785 531886
785228 292767
587858 332486
39151 237685
592048 317080
9 6
23853 651798
114186 136158
315509 49277
331719 46869
25709 604743
55759 278831
715116 21741
459491 33836
40477 384103
2 1
849108 38294
169795 191500
10 2
559839 23717
57443 454075
985386 356944
461549 641663
29839 568434
237752 743149
143916 463935
557712 788308
319834 829176
249309 523108
8 3
3849 342707
3507 376287
10426 51
3441 398231
18209 42
3548 381896
3405 398314
3579 364021
3 2
30566 643356
194184 101269
405076 48546
4 2
768191 660866
64655 298167
12387 46552
468760 342083
7 4
94541 779025
199567 369048
210264 350273
166928 441207
834710 88234
78413 939255
216449 340264
5 2
85974 260489
378958 59097
24105 929072
207333 108016
78483 285352
4 2
230936 424194
774160 993473
346992 265489
611208 789213
9 5
25579 2228
28768 2041
24631 2140
209773 87
28213 2367
28788 2979
24378 2122
27340 2069
220111 24
3 2
604328 630911
138831 27105
164477 675751
8 5
539028 17138
29946 308484
38502 239932
65436 141174
257796 35834
243846 37884
168264 54901
25256 365769
8 6
29141 2851
24873 2582
24276 2129
26253 2825
29256 2423
21811 2529
217148 5
203756 89
3 1
141843 432234
225641 271712
176189 347975
3 2
98642 141372
32116 434214
675444 20646
7 1
104776 73762
354756 185315
624068 2678
869270 428390
202022 551291
179676 836091
56832 523342
3 2
3932 353053
3823 310864
12426 63
9 5
15643 39
10197 74
3076 354590
3742 390063
3830 326675
3715 347605
3145 355833
3889 330064
3808 327147
8 3
263787 39
21158 2829
20869 2500
271355 23
23441 2416
24864 2485
27294 2029
27428 2085
10 10
1000000 1000000
1000000 1000000
1000000 1000000
1000000 1000000
1000000 1000000
1000000 1000000
1000000 1000000
1000000 1000000
1000000 1000000
1000000 1000000
6 4
3461 303877
11981 29
14831 60
3452 349770
3092 319268
3086 330789
8 5
482328 65231
628488 50061
698148 45066
43956 715778
456617 68904
269352 116809
148092 212454
967846 32508
2 1
206514 2
25483 2929
6 2
26244 2212
29557 2566
20405 2431
258691 24
293479 8
29032 2957
5 1
173489 566466
155573 631701
886572 110849
605343 162347
639374 153706
6 2
693498 349144
366710 412763
179274 63317
421774 555652
407509 861559
526490 874331
8 2
3312 334039
3281 340015
3549 379946
3306 315851
17735 17
3077 388832
3586 323284
19726 77
8 2
10916 16
3108 369285
10706 100
3181 356877
3099 355950
3822 331264
3319 364428
3430 366900
5 3
55692 130758
9282 784548
28458 255892
99603 73112
752913 9672
2 2
6993 563992
80388 49062
7 3
918729 827764
933456 885750
78838 288357
574360 839386
256554 318557
795056 195458
659932 695896
9 5
150992 117485
471564 37618
34161 519285
26537 668474
191008 92872
21519 824355
249011 71239
589600 30087
32343 548474
9 5
741608 15093
13416 834309
301473 37128
402948 27778
373464 29971
167076 66994
750006 14924
40936 273429
194446 57564
10 6
223147 68690
909828 425979
782707 896357
943209 239879
22671 415143
576493 253625
721123 390650
218954 480731
882618 880619
157303 805062
9 4
884018 42276
423588 88229
300777 124254
40615 920171
417195 89581
741258 50418
90070 414930
207465 180140
658249 56776
8 5
54612 476238
60088 432837
28971 897736
63714 408204
180264 144279
591192 43993
37352 696303
175644 148074
5 1
622946 61433
108031 354245
46138 829456
148554 257613
76491 500313
4 3
32508 475354
71176 217107
814506 18972
214676 71982
10 3
27246 2858
22816 2364
261874 86
27838 2646
28661 2935
23355 2452
227960 2
25909 2916
208413 34
29102 2641
5 2
512269 495602
59762 942095
344208 256057
153205 344937
790529 680958
4 2
24425 2136
25176 2563
28908 2229
262464 76
6 2
3505 362471
3902 322145
18435 54
17865 25
3279 397529
3627 310996
6 2
260064 86
26349 2865
26252 2674
22285 2753
21224 2611
219365 20
3 2
18043 26
3998 358991
3175 326954
10 3
141066 666966
800618 117517
153918 611275
370789 253746
330009 285102
166665 564523
175671 535582
588657 159832
277724 338776
125717 748397
9 3
296121 288010
513337 166140
369718 230678
563508 151348
313964 271642
560534 152151
121219 703568
290794 293286
87395 975866
6 1
3849 358861
3679 375697
17592 45
3568 305662
3837 301295
14955 85
9 6
29729 2308
206929 52
24993 2247
28345 2307
20579 2488
29762 2165
242255 57
20168 2287
24813 2143
8 5
3004 330844
3887 379715
3623 369391
3652 356430
3484 397485
17910 28
14587 36
3585 304040
8 2
25878 523475
506108 26766
94131 143911
16306 830767
576618 23493
861407 15726
46666 290286
66923 202419
10 5
26953 2467
213542 21
246040 64
274419 56
23602 2794
21582 2313
22528 2780
20046 2038
25899 2030
21189 2169
2 1
233546 58
25285 2414
3 2
402597 30856
57304 216783
36556 339822
10 6
417733 861350
171497 68981
706516 902616
138387 209039
715241 687247
460795 304180
279401 508630
335708 655905
574696 334131
239528 877304
6 1
831585 106686
92695 957101
983826 90177
360741 245934
103029 861102
753403 117757
3 1
114201 699827
83866 952960
917893 87070
3 2
912456 8463
578956 13338
12369 624312
4 1
3146 345372
11020 66
3876 305506
3824 365357
9 3
23045 2523
25770 2231
24034 2220
25786 2627
215437 81
26061 2683
23819 2401
29329 2013
292130 81
1 1
1 1
8 5
17391 540792
82824 113553
35343 266104
153846 61132
12276 766122
16058 585684
227106 41412
106488 88319
8 3
975276 314677
675551 295014
944746 673967
288434 184073
305472 127096
428979 523849
349297 526941
889410 447333
9 3
3134 392086
3672 389564
19503 5
19907 38
3377 399244
3003 376825
3591 302159
3798 352466
3263 309121
2 1
3423 336012
17019 34
4 3
27698 2674
21276 2779
257264 60
21846 2440
6 4
512195 245866
663035 224571
899129 642838
387960 712207
787887 231351
337278 228368
3 2
3187 301542
15834 18
3946 374647
4 1
89586 117931
11218 941787
15474 682756
34466 306533
6 2
539013 10046
158844 529769
262801 965491
457741 814766
293201 74433
863293 123968
4 1
24710 2959
212486 6
26490 2229
22134 2870
10 7
3572 315242
3842 395397
16221 44
12575 34
3045 322567
3009 374546
3170 360168
14025 41
3142 354567
3390 333989
5 3
190008 25707
5928 823977
37884 128934
64206 76076
24882 196308
10 2
29758 2044
292233 1
222772 55
26933 2250
29550 2406
288960 44
20440 2611
28193 2255
22786 2690
21491 2268
2 1
17252 51
3398 308787
8 5
3083 374168
3265 392959
3862 331627
3698 378462
3232 328858
13808 56
3717 373932
13955 66
