100 20
0 2685
1 2859
2 9873
1 8613
4 2102
1 3404
2 2829
5 8404
4 4726
7 3758
8 1543
6 7544
1 3603
12 7588
7 3603
2 9173
5 8611
4 9227
13 2332
9 9441
3 5625
3 2208
11 4436
4 7775
21 1811
5 4290
22 7328
21 7605
26 2064
13 1345
26 8834
20 5896
27 1387
5 9809
29 1992
29 8940
21 9172
22 6186
11 2163
38 3280
4 8997
36 9133
22 4948
8 4757
1 4541
23 6625
18 9016
40 2862
26 7322
11 9315
12 23
13 2947
1 1689
5 4535
29 4834
49 9535
7 2703
56 6777
7 205
28 9129
54 6548
32 6045
36 2736
8 7017
8 9458
46 5255
43 5733
11 8957
64 3482
66 7940
45 7375
67 3094
7 8622
24 7776
23 3852
55 5469
51 4511
19 4461
2 1794
45 3917
54 1846
23 7444
15 8281
61 7323
66 4657
56 2336
46 5637
37 5990
8 5130
67 4864
27 9066
36 1083
78 6230
8 9682
51 2511
25 634
61 7808
5 426
66 1012
7 8196
