500 100
0 2685
1 2859
2 9873
1 8613
4 2102
1 3404
2 2829
5 8404
4 4726
7 3758
8 1543
6 7544
1 3603
12 7588
7 3603
2 9173
5 8611
4 9227
13 2332
9 9441
3 5625
3 2208
11 4436
4 7775
21 1811
5 4290
22 7328
21 7605
26 2064
13 1345
26 8834
20 5896
27 1387
5 9809
29 1992
29 8940
21 9172
22 6186
11 2163
38 3280
4 8997
36 9133
22 4948
8 4757
1 4541
23 6625
18 9016
40 2862
26 7322
11 9315
12 23
13 2947
1 1689
5 4535
29 4834
49 9535
7 2703
56 6777
7 205
28 9129
54 6548
32 6045
36 2736
8 7017
8 9458
46 5255
43 5733
11 8957
64 3482
66 7940
45 7375
67 3094
7 8622
24 7776
23 3852
55 5469
51 4511
19 4461
2 1794
45 3917
54 1846
23 7444
15 8281
61 7323
66 4657
56 2336
46 5637
37 5990
8 5130
67 4864
27 9066
36 1083
78 6230
8 9682
51 2511
25 634
61 7808
5 426
66 1012
7 8196
91 4326
80 1654
71 6305
14 4062
60 9583
49 7142
98 1264
32 9191
91 8670
18 5451
66 3128
106 8815
78 572
90 3611
106 9743
59 889
68 2565
45 1986
2 4410
75 4129
69 3682
78 1807
122 221
106 4850
89 5112
36 9018
37 1390
6 6947
61 7334
116 6921
2 6852
55 8252
23 1589
50 1351
70 1267
86 9913
49 9432
76 6306
25 1295
116 5998
76 1212
99 1835
126 2173
36 9288
85 873
85 1575
140 4422
22 674
49 5481
1 8548
66 2950
111 1170
53 2778
74 5313
60 1680
137 7190
71 5755
132 4745
80 1825
81 9987
61 6780
79 1910
55 739
17 4493
113 2127
71 841
163 9766
74 1085
19 1871
33 2070
1 4425
39 9158
97 7303
13 8279
102 6364
144 6001
175 1983
63 3486
31 6269
151 9364
158 9308
70 4194
107 4424
57 8917
69 5788
93 6707
33 2508
121 7822
51 618
180 2384
134 7960
76 9886
128 173
103 5556
186 2112
101 721
50 2954
123 1352
66 6326
117 6247
119 2703
61 8555
39 1873
194 8375
90 6778
70 1683
7 5606
47 5483
16 8515
109 9427
23 149
141 9711
52 8762
8 4295
1 8887
142 4312
99 7748
56 5190
21 6041
171 6845
151 7071
197 2472
212 8906
223 1074
217 6793
203 6475
153 7164
6 4828
68 314
32 2073
167 1317
170 2299
228 120
42 1738
169 3176
67 2500
100 7196
86 7856
114 6136
181 7295
220 3265
206 7439
95 5502
225 5281
24 9452
237 9671
161 2435
232 9444
180 5316
11 7885
222 2436
48 4153
67 6400
57 7398
86 9478
227 5730
172 9893
176 7013
247 7350
123 8197
138 6620
200 7329
80 625
74 3844
126 2862
228 8879
87 1681
175 8128
132 7058
267 280
16 582
204 2570
148 4343
201 9902
155 2776
256 8679
29 3782
128 7825
210 9125
100 9687
140 4178
191 6445
248 2854
122 1315
101 5632
211 7002
162 9815
42 5687
235 5355
64 2525
148 8113
251 5120
93 8013
96 5081
39 1919
227 2882
186 2985
58 3242
266 5697
21 4973
250 3004
132 7728
86 158
216 5393
155 6362
227 7789
178 9845
182 9676
185 3325
196 7903
32 8767
181 9189
88 5403
294 1488
25 9021
301 3500
87 7101
85 3118
81 1069
319 5217
217 8394
308 2420
60 7247
142 3087
166 8965
173 8875
181 7964
24 4320
157 9224
226 380
153 8107
63 8747
157 985
128 7288
139 9174
258 34
85 3299
160 9085
159 969
174 6123
142 9789
132 9606
246 8217
201 906
61 4174
105 8576
131 7748
308 5701
98 2005
276 3048
326 3331
251 8313
264 6661
289 5756
274 4131
116 6725
312 5866
184 6023
300 2494
57 4250
42 6989
44 6539
44 2340
9 1643
170 7923
173 8345
276 6715
294 1837
67 4639
157 5442
23 3495
117 1964
82 9829
297 5268
269 9033
362 1193
103 7552
163 5133
193 8746
53 8795
281 6257
343 8872
361 3915
49 1387
283 9749
226 4441
81 1968
35 5265
38 6847
276 6842
200 7318
58 3096
38 5456
288 1662
70 6291
137 8553
136 2914
376 6795
168 6759
352 8461
216 3378
205 530
232 7826
288 8888
42 4987
401 9923
175 7464
386 2250
377 1051
7 6470
403 7085
184 1742
128 549
280 4216
32 5683
86 8669
34 5205
167 8466
89 6827
5 8915
211 5297
417 5052
316 7243
76 9621
285 1436
247 5791
311 703
260 4291
215 3673
167 4332
351 6025
234 65
196 2881
418 7125
305 191
364 9572
411 2837
240 3977
64 1420
75 8493
144 3502
365 8687
342 3084
256 1655
242 9173
86 7150
325 959
93 11
257 4711
411 2947
77 5882
104 2376
32 7053
234 9663
56 1246
106 2485
138 4130
223 7708
102 5934
124 5604
309 9850
396 8328
94 5435
275 8913
394 6730
125 728
265 2917
146 7990
455 9813
363 6005
72 8498
160 3145
398 7290
452 960
389 6662
163 9956
93 3263
233 1898
160 1403
343 1462
199 7011
426 7369
292 4737
251 7229
214 1402
126 2815
467 3081
330 642
440 8568
43 131
282 9289
74 6887
9 8098
203 3492
126 9885
153 8762
298 9228
430 6873
443 5385
79 7699
