7500 1000
0 7886
1 841
2 1962
3 9905
4 8197
5 1741
3 4833
1 7912
8 1589
6 4058
5 3651
4 7165
12 9461
4 585
6 6427
6 4186
15 2478
2 9976
11 2535
1 7763
16 87
6 409
4 9787
23 5403
9 5459
17 8515
19 9100
16 4712
25 7550
23 9988
25 7526
23 4318
15 1472
20 6916
28 5944
26 8411
28 6247
15 9947
14 7322
11 1668
12 2722
14 8542
15 8609
7 5988
8 9331
32 4024
39 7679
47 4182
7 3323
47 5759
44 3382
15 5825
33 3465
51 670
27 8648
30 1522
47 1281
27 528
8 8807
23 714
38 7887
5 914
7 4934
8 9163
25 3968
43 2278
9 1470
60 3417
45 2308
6 4210
32 2573
66 863
30 1348
16 6380
59 7110
13 8178
72 78
29 2405
45 4120
12 97
67 7400
64 3379
19 670
15 7573
2 5484
20 3119
43 6402
50 8949
4 7877
64 2586
46 2301
11 8802
42 7488
63 7922
22 1582
1 7377
93 6230
80 7002
23 4760
83 5853
18 7845
18 782
3 2335
70 9524
103 7151
19 4136
14 4973
82 6780
108 7250
32 5243
64 21
2 253
68 6577
111 7161
10 9927
69 3332
76 9306
50 5150
5 3623
74 8106
50 9185
75 8615
106 5884
117 1501
80 6547
79 9021
99 1222
97 6663
46 4147
28 5778
12 5639
105 3084
60 2723
60 1723
52 6517
105 1398
53 722
137 9500
45 6457
84 1449
29 3947
34 8660
68 7773
126 7719
31 8683
82 6622
13 4684
42 1682
26 4364
87 5329
127 5168
36 5811
82 2429
52 1909
26 2406
39 8411
101 2621
17 8206
79 9896
157 5136
114 3250
54 5174
18 2628
85 1372
80 3256
89 1029
125 4416
121 9062
154 9986
126 6662
170 6910
93 3155
76 1684
55 5096
100 9238
67 4855
28 4196
85 2615
76 5904
28 6248
98 1916
169 921
96 1108
4 2076
22 6877
7 1095
137 5461
15 3089
79 995
82 4573
12 5687
188 4457
35 4772
2 9671
86 6873
73 3272
151 9536
18 2197
42 5356
70 1660
123 4221
41 8622
168 4263
152 7974
22 6284
169 863
104 6132
54 6736
39 7827
61 5741
195 6743
67 4866
75 2551
122 6552
42 9336
126 8686
214 5850
198 5878
139 1141
193 6068
9 137
108 7055
65 4053
183 1882
17 2773
91 649
222 2790
68 1229
35 3749
60 6051
15 3301
180 9471
168 2571
14 4834
207 3699
182 3155
77 9568
76 8991
85 9558
224 6110
144 7080
48 1011
48 7980
12 942
39 903
129 2396
94 2684
140 3545
197 5993
93 69
12 4584
42 1836
119 4519
194 2138
74 494
30 1205
27 7944
35 2345
6 9424
84 3834
249 2773
135 1734
226 176
73 9308
134 1627
203 9159
245 5639
154 8827
225 1102
91 9100
123 631
197 1115
42 58
58 1952
233 8958
198 2029
234 91
146 3525
208 1565
36 2604
184 8519
219 2539
175 9829
78 3302
126 435
161 8195
12 8894
278 7496
120 6635
142 4236
263 4160
199 5889
284 4301
185 9685
72 2354
172 846
111 9816
169 3143
84 7180
265 4340
222 3735
254 5146
64 8529
150 2296
286 2587
216 4500
261 8418
245 6499
215 9487
162 4096
136 6725
7 8748
299 7495
221 919
197 7237
68 3185
241 1446
128 9772
18 2700
237 9388
305 8146
37 3851
66 2806
133 2376
167 6827
161 324
222 5979
252 3978
53 2465
304 9589
92 9694
178 7749
65 682
181 1003
18 8841
71 852
53 692
290 355
226 4671
326 7798
150 99
308 5305
124 3932
106 541
91 2490
69 317
163 7146
261 5996
70 6759
264 3975
141 2940
135 4499
131 4107
281 7863
50 9299
249 7607
50 3821
42 8470
253 5705
128 368
256 5171
275 7656
238 2735
357 393
245 6025
33 1089
2 3153
269 1127
79 6617
297 7179
354 5715
333 2575
180 2933
109 1866
198 2612
372 76
83 3316
73 1995
280 216
246 4781
211 1488
137 4981
184 3774
340 6476
319 414
152 2617
191 2976
105 343
295 4179
101 8717
32 2276
351 8123
374 5678
313 2705
346 5192
116 9549
293 9205
340 7883
185 4505
32 4676
255 9828
76 3679
213 2513
143 8651
374 2852
190 4733
400 5678
338 8352
23 7173
213 2386
222 3400
210 4937
20 5884
262 3972
376 9440
408 8285
169 939
228 4638
178 3689
389 8182
216 1037
89 7323
271 2837
225 5566
420 6497
198 6711
222 996
119 3681
107 6320
196 8008
205 8829
285 1768
122 4969
353 6952
256 9679
74 7095
400 1427
108 1434
153 7958
219 4620
329 3783
266 1181
418 4456
229 8730
125 7060
32 2803
212 844
361 2011
154 6201
125 5004
151 3777
447 7397
452 8461
35 9614
110 6557
125 5883
334 222
249 1508
196 4115
259 4471
355 6797
315 9669
426 7828
113 1037
283 9845
36 8135
100 9386
137 9238
54 8689
399 1736
405 6008
259 4573
174 4457
206 4140
59 4988
195 8236
425 5861
338 2894
135 2697
30 724
188 7162
110 9055
420 9883
423 5990
132 2436
203 1046
246 414
259 1995
459 6260
457 9775
13 954
325 4486
375 7553
222 6766
345 7877
110 7045
240 8350
290 2211
267 9201
379 6267
183 2594
283 1517
309 1993
164 187
175 2613
170 8534
429 3050
301 8303
97 3067
53 5905
459 8636
425 9025
209 8136
105 41
75 7973
478 2510
114 4980
24 2799
84 5013
125 2757
358 8105
160 5168
436 5828
236 1957
287 4033
185 7886
469 7938
516 943
411 8466
135 4124
106 8857
391 3998
365 5271
445 5774
20 1980
414 3258
528 6815
209 3240
359 3552
516 5635
249 8530
201 8757
429 1571
30 5140
267 53
129 1461
89 1260
493 4999
25 3089
372 9109
430 5146
16 5240
469 8907
341 1001
438 3855
544 8016
310 2001
536 6431
392 4473
358 2916
320 5784
414 2580
59 878
414 9912
433 277
156 9613
359 8370
376 9077
378 5040
183 6792
489 3838
351 1005
11 5001
211 2133
53 6718
199 5757
306 7949
361 4226
503 4966
140 1403
480 1454
507 4515
103 9717
574 8656
353 2866
386 1587
510 3679
64 5844
195 5960
190 5624
61 4598
302 1848
328 6448
229 9241
580 5021
535 9254
259 5473
23 8285
318 5031
65 8919
88 3038
428 2832
336 9851
11 7988
238 2671
350 4071
384 884
6 6339
257 1203
39 712
290 588
127 4071
556 6898
518 3618
518 7464
492 1985
394 862
400 2091
597 4795
120 5442
423 6173
32 8049
125 3681
72 9831
450 5250
453 892
296 2985
250 119
270 7486
457 6990
432 6773
628 8322
259 740
2 9667
263 8624
285 6979
9 1602
612 7921
307 7374
292 5419
326 8646
136 1572
268 3451
172 7101
464 9936
147 2619
621 7588
483 9101
377 697
174 8216
443 1330
592 9837
189 3815
97 4656
432 2160
589 7901
173 4543
147 9719
439 9820
500 1612
424 515
239 9633
407 2531
319 3619
198 2552
620 3625
585 494
181 6949
145 4690
623 2634
359 9951
478 324
485 570
589 1275
12 837
43 6304
638 8719
60 8611
168 3604
581 4399
131 7652
636 5189
648 3269
422 763
73 6239
158 1816
557 5204
472 6956
525 4546
526 9162
254 9410
536 9611
156 2839
103 4546
267 7666
570 323
128 8073
571 6306
496 8792
410 4778
180 2785
488 8149
64 7095
355 4454
338 4494
550 1768
549 5395
610 5974
80 4279
248 8737
496 9524
217 7996
105 6681
560 7509
661 6042
254 7189
472 926
688 4079
282 5404
188 5795
683 6798
212 4106
404 6716
567 7722
259 1905
48 2591
238 3572
126 7990
644 9998
628 7445
439 280
370 7188
26 8128
428 9412
320 8259
84 9941
409 4696
295 9277
134 3697
705 7767
420 9614
21 9898
318 328
513 5
152 877
7 2323
59 1485
180 6358
640 5646
39 8612
520 1987
427 5515
723 4045
706 3975
681 754
695 3509
228 9482
586 7797
246 4004
49 2041
106 7653
304 3471
634 4907
155 9704
253 8689
118 9081
121 9565
536 1457
470 9786
592 5539
193 8558
427 5871
600 9806
671 8031
758 1252
611 2118
258 9404
162 3534
718 8925
297 4365
405 698
639 6987
58 8626
581 2441
467 3172
424 1795
632 8829
235 280
764 5977
100 1084
426 5133
159 9750
723 88
741 2291
257 5699
512 8622
88 4280
768 4197
605 9018
518 1090
188 9148
172 8473
653 8386
352 941
29 7568
562 8052
277 9735
422 340
513 6969
352 8590
510 1568
67 650
535 493
813 4992
102 3596
152 4940
465 4065
101 7818
109 8176
401 3570
156 8248
170 5503
659 6979
7 2495
366 9048
541 2059
479 5351
211 5808
429 3111
221 1478
337 3968
527 4798
527 5358
573 5350
120 3093
730 8050
169 5757
769 8601
624 3470
371 897
359 3315
597 9505
465 8558
21 4129
175 9796
600 2373
195 1141
431 61
241 4921
670 1965
296 7949
303 2743
726 8931
788 8230
191 3354
329 5396
365 3871
506 8794
124 5732
161 1372
110 6293
580 1929
407 876
379 338
553 3291
432 3462
322 935
350 8305
548 449
168 6476
29 2322
136 6792
624 2080
30 7355
116 599
321 3577
328 2570
392 7892
33 874
577 4543
481 5962
427 4229
434 4334
431 8459
770 1604
425 199
638 5953
670 764
806 4175
38 7768
378 8890
766 1456
36 5157
789 4012
785 4045
702 7064
887 3943
569 7838
43 5677
570 1137
375 807
108 3149
232 5528
86 4208
58 8463
3 3704
630 2461
85 107
639 7935
403 1354
582 4086
65 4932
493 987
778 144
587 4307
230 230
809 903
479 1591
419 4437
880 3917
754 9668
813 146
760 1055
370 8768
398 3374
843 7818
875 5675
829 1270
728 7468
571 7224
585 6541
713 1627
419 859
100 9847
858 7364
87 5418
586 5992
211 4539
441 823
570 596
262 5632
656 8258
142 8945
722 7124
233 3438
237 3413
670 2540
920 6563
219 5416
126 396
167 734
679 3188
839 1874
213 8735
190 3756
926 5793
833 3592
89 5979
91 2398
103 8266
385 4159
880 9765
492 8743
411 3404
294 2378
298 9288
828 1989
449 9154
359 3580
383 6395
165 8340
234 6241
600 6460
155 3157
274 1120
375 7139
298 1818
179 1473
474 7284
836 9200
728 581
86 2951
859 1410
774 795
725 886
937 1596
677 8016
507 8572
709 3000
144 5402
518 9719
275 430
249 5278
205 2317
565 9612
888 3234
796 322
546 3112
118 6887
379 3342
267 6819
145 2281
917 466
450 6180
253 7508
692 2698
209 8740
763 5330
891 2913
245 8231
575 8484
903 6668
604 2381
902 6652
777 7029
73 1941
746 9239
100 1978
386 4112
402 4250
279 4873
979 3901
954 4662
499 3223
734 7869
377 8463
787 6354
354 6206
45 721
442 6753
269 3731
756 7503
734 3760
290 5995
18 3130
387 6578
291 8184
84 8313
802 8476
691 4042
968 6830
699 6112
504 6000
149 5947
659 4205
389 8185
453 4229
745 4210
237 2225
46 8757
19 3539
581 538
965 4242
332 299
802 7625
420 2053
254 9132
671 9169
544 1414
742 5622
374 8263
385 4572
261 6207
995 3251
376 1951
1038 7167
649 5189
448 4162
457 3626
350 2104
600 7873
459 4481
724 4051
30 7742
1 4701
718 1106
675 646
931 7487
710 5118
902 2875
324 9597
785 9452
312 2166
395 1229
181 174
457 3832
746 7928
941 6705
764 3523
766 5742
375 5927
203 7551
658 9556
897 5902
716 7277
1010 8544
642 8737
220 9016
727 3634
1091 4748
676 411
129 490
613 732
276 9269
1075 6652
964 6953
154 3477
561 4890
989 4232
407 3484
634 265
1051 533
918 9850
1020 967
761 1212
120 9300
660 3623
973 5193
303 1385
518 5025
880 2753
203 7963
657 4539
630 4053
332 4856
263 2157
363 1644
210 4951
917 6085
903 4114
902 8327
941 1151
194 2783
785 9171
217 9025
1111 7265
47 5886
689 254
576 3080
177 6830
35 4020
306 8155
632 4604
769 1966
400 1778
213 3780
436 428
647 7431
647 8856
249 9391
141 6383
992 8228
899 4575
879 6352
720 4908
912 8659
931 5190
854 3997
876 2376
579 5349
581 6622
213 8253
507 1373
418 2761
66 234
1086 180
602 8705
1003 2667
467 9910
584 7524
339 747
866 1019
602 6092
1042 9722
451 2665
590 1136
535 4757
131 2695
1078 5663
781 8253
691 1086
574 2204
1130 186
859 9525
821 7807
844 4029
920 439
192 7433
41 7646
35 2913
37 3802
262 481
94 2859
914 4881
888 5360
591 380
41 2383
1003 9438
53 5050
573 3073
1 1161
493 3989
38 8293
853 9843
187 5554
471 273
535 2190
199 5552
777 6911
928 158
254 1432
497 6067
642 2757
396 1776
187 3973
140 1017
280 1243
125 4428
1202 8769
34 7881
863 7540
231 8379
53 8695
1214 5453
900 6546
385 3038
679 6260
581 3068
351 5781
1087 4384
377 9351
757 5840
571 6472
563 4021
96 1766
1112 441
1230 1850
139 6074
557 8216
948 7612
683 2609
1083 6169
634 762
553 5045
1213 2203
501 2921
384 1850
1193 9728
50 7559
421 424
280 3714
803 7640
218 4813
669 202
533 4561
1029 4470
151 8099
107 2186
718 7215
1187 578
1193 4224
408 2921
235 5167
1039 8331
1244 8089
470 3532
763 6495
436 9379
1182 4537
685 3293
587 5600
897 8304
498 2919
1024 7729
122 255
1170 5526
1059 4158
144 9222
1043 9631
622 3268
668 926
114 2680
531 3894
1095 3084
653 6059
594 1823
409 6232
82 2307
1117 3061
479 4049
429 1727
879 1912
209 7784
64 3381
181 9733
295 3171
988 6380
950 8540
1043 4695
675 7722
468 4594
1005 9823
550 8554
316 960
146 5063
1264 344
775 5222
1201 5432
259 5966
955 8577
1304 6869
864 4108
901 8245
692 4071
1246 6830
1094 3554
131 3221
1273 6886
305 4039
4 1638
637 7546
340 2150
277 5042
811 618
1234 628
285 2847
555 6044
51 8692
381 379
541 4923
161 2299
700 906
602 3276
150 5143
506 1529
1259 7755
127 3788
513 6258
1304 97
1079 5587
1315 3689
676 9318
1162 524
769 4584
364 8378
716 6790
157 6306
1028 6869
1323 3969
944 4845
483 5719
1287 8365
293 315
790 1986
445 3328
54 6680
917 3516
1258 9202
978 2000
125 8370
945 9640
2 838
792 4859
500 6801
664 4381
586 889
951 4459
1025 172
847 2110
987 1982
75 2921
1127 5967
566 3346
253 5935
1355 3985
1281 1057
391 5634
894 2671
36 5181
511 8885
609 1158
626 3454
693 379
450 2302
636 8971
422 3224
1200 242
113 6422
405 9306
1056 3288
468 6748
918 3118
431 988
826 1858
391 4620
685 6113
40 4523
1087 4646
523 6844
37 7303
763 8347
27 576
1002 2346
61 3544
76 1032
1215 2596
1217 3227
897 7343
1184 5420
82 5314
1022 9005
225 8422
1399 5450
496 4725
377 4568
136 9836
278 9812
1106 6286
1107 8728
85 3799
139 8406
418 4663
185 3303
1044 6563
178 8924
1085 539
140 4953
41 4173
597 5792
609 849
1065 5316
535 3789
377 8538
1097 7602
1085 4326
1095 4989
676 5022
175 6220
438 8433
829 3922
114 9377
1308 662
580 6152
614 8412
1388 7670
1315 4906
40 3226
1107 6853
201 5994
314 690
858 1300
458 3828
149 4028
866 2886
970 2165
640 822
1320 5138
282 6017
555 722
910 3548
961 3219
993 9386
1092 8473
130 9624
162 3884
1416 4727
585 7890
817 7711
1063 87
1139 5389
1157 3908
331 8724
1357 4944
763 4870
548 6023
429 31
1170 5795
1227 596
1401 9230
174 9488
1186 6251
778 3177
1020 7456
612 5977
1071 9014
1180 3212
466 7734
962 4682
419 5093
98 510
378 3352
1488 167
279 6174
1388 4736
587 796
569 1869
323 7002
371 3941
70 5274
1320 754
1013 9942
192 2396
995 6259
1452 348
182 5186
1149 7753
1458 3192
785 3482
1338 5852
1486 6153
1314 1724
1257 64
55 1771
282 6752
199 5129
1512 833
348 3024
1308 5786
735 3992
860 6392
185 3345
334 3153
469 4726
280 9003
1323 7051
735 1904
1047 5659
1014 1196
1381 980
1384 4894
1213 2158
1501 1597
1287 6880
582 4716
946 1915
48 2314
452 6266
415 2519
27 3262
609 4764
1015 2697
1065 6128
1390 9385
964 7523
163 1352
134 4648
689 8593
1181 8159
794 5512
884 9398
1192 6789
775 2743
1476 1917
763 4273
1072 9591
1548 8919
125 3525
1066 2791
904 9506
1051 8145
285 4215
223 3701
545 3281
1267 5914
1295 3929
775 6720
985 8532
1017 8411
1283 8515
1478 1044
198 2065
1172 9523
1566 2535
183 1660
176 4501
1000 2544
1540 7145
981 5323
1156 559
1284 3956
1003 8794
976 3055
1461 9203
1440 2295
256 3656
1101 5001
1236 8735
9 2027
220 1399
198 4801
824 5305
1061 3520
307 3236
607 2904
1193 6620
751 4581
512 1992
1568 8040
102 434
245 3828
82 1199
338 9846
983 5996
92 9683
303 434
252 9167
895 7649
51 3962
220 3934
1142 7641
1168 1677
189 7494
1206 5588
726 7399
1593 6375
399 2533
383 8137
876 5582
1321 8963
179 4478
983 1615
1453 5062
119 1701
870 9834
90 8280
1150 5531
1138 2079
1575 5678
994 1891
699 3060
376 5336
652 6981
1348 6939
1143 1550
1266 6497
524 1923
13 5638
1048 954
997 4118
1503 1952
154 1311
371 4232
707 9917
894 5934
1145 5575
998 428
792 3441
1133 6935
263 7730
541 6075
842 368
204 3878
1249 3976
956 1521
1272 8935
4 9162
844 1928
36 5751
498 5162
1591 7909
1008 3906
901 6867
211 8837
354 7420
1536 5051
402 6064
549 4150
64 3946
552 5249
940 3615
1556 254
1360 8361
110 7230
1601 4213
1632 6548
4 4647
1229 1440
165 7389
748 4173
441 1853
270 4203
848 3871
1579 581
671 8508
1296 3745
753 5896
1463 4302
276 4997
1074 7441
1573 2621
813 5511
263 1185
196 12
882 5905
754 8661
1365 7534
672 2222
826 714
1389 4326
1277 1156
1568 5281
49 5483
450 4379
1090 6024
327 9716
1287 1110
572 1194
93 9248
1043 2754
1339 5797
282 9110
976 20
1667 3238
33 5396
467 4599
299 3550
1160 3784
1167 8818
1534 5380
1217 8205
1525 3609
821 2100
775 2256
923 1591
847 9642
1693 571
1229 2990
650 6173
786 2874
96 8286
1674 7022
1429 3311
1005 3573
1321 6316
1599 7761
726 2844
966 3203
847 6469
1263 1887
632 6360
318 9068
1641 32
1706 7250
763 7859
932 6414
734 856
827 8128
4 411
269 4622
106 7683
239 2865
1287 9245
599 4367
1484 5724
1376 7015
409 9459
1309 7014
1290 4075
116 6071
74 4596
1273 8317
35 327
122 5797
1670 7291
56 6013
1572 3296
326 2173
1662 1646
1303 4519
199 420
87 678
276 3732
1617 4113
1423 9176
60 2933
109 8010
423 7335
1621 1296
1231 8431
182 2485
401 7137
509 6592
586 3259
958 2986
1744 9995
431 9353
978 4993
1627 3985
848 8010
337 5067
738 833
920 6635
1290 704
1717 2646
1213 8290
1219 3117
659 8793
290 7200
580 3978
281 6880
1659 517
1638 3323
739 4391
1536 361
89 1668
939 4294
1345 9023
1569 1429
1697 4734
1142 360
467 4278
1676 5329
792 9171
555 5387
813 8514
1669 8294
202 1934
390 2966
339 8265
468 3105
147 1825
1327 3762
633 5098
498 4994
846 51
1014 6145
511 4067
1365 5435
619 4762
1822 8647
1725 6703
96 3905
263 8600
289 569
1268 8255
809 9137
1347 9432
152 3426
1614 4620
813 3292
1648 7590
1303 5667
1570 9935
463 9991
392 9814
1303 5013
1153 196
1667 8827
995 4385
1799 3160
137 2654
907 4917
109 3863
422 5289
1826 6926
686 7718
1315 2929
365 7928
283 650
217 7741
1127 803
203 3405
1347 7681
413 7321
186 5927
937 7508
457 2239
1488 6999
111 7969
189 1425
625 4646
1422 3408
321 3470
1788 2891
1256 3012
149 6530
1825 6571
1522 7550
718 5388
1193 4401
916 949
1220 2134
231 9012
97 8274
923 3897
1060 6467
1036 5525
1192 270
634 7690
1119 5791
1801 1567
1201 624
73 5367
1346 8553
1591 7778
1598 2205
1641 6640
1506 3866
1544 2173
1441 5370
52 5508
885 8329
439 2228
501 5262
263 3788
1123 5825
869 8168
544 2941
1717 4327
1499 2469
485 6226
1426 7591
373 6773
32 1073
42 1699
864 737
51 9620
1598 4343
1173 8564
1378 5356
1111 1882
624 2002
150 9869
322 337
681 4984
341 4979
1163 1663
1871 2011
755 4666
964 3549
801 9125
1309 6683
515 7430
240 2446
1529 408
7 6396
1211 6640
546 6203
239 8497
468 1946
1607 7772
699 39
1076 5017
1200 6699
319 7413
1186 8991
1265 2488
1478 5275
1538 805
543 5255
1571 2571
72 2428
724 357
1525 5827
1010 9445
1890 2772
420 4172
658 2446
1044 8723
1955 7115
1548 2516
1148 3928
1572 4646
582 4095
1350 8655
1751 5490
903 4115
124 4125
1764 5378
1267 5879
1953 4827
1208 6124
1487 6224
525 4641
617 8596
1733 1635
1838 33
1813 7775
1090 4711
813 958
1194 5709
349 9236
1483 1722
1603 7925
1499 2679
1381 8941
1677 7324
686 1706
1193 4966
1079 1790
528 4517
883 4003
1235 8904
1135 2252
118 773
1125 587
297 4918
880 5271
1136 5138
1631 2940
83 1554
754 1482
1316 9107
1507 3286
1259 2631
479 9726
343 6559
1901 8303
492 8286
516 4373
267 9126
24 2795
408 6809
1711 2192
1605 1563
1933 202
942 8100
193 7646
728 9293
242 3708
1190 8621
1491 8710
402 3945
9 3520
722 3847
1624 4095
2005 3339
1579 4298
1223 8449
739 9227
1430 2108
1310 1250
856 7146
1028 6592
386 5888
1878 451
137 8136
164 9750
1785 4342
1496 6300
646 4730
2003 8156
1280 5775
11 5012
1677 3067
1813 6859
742 5942
947 8311
288 7644
1683 6989
1372 6741
13 6803
489 1111
1977 55
1205 5217
651 9404
129 7851
616 3522
252 2886
1034 8983
2010 411
129 928
1694 953
1015 8400
777 5244
925 1002
1487 5226
1090 9356
596 6955
1750 9204
602 2127
1207 4545
811 235
1923 1829
1921 2245
1903 238
664 6740
924 9713
702 7087
1095 5763
1720 5460
1049 7049
3 586
1911 5275
1894 6044
182 736
1089 1881
703 8907
442 886
951 537
356 9033
1873 226
2029 172
1435 3761
1659 6732
1317 4084
1760 6947
1516 7394
904 7632
453 1887
2091 7397
72 8509
1356 6079
611 3439
1658 3296
988 9
1357 6092
231 1587
1863 7205
1288 2017
93 4519
1223 1265
2001 381
956 117
1923 7474
219 5843
1980 8259
31 3921
248 5917
1636 8604
1467 3284
1799 9296
868 1643
490 2653
1726 4607
1184 8411
1166 8931
337 5685
2041 7427
339 5926
237 4963
246 4589
1813 9216
1316 3273
2077 9942
1933 3330
1200 1538
1122 3160
903 6717
1794 2797
1021 3617
22 5797
1179 46
733 1198
1724 9277
2076 13
667 6827
1640 2157
1563 3606
1746 3574
1674 1716
2032 9912
782 8986
474 889
1854 1129
1001 9579
1663 1278
83 105
1217 5484
303 9300
742 5129
1712 2478
780 1772
91 9114
1633 1462
1895 2204
166 1986
985 2722
1499 5489
2137 3704
1753 7848
1591 4379
1090 7899
1895 1193
698 4380
1408 3009
217 8551
1924 5762
1474 2039
149 3806
1412 3709
1973 6603
86 305
398 8357
1016 3013
1946 6607
88 3811
285 5765
345 2198
539 4102
186 4047
275 10000
1995 714
1812 4695
630 886
324 5514
1630 8879
478 2744
634 3326
908 2224
2170 8806
663 7284
910 3184
1987 9164
462 8952
1627 2197
1504 5483
1014 9005
224 9699
1778 9244
1549 2876
1732 8540
811 8388
1889 1789
1564 134
1766 289
299 2778
1604 4944
1611 9263
1932 5891
433 4738
95 8248
2054 403
213 1521
464 7011
47 8996
367 8674
1752 8326
1125 6838
2227 7169
1254 5295
1839 3097
1120 1380
233 7074
695 2861
1353 3188
1176 8764
1187 2882
2179 9565
889 7695
1244 4596
173 4331
1723 1079
1566 9315
405 4532
1533 8275
1485 1870
1851 4485
1452 7944
1418 6246
720 9337
1378 9060
422 1104
693 7177
490 2265
1828 1080
306 1996
1178 6096
603 2023
98 8699
1350 1751
1876 1832
654 3931
1278 6644
1764 2197
445 2331
2126 5996
505 2858
1434 1181
1668 7365
1961 7557
445 2303
1065 902
495 4406
1689 1862
335 5918
1189 5994
183 9751
1487 9894
224 8008
1309 1959
2270 2700
1578 8238
501 2182
1915 7278
1071 5454
978 5090
1795 5747
2176 773
787 9260
71 5039
1446 358
98 6830
600 2060
1266 737
595 7379
1585 8398
302 7089
825 5886
1825 5014
2057 3200
1070 9125
1525 7167
1875 6304
1722 6876
1298 3208
151 2511
2278 5374
1891 8706
336 5455
1046 6035
1405 1848
1553 5382
2290 2440
804 7268
1332 8908
685 7562
151 3995
1754 6025
2234 4410
302 8324
1283 9202
1064 2232
2142 6712
65 536
2269 3883
1128 879
1387 2147
1918 7403
1819 9371
47 4202
1073 7204
2237 6846
1196 6950
1715 8742
1654 1008
1428 1427
621 7541
771 5099
929 68
195 2874
432 6834
2266 4858
2112 2095
2145 8863
40 7908
2331 8050
873 2250
842 7268
655 8965
25 1912
2125 705
1444 2797
539 7007
837 2423
154 8517
2295 9890
954 6852
1847 5024
1149 6108
2012 7729
1925 4103
1467 2635
1222 5970
637 3118
759 858
2177 8578
47 6933
2257 6912
287 6904
2165 8296
1391 1302
1464 6463
357 8980
521 5786
831 403
418 3042
1277 4531
98 7735
918 3209
1628 8044
876 5821
480 7347
2034 4
411 6599
2377 5481
2279 245
316 1971
375 9771
1724 4273
1733 4072
1883 6815
1690 9710
2087 8364
353 3489
1505 4673
2084 3624
1459 4595
1448 3542
1502 5765
765 7809
1735 3041
1822 9771
61 1948
1856 5345
292 9577
147 3250
2023 6642
1507 6763
1246 5534
984 3780
49 2483
108 4740
821 3829
2326 7774
2320 7852
1285 3078
1309 3004
909 3007
629 7052
2163 2386
77 4702
1811 8814
7 7306
1370 8344
2206 8357
683 9825
669 4198
475 5734
1899 3570
1030 6900
566 6507
1593 9006
1111 8136
904 4265
1014 1184
1567 8222
514 6114
1660 5690
492 5768
1391 3004
1131 9619
1574 2737
1696 405
942 7100
124 1948
870 3862
86 3756
338 5237
1864 9340
1293 2503
1370 1115
819 2247
968 6981
898 7935
630 6853
384 4768
1937 3109
1154 1923
139 5478
876 5089
2072 6470
1698 2840
1216 5218
473 4245
2141 4765
2030 7793
707 1471
2006 7799
519 3280
1919 6361
1597 969
887 3538
597 6537
532 9578
97 1247
1440 167
2286 2481
2413 6361
1288 7586
1817 728
1370 195
1393 6132
720 7567
2416 3802
1074 1020
1640 4667
1179 1921
1919 461
280 6294
2282 8919
660 4364
2328 5910
141 2253
208 1485
1931 4891
7 5776
2010 2419
2409 2211
2125 3450
1829 9149
434 4004
612 9476
777 4053
342 7392
298 6317
967 8462
751 676
1970 3720
377 561
519 639
321 4519
469 8524
118 5506
609 9361
892 5706
1129 6108
936 7580
257 2106
2400 589
748 9745
2105 4695
55 478
1367 467
2063 2798
1204 7107
1584 8106
1896 8261
2397 5488
527 7640
1919 7909
2349 5139
1636 6738
1790 4155
56 8266
2020 6088
298 6948
1642 7315
462 5140
1166 618
1807 8148
180 7625
1966 6317
862 1997
2499 551
1960 7310
1965 8496
2058 9648
686 7105
1775 6266
2164 5346
654 4977
1895 6565
2474 1889
1360 5618
595 3210
719 4743
578 4836
2092 4930
1368 6712
1676 8013
2103 670
521 8755
240 560
26 2952
2448 5458
2151 1351
1818 3014
1438 149
1166 2245
1493 3637
760 5848
53 1934
439 6947
1740 7701
844 1124
772 3942
2505 1240
2578 1446
1897 5143
1880 922
1133 7147
758 728
1673 8206
1196 171
2368 9425
2375 9069
2549 4147
545 5582
1051 5386
2282 5367
1332 7801
2071 8540
2316 7294
1008 1740
2588 137
797 8514
2486 8262
1952 4679
1546 4544
432 881
4 5717
1405 6480
500 3866
2476 7901
2164 456
636 6758
1819 5827
2127 6000
1994 1123
1730 604
2058 1258
1468 9035
291 9554
1670 7355
541 8948
2605 5567
1446 4091
2124 273
172 4050
1855 9168
2151 2142
1247 8212
2223 9301
1685 9576
851 9992
1129 9939
43 8121
988 4117
34 2481
1282 126
1339 7536
1203 3439
387 4329
2313 8536
770 477
1116 7159
299 5729
857 3276
1053 4111
284 5894
399 5340
369 2144
963 5844
2531 7882
1358 2512
1563 521
2218 1817
388 9941
2565 8955
2377 9188
2038 3023
240 683
1189 4471
1546 5445
1666 5925
369 9411
599 8692
2424 2051
324 2351
450 1893
1919 5532
695 3585
2174 5676
580 7601
502 1650
1528 7238
2126 754
500 3314
2002 8598
680 9615
568 2966
2504 8688
1891 7124
288 7608
500 4358
1767 9018
264 6039
954 6650
534 1026
1283 3529
1791 7570
226 4929
2159 9427
1245 5985
1388 5453
1611 9152
63 9214
298 1005
2359 5248
2069 4537
1978 3098
1979 9447
2574 8415
91 1470
2627 4085
1990 3726
703 3028
1755 6439
997 765
1445 1302
310 2283
1829 1860
530 176
1748 2223
1635 6501
1818 4650
1600 128
1735 1745
2584 4790
1415 5621
496 395
68 8833
2373 9307
2641 9415
2699 2106
2679 2175
1299 7364
2045 3081
976 4156
115 9545
117 1120
2572 1400
823 4558
1672 7219
2716 4162
1519 612
108 5142
421 9146
391 2444
170 8812
1290 419
1646 8924
2170 261
1139 2077
138 3922
1683 8798
2704 3359
902 7556
1393 9289
97 1703
2685 6123
1933 4924
879 3358
2167 1227
2117 1283
307 5946
1238 4661
1189 7783
743 5119
2449 8959
2061 1163
1681 9192
351 495
1841 3975
150 5985
1959 1630
614 6970
2386 9403
111 2260
459 2413
377 2828
163 2844
2074 1069
998 9100
1762 2824
1730 9832
2668 9499
1023 4606
2106 3929
288 7095
2257 6582
887 627
2746 6900
1338 8433
1400 4989
2438 415
1239 1347
1457 6516
2642 8694
1334 3851
1060 4579
1320 5776
2179 6941
542 2782
2653 207
541 8465
2176 5644
2531 6689
1053 9211
1907 3401
1089 1681
653 3981
1106 7327
1105 6627
1272 4694
1563 801
474 7238
2328 6738
1791 1603
83 2109
1558 7343
1256 2074
1318 2546
1555 4557
1619 6363
2505 6383
1417 2775
1465 1051
2025 6758
701 9536
788 4096
1364 6061
1142 6848
707 8517
2550 193
2377 4878
2814 1273
164 1848
1148 378
1321 6629
2368 5321
861 8674
1634 9831
1714 4469
1690 9428
1569 975
2337 9933
1790 438
206 5248
1852 5009
1955 2207
1935 2493
862 1030
2577 5816
1512 3835
46 5565
902 9420
2060 7327
443 9668
1082 4825
1088 2769
1044 7587
2823 6013
1327 1232
1018 4807
2430 5365
1130 9345
2035 1119
1575 9069
440 2930
28 4650
247 7521
1277 1637
423 7012
966 910
1289 6250
2344 3076
1224 2327
1130 1922
2007 9781
290 6756
1204 972
2689 1645
725 6107
2650 8777
254 2625
1007 3392
2626 3469
2208 6032
851 5016
1573 5321
719 4201
2111 6957
2050 2819
733 8166
2177 760
991 2614
220 1875
2614 4433
977 1554
2875 5889
676 6473
1855 9149
578 4113
1023 7679
2009 9966
2401 4005
929 3304
2755 8795
2757 4036
152 2971
2357 8556
2716 8018
84 3683
1043 2120
1470 3695
1217 9402
1401 1242
1884 4131
1852 2601
2747 7263
1513 3916
2061 2818
963 9989
972 8781
1135 3405
1877 1496
1266 2697
589 5738
908 1952
1398 5217
716 3634
2491 209
175 2587
1442 6726
1442 4527
991 9576
637 6630
2250 6296
645 1288
1476 7903
1708 9475
942 9260
1294 6006
383 1414
1766 4885
1998 1939
179 9813
1906 6224
170 9276
2100 8377
201 6313
1045 4510
1427 6892
2246 9258
1075 8353
1069 1161
1031 2448
1941 2275
1622 4233
689 9186
844 359
1416 2793
1120 498
1088 7474
1764 2957
2063 6189
1918 711
1977 302
457 4164
2836 703
1950 8296
1898 1771
2192 7336
1077 6015
1564 8642
1622 4204
2534 716
1516 9822
1652 8582
1912 555
1505 5621
106 1995
69 1868
1066 7317
1668 9954
324 8692
137 6023
857 8959
2063 2610
2180 6746
194 1422
1736 6183
965 498
2816 5966
2815 7933
1551 1870
1578 6215
1800 9386
239 9173
1139 4732
2649 3003
2534 7225
695 1919
1945 3617
1557 4283
2258 9985
511 8462
2936 9679
2666 322
1983 6771
243 8418
89 4242
1941 8617
2606 2883
1996 6221
2519 4136
416 2073
444 8351
2314 28
2085 9541
2133 6925
1293 9283
779 6286
1820 3235
1673 168
813 8832
556 9848
394 5111
2078 4727
2788 1994
1265 4469
833 3248
1861 9513
614 948
407 1198
936 2507
242 1831
2448 3423
1738 6969
2669 808
2966 9898
1274 7413
2421 6273
946 1520
1903 8718
2742 3583
2319 8314
2782 2520
1329 2934
1022 1140
1518 8941
1133 6375
2398 9057
1943 3829
1330 4625
1598 3696
1078 6332
1569 696
608 3872
1445 7924
467 638
2797 5195
1364 2566
1100 1874
1070 3482
1442 6885
2521 8239
252 2568
269 1551
1304 4908
2203 4948
303 5343
1860 6630
55 1973
38 4148
1429 760
1522 6962
203 511
422 9216
1646 9480
26 668
2271 8279
1588 9247
637 6521
1511 5488
755 1019
2287 5344
2531 6692
2557 9853
1067 5867
933 1643
374 9316
2037 8164
2608 5006
1340 5847
175 2701
2926 1417
2157 2622
803 1619
2657 5214
2634 169
2778 3884
831 350
548 587
280 6340
492 2653
1921 3671
2696 2710
1911 1765
1051 2133
2164 3007
393 345
2872 3001
2790 9414
1979 3842
242 132
132 3587
1040 9795
1264 5571
83 3558
1669 9463
173 537
253 8791
1115 381
2383 4308
1627 6586
2789 6757
2096 1624
2946 1145
1294 5547
1553 8246
2404 7386
2102 4894
1586 6838
1778 9802
1116 3138
275 3887
3043 1937
2234 2012
1142 5802
1544 8990
3042 7784
436 6102
2269 3913
2050 9387
1743 5964
2256 6251
2134 120
209 5336
493 1582
1001 9813
1374 7803
90 6613
123 9132
569 3900
320 2059
1795 7694
2852 5667
2064 8098
2464 4570
603 6015
2938 7379
1072 8620
126 2786
244 8800
2589 7667
2563 1609
2410 3703
2981 3789
706 2961
228 6318
1575 9740
53 6744
3149 4031
1097 7910
1650 4263
377 8633
363 5148
1530 2060
2048 9294
2289 3488
1632 5582
3092 4575
271 2390
1790 2475
2507 5336
65 7802
2248 2800
2448 6071
1346 1637
1814 9086
514 888
317 3224
1038 2664
705 8255
202 6270
2060 1153
2835 3664
1813 5646
1169 8654
2087 2821
1331 4855
1577 2771
1268 7801
590 7265
2854 2055
2675 4175
839 5231
3024 2170
997 5622
2286 9501
2735 147
668 5361
1343 2441
820 7517
3133 6971
3127 9709
529 7470
655 8714
1963 2968
2890 5690
2005 7227
3177 3179
1419 5063
1475 7409
742 8534
92 3190
633 1106
67 3355
1653 6972
1684 1789
1810 985
69 3926
581 2392
1078 9447
2601 1080
1239 7374
1812 7404
1408 4949
2137 4973
3040 1935
2795 7011
75 7727
2348 7580
1784 3736
2925 8616
1018 8236
1231 3049
1891 6346
2930 4489
499 8350
900 4370
355 7700
2421 1093
2884 314
1009 8392
1252 8499
215 9828
1233 2319
539 3956
1184 7276
368 1050
2146 9307
1448 2599
979 7680
352 5429
1658 4258
2960 2147
46 4295
1219 2081
630 1368
849 4987
2829 5975
911 8728
2340 9452
1249 548
2048 3700
2300 3846
2726 6904
359 3761
82 5599
2779 7436
2701 8159
1651 1893
586 5594
1369 8389
1980 7103
2946 5182
777 4003
2015 6741
2213 7871
1987 4340
861 1094
2677 3070
2072 1021
3 7769
2562 9691
2703 6776
906 9152
514 6079
353 1036
672 4903
234 1181
664 9122
2175 8863
2526 8356
865 5528
283 3855
348 7627
2185 9858
655 4094
132 2338
1941 5188
3006 6536
2261 706
523 352
3280 3426
2160 881
953 7502
1179 4281
3033 1234
1479 2612
1298 695
2470 5464
1565 512
981 9903
978 8040
2299 6717
3101 1248
1101 6566
3117 8219
1252 9971
1877 2845
2617 5382
1572 7448
2275 9658
2140 8815
2291 2530
787 3550
3267 3252
3200 9957
2759 7036
2208 6509
1016 6872
1224 7279
2264 7801
84 3570
1262 6775
634 9915
1468 6302
3321 9131
110 2265
2851 9505
29 234
243 4350
2824 7612
1860 8439
1511 6600
2415 2532
1838 3199
1150 4179
451 9871
687 2626
1458 4177
1285 9634
1577 7190
1921 7389
2726 2458
1440 6429
613 1413
923 3475
2026 6148
2152 6546
2915 4488
1203 7092
3223 3714
1456 6275
3186 5555
2823 3619
1217 2454
2706 3301
3334 7689
218 3563
1766 3818
638 6026
1674 1320
2826 4421
690 9123
1500 187
726 805
1245 2695
1462 9387
2827 52
738 4942
881 6382
2200 7455
955 7896
2174 9155
1453 5011
1050 4501
119 7353
642 7822
3041 708
2608 5414
1809 3076
39 237
1771 8019
2076 9800
1517 2718
2030 8422
1920 1620
2700 8623
2180 1383
1408 4141
1274 4677
1405 7258
2435 5687
3180 9404
2491 9206
1852 2615
137 2817
1981 3656
3322 3499
212 6379
592 9985
1787 4106
1699 4114
363 6427
2941 2271
1351 7980
895 4591
361 9458
2275 5828
698 199
2028 4919
2281 6134
1658 6355
752 3442
509 6938
2929 2741
1547 3517
3307 2718
1731 2313
3122 4428
2802 4317
1909 5515
2247 6911
1232 7093
1402 6300
1050 3516
3244 3459
2492 1482
1612 7317
670 9649
1917 1255
1336 9304
114 1781
1710 2929
2831 7526
40 8969
1252 3147
1088 1681
546 7465
459 9313
2619 9640
739 8981
1135 9642
2437 2553
1956 5708
3445 8917
1344 5642
2154 5873
2875 4729
2434 9456
2794 4659
2183 6587
2967 8101
991 5333
1209 5888
357 9923
1526 2571
1616 9388
1435 407
1658 4193
635 9653
929 6982
3193 3574
476 4282
1707 3239
954 5103
797 5408
1559 4500
1927 2329
3362 4182
388 3096
3364 3814
1439 6015
717 8023
853 6454
205 7882
274 2048
318 4884
544 2743
2202 9364
156 758
1842 1069
3200 2521
734 6836
1244 5540
671 1568
2902 5953
1446 4526
1236 1074
1763 4457
3415 7495
794 621
1976 2100
598 4624
642 4657
1508 9848
1928 7418
14 8779
2637 4651
1049 2558
1698 2885
3431 8163
2936 7686
843 8703
2226 3708
90 6969
481 6761
1507 5162
3328 9702
934 1665
1200 3730
3051 7987
2410 9048
2922 3920
487 7099
649 1827
650 4484
3153 9734
741 8714
2268 4302
3041 430
2601 8010
122 942
3454 9793
331 9004
1121 9241
28 2069
3256 1174
2112 9775
2716 724
368 6459
2084 176
2523 9141
3399 6848
3155 3067
2974 8029
1315 4210
2113 8239
624 1614
1183 9026
137 3544
2829 3886
1296 9438
2577 2995
3111 1277
2846 8111
1746 7746
324 1581
64 5411
1298 7791
1879 4695
2371 6569
394 4503
3258 2882
1444 1058
2822 8585
3416 6602
623 958
2032 9405
132 7690
1392 8228
2772 534
3133 1327
3214 3786
2600 7377
3422 2538
1257 1026
1883 5148
3465 5823
393 4409
2682 2438
2590 320
3053 8022
1453 5908
1985 6994
1283 6007
1406 2977
3275 7147
520 448
900 6828
843 9107
3055 8267
649 160
3226 2181
3573 9985
2880 5310
3246 5969
1398 888
456 1070
1364 8625
3262 5590
1916 9717
1163 1602
3329 9367
2525 7068
1526 3329
745 7653
1606 800
869 5798
2100 6761
97 9615
2342 6947
3564 4859
1448 603
2382 8868
3388 5629
2219 592
358 6114
1759 3405
1491 3423
1157 2625
1751 8243
355 9469
3526 5321
3070 2177
55 4788
152 6317
1597 3960
1889 418
823 390
2694 786
16 1411
136 7932
104 393
2839 5761
1722 6376
1485 3617
3525 2802
44 8292
2576 9060
1774 2577
2935 2031
1083 9257
948 6530
3095 5009
2165 9423
2567 6908
1893 7315
1159 6336
3099 8805
2971 3925
3006 7633
2969 9878
2015 1001
74 6380
2247 4860
2355 8567
1939 6745
1014 9996
3410 3905
2229 6229
2550 9109
1210 5055
803 8490
2493 7904
402 6359
195 1796
115 5557
254 7687
347 193
849 9892
3240 5817
2404 209
1699 6393
3623 5763
453 4294
3102 9524
1259 8559
2519 171
2839 8631
3576 231
2293 8991
2453 1467
2287 5107
2759 1341
1695 3885
932 9362
2456 8154
3100 8494
283 6135
2614 8758
1682 8343
1562 1218
1936 9514
2301 2742
2469 928
3005 3934
1427 4670
1611 299
1447 4164
1414 3949
1910 9016
3114 3938
3500 9096
657 3315
2464 4000
1076 8878
2196 4105
2129 4983
304 4629
3441 8181
1628 3562
451 7214
3663 7550
842 7759
1048 1200
2468 6795
532 8005
2322 9652
1254 1500
3514 7667
3435 2413
123 2998
974 7347
1151 2201
1356 2388
1796 5756
3390 1039
83 2088
2528 4699
3505 564
959 2021
1965 4894
3248 6681
1473 7340
3181 5882
648 6357
2118 5706
1283 8024
3282 3315
651 9770
1943 211
1058 4623
3454 6977
970 7484
2205 5553
3408 3852
3647 2958
1372 3836
1542 141
2565 9517
1348 4414
3337 1062
472 7609
26 2590
465 5736
19 8757
30 1653
2601 9611
607 3477
3272 4445
1638 8026
3466 6840
808 53
1711 3195
1748 1516
851 7289
2335 3995
1164 6916
1542 7357
983 6444
608 452
2821 4209
2477 6896
1094 3479
2401 83
530 5433
1014 1938
362 2410
1543 4719
2221 5576
1887 7418
2058 1052
1472 1468
1179 1843
473 6811
2168 3905
3480 5603
3480 6345
3592 458
3142 4657
3052 6835
1694 383
3347 4136
1156 6157
1222 4523
1148 7918
3674 6510
770 8561
2579 6139
1621 3265
2503 7296
1912 2386
3342 838
1160 93
1421 2314
3190 8894
2051 9803
3373 7456
1585 1388
3033 797
3318 5935
1001 9021
1436 3716
1217 6918
3172 2152
678 4701
556 4285
1781 6829
2236 7342
1193 2607
142 7732
3432 9938
1053 1085
220 7071
2212 6671
1830 5001
2548 23
3721 4764
2356 1733
2530 5651
565 7693
875 2684
183 8533
3309 5311
2451 2239
2500 9908
3207 8071
2430 2360
1157 3782
3510 8251
1067 6666
2493 393
3307 1332
2165 9092
2172 7373
3440 8914
998 8326
31 3330
1750 5083
2543 1277
1415 364
880 9804
3709 3147
3796 5973
2185 5736
1668 4496
2794 3734
2996 5129
2814 9479
2204 7073
3374 5119
2152 3203
3624 3397
1679 5605
1701 992
2882 3924
3264 7874
3364 1591
1363 9681
1019 8449
3385 3490
2056 9461
942 7298
2371 6667
347 8304
12 6669
450 9628
1361 368
116 2827
3325 2853
3796 7663
3861 8440
1373 6283
1169 7581
813 5246
398 4904
2863 4303
834 8374
2876 5798
2738 8284
914 2304
2818 8737
1723 988
1171 2120
3293 8156
2097 4623
312 6432
526 4831
176 6184
645 5360
707 1932
3567 7799
2873 4995
952 9194
3671 9964
1224 6654
3812 3407
2553 9265
562 9712
2128 6593
3461 6930
326 2455
1273 8305
512 578
1202 7524
611 4295
402 6068
2717 652
1508 2652
1955 9093
3529 1301
1841 2907
326 3572
2840 7643
556 4952
1673 4159
716 5338
3600 5579
2876 1719
2069 8491
3545 6601
1106 320
3455 7106
2729 6159
1731 3757
384 3429
2298 9630
496 5531
674 4489
1887 6243
1692 637
1424 4683
3878 2085
975 2666
1238 2745
2960 398
2750 7082
2196 1800
934 6090
954 7399
3516 7518
3649 1938
1668 7016
3223 5436
3946 3584
259 6997
1536 210
913 617
2986 3086
2316 8444
3864 8195
3638 9759
2916 2325
88 5521
1097 2065
3899 897
935 1144
3392 4597
3163 1500
1015 3382
2303 8814
1778 8238
1000 8751
3692 684
825 2707
2314 5284
3327 7805
902 3688
2513 9436
475 5000
3586 3762
3229 117
2424 5718
1786 6610
2236 2339
3164 7298
1042 5147
329 6814
3334 6466
2986 9549
1101 8616
417 3703
3705 5650
2366 7552
1779 7721
3673 5993
3961 4609
2693 6347
3975 7823
3815 8888
60 2585
1581 352
736 4411
1498 820
3836 297
2221 2547
378 6254
2240 5751
1153 7378
739 6956
1366 3059
2243 935
770 8999
1656 3556
543 3865
203 3180
3062 4696
1859 2989
1321 1606
724 7647
1586 4597
654 9958
1477 9002
3596 8304
2459 8783
1191 1998
1998 2170
442 6530
2903 3072
2784 4942
2459 464
3611 284
518 3208
3789 8441
2996 7705
147 5588
3156 8979
3747 7879
2085 6666
277 5192
4004 956
2859 3169
3169 7108
635 1292
1347 170
2191 6953
3957 1949
2733 7079
2168 5097
1355 3194
2565 7535
1025 7751
2090 6784
3220 5635
585 6682
1308 8397
709 6278
1686 903
3368 8922
244 129
1243 1458
3971 6449
188 2763
3594 5969
2114 9816
2645 1898
1708 3959
1103 721
2630 6719
1807 3120
741 4461
703 3678
2816 3900
3629 6267
210 7324
222 2426
3778 434
1827 6654
3248 6812
3205 5547
395 6565
2709 4435
346 1468
2436 9426
489 9455
2166 2377
1952 3696
3083 1539
49 6865
2511 3767
1683 9845
3181 3845
1177 6930
965 8609
2229 9233
2659 8952
2281 6729
3163 8012
3498 7956
847 2314
862 9955
2736 6686
451 2385
4078 4608
384 4564
3568 6491
3001 5749
995 9339
784 5679
3931 5281
1221 7121
1148 1105
3436 828
1326 5804
850 3407
1842 3952
2882 6980
3759 9617
1005 9126
930 8042
282 4247
4014 1652
118 5554
772 8132
2887 5329
664 3245
66 4794
105 3504
1176 9130
792 243
2162 2359
781 3925
497 4492
1111 9188
1535 2738
2429 4627
579 2180
3355 4863
2757 6195
2228 5009
3408 9076
1123 853
2334 4108
2783 7986
3886 5051
15 6042
189 2966
2147 6285
1340 7383
2549 1961
3347 235
183 9545
3072 2577
710 8450
2082 4530
1958 6925
1433 4505
3808 9402
3381 5373
3641 2221
432 2087
1505 3728
1839 6721
595 1058
125 5726
1006 5019
2507 5024
3753 4256
4091 2506
2310 7537
153 326
1808 6248
2625 623
3520 8128
514 4143
2116 3320
221 9406
2331 4075
2223 5465
4069 8108
929 6809
1167 595
586 9871
2967 7448
1717 5284
254 4418
4048 7059
3867 6280
320 6537
3336 2980
2899 7669
2822 3553
565 1837
3938 5121
2196 17
3327 8152
3462 5605
2028 7487
1485 8412
3118 5649
412 8548
675 7672
3493 8998
1184 8964
3526 7874
2622 3568
4031 2941
1453 4799
2178 2929
1684 3837
3234 1592
3978 2971
806 1295
1655 1255
818 5237
2301 2817
745 709
3001 2114
3345 9481
1599 8950
1298 4854
146 9943
1229 9265
1938 2654
2787 1012
1846 3138
2372 9629
773 5738
2130 1267
839 20
3686 9547
1061 7118
4085 78
213 5544
1978 6297
691 3330
2825 694
4042 7253
2068 7360
1672 3521
2178 9133
1331 2583
3082 9154
453 9423
2245 3670
3672 4002
468 9652
3560 4845
675 56
1204 8572
2490 9064
2737 7184
3486 8414
36 9768
2817 6401
209 8618
2926 3367
2737 1641
2643 8744
2604 6016
3884 6591
253 1150
1967 7236
4119 7089
321 7939
2764 770
4087 8461
1904 5385
2885 2475
441 2213
302 4687
1542 7660
3431 2491
3506 1
321 1439
2494 9765
181 8596
76 9604
2145 8739
4211 8680
2987 4878
4169 1703
3646 9565
3012 3960
544 6100
2511 8079
2178 7225
867 1176
2299 622
1701 2843
1894 623
717 1949
2144 1737
2331 4618
3959 8321
3108 9126
2582 4412
2271 323
904 2044
2598 2727
2764 1705
3500 3562
3152 1753
4000 5517
2087 8321
2679 1916
1134 8960
3283 9012
3201 5314
3009 5203
1171 4574
1619 3340
2982 4905
2733 9350
3539 5901
2512 5625
1847 2690
4121 4184
406 8253
1237 8879
1037 2255
1518 6664
2183 2507
278 6363
1804 3784
196 8087
46 4511
1120 4329
3119 1985
4155 9606
1000 8363
1406 3538
960 7150
3984 7893
4097 7276
92 9952
3175 711
1038 7656
3038 8180
1219 5580
3048 7617
1886 1353
2626 980
3851 8645
1215 8952
135 1131
1506 9100
3128 8168
4063 4971
1058 4373
429 4137
1556 8180
1265 3712
1537 7727
3677 462
1866 7776
2337 6935
2971 1675
980 9757
518 4389
1248 9787
3342 385
3796 2090
444 4028
4002 669
4339 856
2693 9899
2045 4662
2890 4656
1578 5697
3999 7602
1153 8293
1833 5882
2937 3797
2585 3493
2499 4721
3716 2554
153 4754
2881 598
1769 1040
1417 6500
1340 189
3356 9142
729 2992
3276 2084
1007 3194
4168 5093
1597 8759
3260 267
2017 9678
2875 6319
1783 4441
2649 7566
3675 5560
2525 5506
1968 7981
2848 2562
3936 556
3266 4395
3853 9678
773 7058
4227 9600
2632 5789
3684 3809
385 1740
4014 1388
3776 853
4262 9213
220 5756
705 7894
2387 5442
2223 4151
4348 1630
2719 3483
3439 4100
3923 4568
24 5551
670 9152
1492 9433
153 8838
3565 1213
4207 1408
1595 5320
1609 3570
1316 1647
809 2812
1297 1944
1903 7974
3513 8990
2226 2928
3132 6596
7 2103
4018 9100
4213 507
436 9812
729 3768
843 1181
393 4327
2118 5178
1131 1320
3620 7531
2066 9454
1485 1588
2366 8555
4079 797
4135 2190
4391 1827
1148 2615
2178 3747
1048 5493
752 4589
1979 5035
4358 4656
1993 2627
2932 1841
3058 239
1550 4882
554 6969
1217 3325
4153 4787
828 9211
2965 9413
3253 2367
1291 163
642 2898
4006 1843
3527 7853
669 4701
1496 3704
3838 4130
2235 6735
3953 6960
3584 384
840 8204
2899 9287
394 914
3834 6749
4224 140
1505 7463
2234 3702
4146 5600
2132 8361
3219 2318
3347 1229
3444 6890
3112 8095
4314 1285
3567 5087
442 3817
4436 2330
2173 1914
1617 5493
784 8393
2874 3123
2050 2940
1485 7764
1637 6690
2825 1689
1404 717
292 125
1768 2625
4305 447
1874 3293
2019 3925
2463 5957
696 2770
3826 5205
3672 9436
3973 1154
1346 7789
1473 7688
1117 7742
1295 612
1516 1324
4030 9429
4327 2156
4243 5017
3658 3889
501 1392
645 5523
3706 7940
2158 9365
1681 6373
2383 3002
3641 92
1452 9332
263 5560
2449 9275
2933 2411
3172 5623
2292 5265
1491 9610
3357 2258
3599 8839
1386 7974
3458 1592
1531 1667
3784 2828
3541 6062
1920 3377
327 6516
1240 9904
4438 8766
960 4298
1722 1198
1718 7029
4410 4933
1485 6735
4276 4820
535 1882
3736 7042
2222 2939
2710 8004
498 4077
3257 1661
4478 5765
3598 8899
2459 8122
2194 1784
1840 7276
930 9931
4193 2935
4303 1569
357 1570
3901 7899
1716 3684
223 7577
130 9451
4478 8241
2035 5364
102 1985
3504 6386
478 7461
3316 4247
2452 5766
1967 5686
2496 283
1409 5806
1793 1196
3411 6681
111 231
2369 9649
1601 4528
3209 5898
916 8966
688 1188
1903 7198
1356 4196
933 8000
4251 3386
1389 5072
171 139
727 7997
1699 9694
1691 8706
1896 9945
547 6356
586 8583
3538 3418
771 6063
841 9140
1000 9632
4247 5046
672 9433
659 74
3793 9179
2768 8173
3351 527
2151 1526
799 4024
2525 2850
1816 7779
1020 419
2346 6287
3793 6333
2307 4705
3340 4680
1313 3620
1329 8252
1149 8620
1884 5951
1514 4126
1223 3657
1564 4077
3641 8333
3139 5341
3400 3793
2557 1535
4625 9164
3976 4773
2441 2898
2813 1208
3028 785
769 8181
4265 8015
950 3720
2497 4051
586 7880
4271 5320
1653 5536
3662 4874
62 8677
3767 3516
4207 4256
933 5603
1939 7428
97 6643
210 9909
3284 1637
319 5946
4098 5096
3791 8254
3576 5648
523 8613
104 8590
241 311
1237 771
3830 6437
613 4615
3993 8874
3753 7046
1937 9912
1347 3241
1714 6345
4123 922
4191 2178
4439 1402
3242 8251
1864 2004
1577 3454
2090 7528
3149 3929
2968 1838
2834 9123
1079 824
3904 7403
4641 5831
2054 8982
4521 5900
638 9881
3106 4425
983 7082
2245 8541
524 6848
2326 5884
3246 977
4082 2925
244 1727
2792 7768
857 2063
4540 6663
390 4203
3357 2622
1465 3167
1125 1629
1621 9670
1744 9587
3780 7459
2079 959
3167 3397
878 9607
1265 6276
3028 3014
1479 6199
134 8747
3198 7834
1950 4126
870 5096
914 5734
1908 4892
4327 7462
1277 9458
4296 8316
2993 9784
1260 8144
386 7202
4298 9681
4522 2572
3154 8998
3524 5212
3127 9140
1281 1142
760 2353
2177 505
2428 8712
3491 8958
645 8811
4035 9269
2497 5276
81 9667
2927 1281
4189 6211
3285 4592
3118 1348
4417 5371
1634 3546
3015 4248
697 2194
4207 4450
2511 9860
4052 2077
4379 5509
471 7138
599 9141
2844 711
3471 2228
4409 6994
3858 4783
3581 4244
2151 5091
1715 8252
1550 518
882 5916
831 5213
4437 540
4234 1638
2921 4763
4197 3659
4425 6775
1244 5915
2522 8340
280 2871
104 5534
1840 4923
998 4855
2741 8111
4616 7205
4366 8082
720 5529
4488 4446
1313 7555
349 1045
2467 1826
1871 5492
750 7140
1637 4937
4619 6032
3221 154
715 4334
3107 5335
3560 8371
221 6710
59 2325
3018 4549
3479 772
2332 5047
2930 3981
53 6332
2892 9848
3480 6421
3041 4853
848 9151
1104 6665
3616 6531
3115 8143
4543 1323
1070 9675
3743 6823
3394 162
2135 5104
600 6978
784 6558
685 2346
1992 9018
903 1071
4282 799
2181 7808
3840 4004
2325 5790
2477 7716
4253 9546
3133 3093
4764 3343
3522 4734
1837 3243
3164 8963
2990 2992
642 6530
3457 2035
139 1982
1689 9895
4274 2173
3204 4715
2485 89
2661 8473
826 4374
2661 7511
646 1993
1356 8210
3902 6533
4510 2324
3307 8437
4197 70
724 3344
4439 1866
1049 329
4011 2534
3177 7090
1558 3249
2762 9711
2477 996
2719 6185
3814 4294
4773 12
2341 3026
4692 452
3329 8985
3126 1177
3903 7986
4696 3242
3918 9767
599 998
3825 4195
934 810
1831 8774
20 5119
1585 2846
318 2493
1238 3028
258 9798
3772 3851
1220 6184
1318 5233
1341 4692
2951 1159
1784 8701
4808 1699
2414 946
3097 2129
1426 8272
2331 449
496 5729
2461 8901
22 9722
1084 1070
1259 6138
2366 8126
4132 2410
2988 6732
4035 8435
995 2282
1941 231
1384 1021
2041 7659
4542 2529
1460 2262
4004 6880
3222 8013
595 6341
3858 7794
457 2494
3135 362
4409 3753
725 1970
1692 4896
752 272
2425 7732
2312 5051
3590 5134
375 5694
252 2031
102 3852
2030 6383
297 2085
179 7332
2532 1033
159 6569
165 2482
4771 7865
1283 9459
458 2646
998 5706
1998 2009
2798 2877
3277 4467
1685 9848
3759 6732
1714 6978
532 8699
2950 5402
897 9110
1189 8554
3037 5977
3899 6582
478 7925
1582 2506
4879 6476
922 5212
1582 1437
363 1279
3214 2384
892 734
2136 2885
859 8450
1374 5388
692 7123
1230 5073
3310 4080
3021 8134
1674 1121
4593 1217
1445 5881
244 4379
3591 2877
1119 2252
4480 7934
4338 6804
2769 2819
4547 7478
3804 3410
2666 152
1561 5586
1960 1480
3134 8104
493 1412
4823 6981
4912 6131
402 4107
237 5121
521 9453
4457 4095
4893 3143
4933 5094
1939 317
1704 6945
1523 224
3829 7532
249 200
1602 4412
4244 4233
4241 2786
1951 240
3059 7179
197 9147
3185 2209
487 9847
2037 7073
1305 9817
3775 9284
3960 315
1872 7287
1308 8256
4615 4957
2902 3327
1711 4547
1357 4459
4277 1480
2834 808
4520 2361
261 8423
4008 7231
4718 3736
1514 8663
3208 6064
3788 8972
2923 9789
4006 9224
4114 5210
1741 389
3309 5533
2982 4162
3956 2907
347 7875
2714 5164
3616 930
3974 1771
1368 8786
3188 8902
3050 7571
4538 3817
1811 801
3498 9096
637 270
2577 9291
4424 3442
647 9373
16 2060
2685 2321
1 7207
2814 4891
712 4342
1366 8627
4455 8266
4016 9092
217 5695
2706 8597
2115 3877
3556 4331
3994 7890
135 3530
3366 4001
1672 7185
2453 1040
1005 2328
3479 8154
2304 7597
4740 1720
2078 5954
3798 8777
4859 5561
2802 6958
3275 1893
1404 7494
919 8824
3781 8241
2436 308
4337 6689
752 7514
3587 7176
4865 5681
4620 9586
4999 5139
784 1489
3175 2632
209 9494
1123 3335
4503 5634
3079 8491
2773 6912
1649 7418
2282 6034
254 9724
2616 491
1159 575
1397 8787
3362 5998
3079 1411
559 7876
3768 151
2942 1515
1965 2869
3538 895
477 6249
1947 9202
4017 4664
3079 8646
773 621
4977 467
1109 5752
1882 6945
1072 5817
4349 8403
3036 2753
4438 268
725 501
301 4951
795 3451
948 297
500 6537
1439 8597
4070 5160
4411 7287
1579 7216
938 4258
3173 2707
4869 2821
1486 1011
4835 9420
1124 6245
1170 554
209 5279
3483 1225
1249 9431
2961 1128
4292 4142
4022 7010
4057 6501
4196 8753
3139 8837
3077 5926
1856 9142
4131 2771
2079 8449
161 7351
1946 9223
1016 8221
4162 1094
168 4834
3047 6037
3153 2226
4948 5675
4367 9235
2840 3714
3326 8361
4395 5978
3788 6563
1582 7947
148 6626
4041 8924
4213 2984
745 6961
865 1794
2417 5556
4043 7936
4738 9925
3178 6565
3040 7507
3966 8258
3739 5784
218 166
3771 9940
4305 7933
854 8592
5012 6988
2661 2017
2427 46
2760 6261
4687 7987
4129 3885
4436 9618
2178 417
3869 8251
246 2045
625 1441
779 8108
744 9422
4604 214
4644 3002
4919 9125
4456 7285
2567 51
693 666
5061 6468
3925 1573
2873 4998
3421 2780
4770 5957
3027 3894
544 2285
2716 3326
19 6325
1323 3846
1929 8121
1324 9615
2149 6155
4903 1726
4860 2087
307 5876
3978 2659
1045 2023
859 1979
993 7139
4382 6080
1142 159
217 4326
306 3945
2700 8001
447 8205
4222 4672
2210 2025
167 7002
1830 9182
3984 7089
1107 7491
1731 2020
2901 2841
4376 5863
4552 9773
433 5952
1743 1087
280 2177
2016 7660
3143 2909
92 2126
4794 1005
1082 4805
5120 5358
3988 4631
476 5058
409 8369
3205 9878
2180 215
3256 2744
481 5321
2820 1860
4474 1206
404 8856
934 1377
4387 9191
3255 1624
1361 2747
891 2468
4136 5556
2481 2414
563 3242
2912 2931
3229 4946
4818 5209
3596 8179
710 6342
3518 9348
1879 1761
4086 9491
4899 2467
2341 9993
711 3698
3413 895
3338 1280
3043 3254
34 4267
262 7647
4472 2044
403 3037
4382 7628
3848 496
587 9273
2566 2756
3918 2062
3337 2054
493 4411
828 2700
4252 2918
1199 6529
4494 1989
2226 7902
1656 9558
1928 7539
3158 4021
2599 4364
4291 5194
4704 3067
691 7585
3805 607
869 5410
2140 9187
5012 7425
368 4478
1495 6208
4374 8915
900 2435
2722 4047
2272 137
2121 3769
930 5909
4925 5697
1948 3593
2404 8490
4159 5519
2940 5576
1997 4737
1257 97
2582 9478
2242 7211
109 5081
554 9555
5107 7002
153 393
212 3096
115 8365
4284 5603
239 1673
4352 2618
204 4647
2808 235
846 8515
4522 4132
1767 4018
864 9334
1089 9485
1502 5564
3711 5893
347 9896
2776 476
1431 5078
63 362
225 9981
4645 2183
3537 5991
4011 2417
1825 2187
3206 7835
567 8045
5103 8249
5177 9696
2828 3321
3579 9020
313 9655
3215 967
2542 4725
2893 4457
717 5996
1732 8529
2940 3002
3287 4095
1707 4662
777 9559
544 2118
3780 5790
1138 1920
5118 5644
592 3489
1519 9911
3406 5080
2683 3804
212 1599
1681 6515
2472 1451
2886 9327
1016 1247
2316 9385
2242 1495
386 4642
2227 3996
3166 1552
4723 3870
4627 7217
3360 743
5069 4161
1433 7981
2549 8068
1573 8665
5000 2602
4808 3311
2807 530
5206 9244
4129 522
1146 2958
3405 7997
696 6606
4571 1525
825 8955
4168 3130
2611 3517
2641 8184
505 678
2138 1506
2219 4111
2885 7159
5239 1061
73 4963
1298 1426
1951 8011
1159 3701
863 814
1889 4539
3738 3430
4461 5355
2913 7967
1197 8560
4476 3366
4266 9831
1564 3469
3190 5212
3611 3825
3258 8054
3729 3540
2096 710
506 8673
1897 7835
3846 2279
882 5495
5077 3905
3984 9791
421 8917
2027 6899
3266 2014
2577 9853
1754 2209
5201 2452
2740 4084
984 6973
3453 7072
3718 4358
3801 385
1052 139
3918 4876
2875 5357
1664 7569
4316 3630
333 7900
5024 3303
54 9038
3908 5267
1447 965
3108 7975
2214 8099
5024 5005
3270 980
3955 636
1371 55
278 9408
2838 3383
2135 4028
1160 7416
755 6568
2606 3149
1343 7293
2927 2931
4172 9639
2767 85
1773 3498
2783 7969
1922 6072
4865 8774
379 1929
4941 457
4560 79
2672 704
5155 375
5323 4127
3368 577
2075 1735
682 4159
5117 5254
938 1474
1129 7442
4177 9897
625 8102
142 2499
5166 4330
4153 3752
2392 5476
5425 3768
1831 5923
1243 974
2227 3666
3851 4097
428 7696
3610 6098
2732 7130
97 7199
1279 9998
3668 3248
84 9429
4447 7611
3901 1349
5102 6486
3280 3561
4540 1280
3079 2131
4583 2194
3690 9025
4059 5230
298 733
3315 8161
5284 7830
2061 4733
4921 3774
3754 3072
1314 1809
2275 3153
4996 9914
4356 3092
2521 4587
3296 4467
1642 6052
2285 7519
3316 6921
1027 8034
3302 2200
1481 384
3185 571
3783 410
1518 5378
1855 342
2227 4326
2436 4441
1377 329
2116 1490
2876 5871
5054 6304
1910 1168
4416 3532
1561 5752
2509 8734
3585 1158
2481 2804
4885 4683
966 8693
2041 7369
4145 8704
380 2875
2942 4324
154 3224
367 2305
305 7350
554 2089
3539 3546
3260 1237
982 4902
410 8323
3224 6316
3687 84
4790 5067
760 7108
5181 2539
2879 881
2737 6780
3874 6531
3587 393
2833 6429
4799 3042
1223 524
4147 5001
3339 7073
3970 8487
5409 2407
2799 4712
1696 4599
3692 318
1422 1119
961 313
3281 7645
401 9709
1931 4626
4837 8161
4594 5582
88 7371
1159 184
1487 4169
2206 1271
4887 3188
3523 4667
2705 2033
2776 7588
4220 9862
611 878
997 8136
5195 6920
314 6209
1800 4249
767 7563
2387 9985
3083 948
2502 4148
917 6692
4286 5588
4975 9919
1017 6272
5457 5284
4259 6279
5530 8286
1970 680
3671 2102
3728 432
3809 8399
276 8132
4997 1249
3373 9888
3370 405
1595 900
2792 5672
5016 4336
2316 3805
908 9023
4496 7062
5579 1535
2932 6528
4405 3778
5301 5950
621 6627
290 76
645 1130
3608 5920
1156 6900
1587 796
203 3968
2249 5548
4360 5448
1669 7366
2082 5213
4930 6827
4926 2937
3874 8534
5458 4742
3356 6207
788 4692
5488 4043
2974 4608
1978 7248
3177 5133
2972 937
95 6969
5155 2214
144 4974
3396 7855
4926 819
3667 1866
1574 2433
5044 4534
1363 6302
4232 7923
2246 3904
61 8441
2141 7124
1456 8039
4658 7814
4081 2493
857 9185
231 465
1416 8789
308 4206
3686 7298
2067 3175
4181 62
5276 8646
3764 5251
4293 6869
5180 1526
5028 1053
3616 1980
5339 803
3830 9792
1954 2598
1918 8779
4110 9028
294 1681
4474 9364
2831 5674
3681 5334
2655 1056
2261 8944
3455 4168
1473 934
1752 3676
895 5746
677 5955
1051 6492
4895 6145
2858 3810
5445 1323
798 9494
329 8660
3920 8350
2647 2368
3144 8273
2572 1746
2260 1562
1031 2063
3528 8082
725 7814
4047 6974
3006 5499
4653 8684
5163 5729
1186 9075
1337 4002
3388 6600
820 332
3409 4684
3556 5637
1686 5201
321 9022
68 9356
2938 3310
469 824
2392 1610
723 1347
531 2739
1651 1014
4060 4555
3813 3804
5593 8155
2143 9766
4601 5921
5183 6650
4674 4489
1469 1151
2330 2009
1833 3238
24 4068
5587 8321
4254 7800
3534 3242
4442 2751
4383 7369
2218 1509
4359 9535
3007 5950
1437 3232
2097 1925
3567 1908
3722 4821
3295 2430
1433 2501
4884 7907
3274 1443
1559 3969
3860 5279
732 5176
3354 1149
3854 5049
644 1541
2143 905
1878 4341
2675 4654
1710 6700
4316 6026
5373 141
4379 5985
1912 5783
1774 9988
3379 6065
4187 7699
2154 7378
1622 1744
3456 2635
4199 4053
4352 8984
4445 4147
2797 7989
1514 3850
5634 2676
3709 9099
4996 2777
2601 8047
2981 5757
4312 4627
1034 4209
4199 3579
2456 3760
3612 8271
1220 3451
4332 7209
3691 2585
5552 4909
3763 3282
3223 2449
2738 6583
5714 6565
2956 1017
5096 4440
3013 7061
3081 1146
2003 2315
4891 5454
3212 8091
224 3548
1359 2718
2099 6776
170 2355
4648 2895
4401 3830
356 1692
2977 8773
5029 1344
5136 3134
1492 6672
2069 3701
1626 9608
5352 9674
5006 1959
341 5417
3291 4308
970 2692
596 5938
3654 9932
682 4245
900 6564
301 4118
4044 9286
502 6546
889 5212
4023 3055
1566 4300
2198 8134
4448 270
5690 6445
5134 8607
5535 4924
938 6887
5027 7160
5370 9065
3964 5166
1244 8452
4470 3807
706 2869
1633 2709
162 2690
4459 2667
5152 9099
5334 6050
464 9862
2893 5657
1579 5414
4162 9432
3442 6029
5614 8225
2146 3665
982 4120
4996 5347
3186 1832
4338 3408
871 6299
3990 2000
3476 5021
3666 9755
577 7726
3726 111
4463 5391
5491 925
649 7008
3491 3107
1127 2516
4881 4424
1730 9522
4239 5579
2346 4035
4037 8405
4161 6634
737 2927
1283 5846
3074 4676
2843 6924
5093 7139
4032 6876
4255 5430
3669 2857
5687 7165
4863 4412
1805 6369
4663 1348
2072 203
67 4090
3784 3120
1855 5546
3910 9537
1391 7111
5048 7295
5518 2369
5456 8870
4303 231
3251 2597
1649 695
3243 5904
5385 1516
4560 280
919 6678
5845 7659
5016 9002
3500 6953
4003 8273
3387 6447
1803 5366
3171 2930
590 5803
5127 7398
3585 3230
2990 8891
4735 9879
3584 887
5043 5481
4166 4900
4810 802
1754 9187
3796 7089
5326 6387
5698 3847
2240 4200
3887 3793
199 3631
2834 7912
761 197
1323 9696
3439 7643
1767 8417
50 8920
2426 1243
4307 5038
1485 4158
542 4959
895 5516
5423 9127
5831 7597
4333 9356
444 9817
3739 3089
3526 1179
5155 7165
3451 8530
3669 5115
4312 1667
985 2973
4365 5560
4409 3289
1196 9970
505 2502
5753 5607
2820 8344
2581 2336
1422 1837
4886 4007
1807 6668
4214 9970
2875 4196
2933 7526
658 3908
1059 4513
5830 7573
3274 2519
5239 9927
478 7528
1864 5252
4447 6406
4941 5336
2445 5122
4328 3964
3461 9054
5302 8824
1999 4463
1922 1976
998 4800
2806 4878
1961 3711
3496 1168
3440 8855
457 6909
5785 2092
5880 8840
2986 8459
1795 3553
3584 5518
3516 4248
4427 2533
528 2035
5368 6457
5889 4608
4673 5484
101 9419
4663 5831
2277 4336
4578 5686
2076 2475
2069 201
2287 6256
1066 730
674 7736
3574 1667
1635 4615
231 7101
4570 3464
3063 1239
2414 3044
3044 6309
3005 7021
2482 3278
3537 6961
682 2947
5 8037
4661 1668
2961 128
3883 5425
5211 8404
2295 5936
742 205
840 6820
1935 4441
873 5744
361 1311
1655 1369
1666 1962
842 7816
4567 7728
1601 2328
4503 4672
5340 4959
5746 2994
3427 1629
5501 1413
18 3189
5889 5585
4508 9661
4056 5503
1138 408
1158 7086
5919 5009
2263 4149
384 1649
63 7390
2870 1153
2680 4002
612 4547
3326 4224
2537 7074
123 9832
2474 6690
115 4353
5355 375
3607 8578
5805 5137
633 2125
5558 8760
4147 3505
1011 8773
1502 7547
5414 7452
5297 4307
3395 2962
37 7051
3311 9644
1795 4529
3448 3855
208 1981
3672 3553
1849 7362
2822 1763
4381 560
4943 877
128 5144
4637 3262
364 261
2319 8630
545 9825
5224 5598
5444 7694
1929 4379
5330 121
5817 1090
2732 8696
1693 5504
562 5945
3837 2928
1841 4219
3081 2699
4818 849
530 8387
963 2709
3531 4909
496 6733
197 8528
1644 8742
4807 1925
4261 8847
1559 5686
4801 832
4901 3865
2785 4804
5582 1086
551 9782
4564 2881
4421 2663
2639 5625
3531 1186
1611 1380
1577 7464
1472 9680
1354 5639
1801 9550
3882 6659
1626 7151
1552 2835
127 7167
2628 8118
5733 457
1468 4787
84 38
3364 5198
2422 1305
3045 8948
1514 944
1565 6482
2523 4788
1663 212
4571 7997
441 2390
2583 9842
5889 3273
4274 5777
2479 1841
2279 9787
1122 9926
2584 8558
3508 4184
5588 4967
1901 8528
1945 936
2935 9816
2291 8094
438 5057
5529 8626
5135 3463
2605 649
3703 6739
6036 6396
952 827
677 8258
4791 7622
6026 4084
2913 6510
4332 9258
2227 8952
3179 6412
5335 9873
5054 9421
5333 5069
2079 8862
5211 3760
3883 2202
5157 457
5331 611
5417 7585
2532 5348
3518 6154
4765 8169
4929 4627
2991 7726
4516 9944
155 9325
2870 1838
2382 8950
4830 7046
1151 900
1107 8056
3816 1887
209 312
2928 2241
5946 2868
3472 3800
1641 3369
644 8483
2269 5307
1360 686
6075 580
1414 880
1513 4019
2981 9927
722 3279
4107 5493
4047 2569
5785 3160
1452 6910
4315 4005
2196 3414
2601 3226
2020 8101
4796 1963
571 5843
2315 5781
418 4164
5835 1785
3316 5855
691 5375
525 6120
1542 6530
3691 2394
5326 2468
1082 6239
4763 658
1018 4617
3087 5714
5224 235
1234 5639
3275 7810
2780 363
3397 4647
1504 3899
4696 1741
2707 6004
1110 816
5308 9877
1826 113
1711 7685
5895 183
5597 6586
4147 6205
4561 8521
4810 32
3134 6801
5586 4277
1273 7044
180 6026
524 1586
3610 4254
4709 1895
5535 4511
1484 2147
4978 248
4953 6392
4560 7942
818 3904
5212 716
157 2959
3201 8192
465 9081
6038 7074
1165 3531
72 1567
3778 1686
312 9805
2606 6591
1728 3483
2599 9238
2106 5543
4341 155
483 528
1272 2465
4418 5757
2089 4004
255 1530
3142 2414
6198 7627
1591 3220
123 3952
679 87
4420 2279
1132 1976
4795 1867
227 1072
5498 90
4040 4495
5464 6024
5002 5225
2428 9002
1608 40
558 9939
1870 5877
5261 3291
2916 6917
5543 250
3383 1354
3519 1373
2855 2813
3074 8179
1636 2131
5131 9107
3242 6501
1844 2403
3194 8375
1152 9704
4881 2264
2680 4698
5513 714
5318 8407
5623 7164
5688 6940
3357 8150
1164 4944
5196 6224
981 2434
3101 792
1942 2961
839 5596
5472 575
5488 4135
1859 8747
5043 1582
5499 5317
6118 413
2417 1348
5074 5859
3962 2164
2446 553
845 1410
1893 715
612 6433
1888 447
5963 8506
4706 4382
4453 1290
2386 1861
1716 7436
2158 3978
4546 3661
4236 449
3582 9456
1818 712
180 5776
311 5563
414 6205
4317 5883
5070 5793
1414 4318
5853 1516
3858 2546
59 7573
3474 9923
865 8945
2261 8873
4125 543
6079 7512
2256 1619
559 6144
6033 8440
5637 9381
1904 2970
1769 4096
3462 4422
6015 1663
6255 5366
1498 4067
34 5854
1568 8384
1548 1857
4648 4392
1210 2231
1878 1316
5688 4957
496 4449
704 6383
6112 4826
2312 2616
3187 6649
1216 5004
6224 634
3577 3630
5391 2791
579 5410
1456 3136
117 9978
6327 2765
5939 3552
2398 5265
1330 8323
4480 8822
3864 1983
1947 2427
63 416
5744 4152
5326 521
966 6332
4872 7061
3694 6962
140 9879
4295 5756
4436 7929
748 1098
3563 2947
3820 9945
1410 123
2215 8676
5685 2698
4591 5738
4067 586
3515 9463
702 2684
922 8426
6083 4894
570 1744
4203 6397
2197 5391
801 1277
6233 1877
1742 8575
403 1785
233 2368
1159 4177
1994 6371
2436 7669
3579 5847
3707 7069
2838 9320
2866 1255
4010 7205
456 6344
1608 490
113 3991
4034 8337
1449 3422
5179 513
736 6458
5964 407
727 8668
1506 1713
413 6281
3952 7428
4176 6567
3655 7250
1650 7086
4896 1332
3961 4003
3531 1978
4150 7391
5889 4286
2763 9556
368 5016
177 963
2389 6777
2986 6366
177 4057
4251 1306
4633 8065
5350 845
287 9510
4637 7204
4478 7258
1513 83
5943 3195
647 3599
1176 1010
1026 2748
2061 8394
4443 7541
360 3395
668 7126
5351 2417
3795 854
6150 2052
635 5271
5782 5128
832 5806
6018 6013
779 2472
3881 30
4110 7113
746 3849
1747 5847
1034 4446
4290 4155
6022 9618
3115 6922
4587 2152
5143 2957
2413 3430
1731 7906
2702 9855
2250 715
6234 3607
3364 6948
4201 4976
1738 9450
1748 1279
5024 5031
4538 2398
3780 1088
2699 9650
223 1648
6358 5049
2160 409
1009 5121
3979 4763
2124 3978
2613 6373
1006 6278
159 534
522 8637
4399 1973
4150 8839
6154 6964
3340 3741
3585 5437
5390 4398
4630 6882
4906 7605
2910 6240
5279 2411
173 2094
3100 5365
2557 458
5734 4341
4329 8283
2555 7833
3905 5824
3 9076
3709 9399
5919 8240
5450 8467
5174 7547
2266 3496
3776 501
3659 8235
6101 7340
6057 2177
112 8992
4012 4129
301 2433
1422 3574
3301 4455
2570 3830
4224 5147
3870 409
5117 8036
2232 3037
6352 295
2201 4662
4843 6146
3603 7951
3299 2817
323 8458
2803 593
2731 2402
5205 1711
4998 1127
898 8377
3353 4611
4158 1131
1497 3183
4131 8831
521 9484
4121 3783
4953 221
3733 8990
5832 6895
3164 564
3061 9617
4311 6595
939 2985
2585 3810
549 1473
6363 8444
2360 6431
3317 9266
2127 9053
4726 3308
5217 2691
3969 8262
484 2262
2819 8595
2359 9108
2259 5506
4259 682
5449 5699
784 1596
4830 6625
5636 5516
493 7870
2144 7425
4364 6662
3205 907
1528 9885
3996 9483
5978 1890
5850 4767
3809 6223
1841 1813
6066 800
637 1849
6470 200
3095 3124
6535 335
2920 2833
2238 717
3236 9435
4718 7238
2673 5150
1314 1555
1567 7147
5213 2808
5640 576
6121 2903
5392 1207
382 8051
4371 1033
1229 5967
393 6402
2117 5532
6169 3772
131 7239
6509 9287
5086 436
328 2158
2985 6084
5539 8505
3699 8554
4683 9839
1082 4943
4660 6217
5495 4418
4098 9218
3898 7753
2694 147
6501 1873
1090 801
789 5256
2851 7685
4818 2025
2413 1127
723 2591
3454 3383
1468 6447
512 9927
4496 8815
166 7033
1877 8499
5230 6733
2527 9492
4060 438
4145 8722
1290 5481
5047 658
4846 2717
4786 1308
2125 2117
4454 9236
3651 1810
5286 4785
6607 1230
6191 6711
727 9271
4006 7720
1514 2781
5751 4068
5144 8998
2040 7813
2945 4765
129 8280
5903 9173
3004 57
6206 4583
4366 3115
3142 3245
1574 2940
4674 3996
6471 4456
11 6140
2231 1182
4019 6690
4131 8165
3400 2652
1491 8777
1963 1511
1919 5035
4167 6137
6510 2259
4304 9782
2296 8630
4047 2501
6535 9723
4687 7950
6295 4378
1574 4675
1618 1722
180 8915
2490 8418
5431 5767
4466 5898
5441 4401
3358 73
6002 1854
974 2975
3957 8825
4839 2218
3963 4743
4812 5286
524 1393
199 4688
6585 6636
4329 9288
4173 735
1520 1276
55 8767
527 5241
6006 8732
3393 7820
4368 8508
4820 7206
3668 4015
3662 2326
3765 7592
3216 6959
1896 5427
4675 1999
4276 9011
2323 1626
4086 4743
2200 3296
6617 1649
6669 6161
6672 6441
6677 1205
4467 9392
4176 4494
1941 960
5488 3046
1587 1478
873 5636
5303 1162
3978 1235
5101 9188
2325 2515
5402 706
1183 2412
1048 8301
5791 3549
4469 3517
5365 6128
4645 6421
2911 3182
3422 7863
2002 8907
379 1748
1799 5623
5434 6223
2405 7224
4655 8036
4702 1895
521 244
4597 1875
3242 8629
5164 8031
6396 7125
447 3094
6701 4089
5247 7221
181 3318
3456 2864
2038 941
5001 7682
4744 219
2779 1836
5210 168
4332 6520
3549 1876
2529 698
3272 2283
485 7683
560 2047
5932 8765
3963 2177
4619 8015
2248 4926
6588 3567
596 4521
4220 4479
618 775
4585 5495
3880 86
1958 2744
4463 4367
609 4807
6426 8362
3337 9418
2259 8929
4883 8307
1246 8834
2501 6893
4352 385
6479 4509
4553 7542
5727 7629
5200 9849
1447 1827
6218 2558
3147 4126
4084 7843
4759 9672
3501 2911
2150 9436
2651 1723
1257 2972
2403 6231
5488 8184
1149 9164
354 86
1938 26
5848 8327
1249 4352
736 5821
1707 9376
507 4384
3185 2899
4562 8332
3663 7434
2436 7357
2012 3486
2343 7843
3575 1875
1527 505
6452 1452
2875 4316
3871 2862
667 3479
2304 1960
4861 1201
5075 6244
1721 3237
6191 4427
4841 3305
5855 8647
2019 6201
5573 6407
3034 6770
3983 1740
4628 6176
799 3683
604 5272
5169 7583
1437 2367
4804 9216
1404 2714
5637 7418
1556 7661
1026 5671
1918 8013
5458 4148
6480 6564
4123 4940
2985 4442
4476 4350
5146 4984
2885 2126
2116 9617
2617 5208
6150 497
4964 2352
4235 7581
6272 7015
348 600
6669 9451
1198 1274
4270 4229
2086 3011
567 4284
4572 7780
6555 931
3854 2973
2033 8124
4920 5525
4756 9317
4544 5598
2366 8191
3087 9739
5684 3718
1091 1881
4674 5992
3632 4632
3140 7309
1877 3599
6346 5516
6424 1868
2663 3573
5737 9219
5177 2069
2500 776
6605 2044
1308 9075
3944 7911
4019 2748
2284 3329
257 7885
6151 8559
2107 4078
6558 5184
2395 5441
4613 4579
2646 1173
4495 9002
3429 380
5693 9259
1036 9411
5127 9022
6762 8891
5581 2130
587 7246
6159 52
541 1173
5403 6381
5565 100
742 8493
4583 3680
1590 2030
521 7453
1935 8228
135 6110
2729 3175
1836 9923
2531 4661
42 965
4329 6886
281 1410
2185 135
1029 1477
4713 5707
6395 9134
5182 2002
3481 7790
4577 9462
4976 3959
5719 140
5691 1672
2925 7115
6419 4129
5871 2624
1738 4351
1091 3986
5999 5262
4676 2337
2078 5728
3429 3495
506 3695
4069 3698
939 7275
6232 7126
3653 1357
2653 5892
6704 9208
4163 38
1759 3354
6537 3012
394 7267
1434 2803
6053 660
6166 8717
5667 4907
388 8330
5059 3884
2542 844
6331 1786
6455 1728
3871 5706
2687 8401
3121 5011
6307 5008
4386 1522
2508 903
397 2311
1073 4664
2935 471
6394 2741
1585 9251
370 893
4914 4571
1076 1391
3881 4217
3131 8422
3202 9981
2812 9869
5239 5194
648 2297
277 461
3263 7615
5263 5227
6519 4698
5627 5282
5234 5603
1228 7077
2733 2465
1921 7967
5184 5810
5444 8181
5312 6332
3390 4528
6789 5455
1862 5662
815 5559
1399 6930
5626 8578
99 5636
4857 1471
3886 4736
2928 2984
2180 2482
2192 7969
111 9940
6348 5546
3804 8803
6629 2882
5171 7788
1 5729
1817 9608
1679 4515
5047 7090
6177 5248
5202 3567
962 7171
1094 5357
4058 7621
2976 868
195 7678
2902 1443
6268 4238
4011 6386
4340 278
1677 3957
6537 9703
6940 6865
635 6726
6669 2193
5877 7590
4855 4600
3276 9887
5711 8434
534 1708
6453 3322
2457 1789
5800 378
2071 9632
3048 8359
4088 5263
2223 7799
4883 2801
6081 5874
6784 3852
5566 9159
6085 8310
3504 9633
6095 938
2922 4405
3633 8859
6091 5156
300 599
9 8431
3382 4655
4969 5705
343 7740
3851 5910
6706 5943
1653 8785
1249 876
1217 1257
3056 5036
6953 9447
1382 8532
1589 644
1980 7824
1047 8948
4220 2996
3005 8023
2864 2273
2458 9412
2983 9570
6927 3964
4488 9113
5159 1761
5271 7801
4322 2286
885 2677
1943 5513
3877 9146
3480 9528
6958 6732
3446 4828
4350 5419
5541 1917
176 8710
5166 4931
6432 571
2169 897
4404 3866
1969 6605
2718 1615
308 2647
5189 9123
5221 379
2764 8986
4723 7004
5389 1648
2666 3846
6153 3473
5392 8984
1069 7586
3562 5966
3091 5217
5929 5780
1306 3267
239 5785
3429 4821
4726 4339
2187 5686
6117 9919
3333 1311
3270 2066
621 5483
6230 7356
1732 7058
6850 9631
6829 6989
6633 9291
5479 4609
487 3230
1883 6441
5261 2575
695 4241
6622 1732
5557 5358
3313 44
5835 7502
1529 8669
3681 1126
1628 9388
4533 8551
4080 6803
5917 9982
3518 249
1204 5875
1730 5674
1433 4452
3120 5931
527 1075
6803 9479
2044 7317
242 4881
5803 7206
5843 224
2829 1623
5959 1344
3695 4669
805 16
7 5167
248 5281
6439 2878
5254 7016
1066 3511
4001 3787
4352 2889
5300 2442
2708 9044
6062 9242
1031 413
2961 7083
3398 2520
2424 2433
4331 6181
3315 997
1700 7491
6987 430
1440 944
1740 3030
4217 4081
3368 7903
3179 8834
3152 5761
388 7030
4701 5932
3187 5245
5352 9339
1067 2476
4161 1951
4856 5780
3680 8973
5604 4190
5897 470
1099 4322
4398 6326
6622 855
5349 4385
6165 8105
4562 1501
4701 5490
5145 2916
5690 9317
4482 3526
2288 8135
6882 6664
3511 2192
7088 7377
1867 6934
3344 1336
4056 8447
964 8209
7064 9304
947 2219
487 1607
4141 3377
4094 2270
1840 1875
5916 8771
695 6797
1920 3139
4045 9674
2103 4843
5385 607
1476 4719
1558 4365
5281 4460
4261 7648
3280 1093
3639 7499
3681 6284
1597 2008
5720 5753
4152 5950
986 2309
1431 609
125 3988
422 4272
4784 2999
230 1617
163 5118
6067 5108
3808 1050
4037 6672
6753 4726
5304 3261
6849 641
6352 44
5395 1802
3175 2121
3031 9254
3229 1725
4893 321
2129 2686
2733 4028
3465 3873
1486 6430
5280 1759
7204 9567
6309 7466
2813 7390
4410 3726
5175 7524
376 5755
3945 143
2614 4219
6069 1117
4871 330
2794 8346
4436 6306
2085 1487
7188 8164
2856 6425
7033 9731
6860 2491
4421 8568
2290 1509
4333 5569
1485 9607
281 6735
5626 4346
4101 4038
5841 8871
6082 6595
4252 6618
4868 6498
1530 9914
2443 4025
523 3738
6031 6644
3297 621
1020 7529
201 8217
1461 6169
4971 7565
2593 8447
1511 9326
3318 3111
3406 2989
470 1278
634 402
1257 8084
1540 1771
1381 8547
4803 1224
4548 8024
6921 332
4068 1068
4499 1242
3443 4267
2258 346
5248 5227
752 2402
1094 6291
4164 2407
5288 7091
139 8012
1908 3030
1775 3922
4262 7376
635 3688
96 5434
2324 3097
4983 529
4023 2362
2650 487
6824 3436
999 960
5873 6071
6468 1658
7232 6374
2258 5020
769 834
5525 132
1993 4081
3799 3308
1183 1699
7123 1128
1602 4217
5033 560
1565 8247
6145 1387
1322 8386
3444 6764
4937 9613
6406 861
4880 8247
427 7506
2236 308
1876 7464
2538 4712
4840 2344
3433 415
2902 8256
7245 3575
7008 1571
5144 5170
6119 7389
7048 110
59 1510
296 7340
4298 4516
1570 7482
5293 6110
7107 4444
3934 4571
6380 85
1187 9475
2675 8580
5198 8269
6794 2957
5986 1173
1041 1342
4080 2972
484 1792
332 9650
784 2473
5292 5012
4225 168
4235 9650
6841 681
39 2927
2331 4876
92 2042
6582 2863
3706 7303
3326 1930
4670 2767
6872 9647
117 490
7325 4153
2088 5498
788 4504
5729 7093
3710 7451
6351 6606
521 287
2367 4590
448 7999
2681 2532
3771 9148
3850 4241
3794 9509
4918 4857
3231 473
6893 3426
2274 2320
820 8851
6502 409
683 8586
343 7935
2852 2789
454 8290
768 7868
801 2962
2202 8532
3906 5561
2252 8069
4436 4424
2449 789
5192 9899
6737 6970
6171 4492
854 9121
2592 3256
2069 897
42 1118
3772 4245
2884 6775
3636 686
2477 8739
5069 1137
1223 1759
4640 611
6239 9056
3810 2333
592 338
4850 7293
5690 533
617 2606
4542 3846
4264 5458
15 4751
3232 7884
1018 3775
6562 6317
3052 7644
429 3900
529 1861
2629 1745
704 3063
5708 5522
6253 8655
2572 3937
1849 8862
4914 1363
3895 1567
6711 5933
2528 6981
5369 8540
1572 1628
942 4018
1156 4237
3543 3428
2483 776
3826 1523
6573 9115
1194 925
6973 734
6181 1401
4374 3610
2874 3689
4375 3581
5769 1445
1252 4989
227 3637
2257 2546
7309 7496
7225 9648
2165 1214
239 1327
5341 8132
2566 8302
1949 869
332 2685
3945 3488
2243 1728
1816 9633
4059 355
7419 2739
5238 183
2454 1384
591 4291
2178 1394
398 4689
7004 3419
3220 932
1481 6326
6831 9733
4234 4022
7194 3168
6525 3082
1171 2484
6985 3981
129 3790
6506 318
6906 5789
6966 5871
4594 8964
2439 400
3552 8256
6174 3918
2779 9720
3446 7229
3475 7636
2484 984
4465 3416
6053 6529
4488 219
3121 8273
129 5072
731 7375
1948 2808
3957 8320
6315 7856
5054 2331
5203 9532
3098 9727
2582 2311
408 6130
1118 1870
5221 7490
7240 8072
5349 818
6370 9473
1651 7182
6857 929
1644 7768
900 2166
3489 438
787 6079
7390 66
7053 2469
7379 502
7106 2340
4709 8267
