10000 750
0 5095
1 2324
1 9719
1 9769
2 894
2 3861
2 3711
3 2258
3 9936
3 6216
4 1201
4 3803
4 6765
5 3898
5 8221
5 5973
6 7772
6 1784
6 378
7 1151
7 7645
7 9786
8 8055
8 2099
8 4677
9 8358
9 5850
9 6559
10 8228
10 3188
10 6941
11 4532
11 1090
11 5924
12 2767
12 5152
12 233
13 9038
13 4617
13 7424
14 4885
14 892
14 2086
15 1521
15 6993
15 9558
16 3802
16 8088
16 8771
17 7209
17 3467
17 553
18 4715
18 3154
18 1171
19 4151
19 8428
19 4657
20 5739
20 5572
20 3269
21 5641
21 8349
21 3006
22 1080
22 3691
22 9069
23 4176
23 6530
23 4520
24 7538
24 5258
24 7927
25 8796
25 8843
25 6495
26 3048
26 9593
26 7242
27 6609
27 2315
27 1092
28 3918
28 7286
28 7085
29 7553
29 9310
29 2723
30 9828
30 4406
30 9378
31 8927
31 3676
31 72
32 6027
32 9249
32 8548
33 4817
33 633
33 1128
34 8435
34 7436
34 9967
35 6191
35 4283
35 3873
36 4220
36 1538
36 4620
37 5059
37 3724
37 9866
38 8220
38 2412
38 6281
39 8555
39 6226
39 461
40 1101
40 8652
40 8520
41 4650
41 7376
41 8063
42 9120
42 1471
42 5176
43 9203
43 7413
43 82
44 3793
44 3058
44 4435
45 644
45 1139
45 1980
46 4706
46 6880
46 5403
47 6434
47 696
47 2760
48 9591
48 2538
48 4907
49 5096
49 6329
49 1890
50 3281
50 5597
50 1414
51 7948
51 7383
51 3904
52 4001
52 9623
52 4996
53 1009
53 2899
53 5965
54 5848
54 4689
54 5596
55 2131
55 6962
55 6508
56 7402
56 2077
56 6922
57 6679
57 8582
57 3290
58 4970
58 1085
58 8833
59 1648
59 3508
59 6642
60 2474
60 4505
60 3894
61 7175
61 8600
61 2084
62 5103
62 1028
62 4033
63 7041
63 6041
63 171
64 7836
64 5369
64 3717
65 2048
65 1731
65 7546
66 5676
66 1053
66 5418
67 1930
67 729
67 5072
68 7951
68 4751
68 4893
69 5333
69 7815
69 4084
70 9390
70 1077
70 9965
71 8393
71 1430
71 6770
72 4771
72 4264
72 2315
73 1674
73 6832
73 8617
74 2277
74 61
74 3230
75 4993
75 6206
75 6640
76 8055
76 3964
76 994
77 5504
77 7210
77 4936
78 6863
78 6473
78 8576
79 2481
79 9801
79 3982
80 5473
80 9460
80 9122
81 9161
81 6235
81 4573
82 9136
82 1855
82 3129
83 3614
83 1998
83 1244
84 8508
84 798
84 8027
85 5103
85 3663
85 3691
86 4559
86 6624
86 7221
87 2145
87 1644
87 6856
88 7915
88 6993
88 9103
89 1847
89 2290
89 23
90 5424
90 9589
90 5575
91 4002
91 3519
91 4532
92 6223
92 5290
92 1291
93 3673
93 9864
93 1834
94 7240
94 2039
94 3986
95 1245
95 7534
95 3172
96 8203
96 3271
96 9673
97 7050
97 927
97 3399
98 7970
98 3648
98 3435
99 5448
99 3315
99 1984
100 7778
100 2848
100 6847
101 4443
101 3642
101 3202
102 2033
102 9204
102 2745
103 9567
103 2663
103 6613
104 2449
104 5809
104 5803
105 3453
105 5400
105 2337
106 5436
106 5399
106 617
107 1617
107 9843
107 6659
108 9293
108 3530
108 7553
109 6076
109 6972
109 7683
110 6420
110 8396
110 7257
111 3310
111 2164
111 218
112 5560
112 4792
112 2921
113 9713
113 8087
113 8946
114 4418
114 3420
114 5129
115 3006
115 3844
115 1082
116 5283
116 9551
116 3419
117 2407
117 6336
117 6648
118 9012
118 4326
118 3641
119 4309
119 3632
119 9796
120 2825
120 6859
120 9870
121 994
121 6286
121 7237
122 2040
122 6656
122 6530
123 8677
123 9553
123 9033
124 1190
124 1727
124 6643
125 331
125 9523
125 9067
126 1563
126 9503
126 154
127 9061
127 7994
127 6825
128 477
128 3828
128 4788
129 5538
129 4193
129 6402
130 3368
130 9906
130 1711
131 7882
131 1431
131 1013
132 4691
132 4171
132 6930
133 1470
133 2690
133 3832
134 8257
134 2479
134 2063
135 7048
135 8411
135 1396
136 7253
136 5894
136 352
137 3458
137 1166
137 9244
138 2846
138 9106
138 4937
139 6717
139 4650
139 1677
140 927
140 4404
140 8202
141 4836
141 4032
141 728
142 484
142 6084
142 3586
143 7171
143 3692
143 2118
144 5380
144 264
144 6007
145 7143
145 8966
145 6125
146 2350
146 3494
146 2095
147 5396
147 1598
147 4136
148 2383
148 2909
148 7501
149 3206
149 1553
149 6797
150 9193
150 3402
150 2093
151 8998
151 9602
151 309
152 4712
152 6345
152 1840
153 3830
153 9227
153 764
154 317
154 246
154 7430
155 2054
155 9020
155 3783
156 2885
156 2304
156 679
157 720
157 110
157 6940
158 1885
158 3931
158 6803
159 6024
159 9810
159 4727
160 3593
160 8926
160 5486
161 8832
161 1405
161 4123
162 3553
162 8205
162 9624
163 2028
163 8372
163 4666
164 8900
164 15
164 1722
165 7773
165 212
165 918
166 7435
166 1474
166 8479
167 2481
167 9585
167 1804
168 3204
168 6840
168 3809
169 7884
169 2846
169 4252
170 8755
170 9238
170 292
171 5157
171 9247
171 7662
172 318
172 7803
172 8352
173 2432
173 4935
173 5514
174 3671
174 5953
174 1493
175 2206
175 4625
175 5648
176 3290
176 3940
176 806
177 1816
177 8072
177 2506
178 7081
178 8366
178 5041
179 2002
179 7014
179 9904
180 8898
180 472
180 3722
181 1079
181 9194
181 5124
182 2471
182 7124
182 3089
183 4592
183 4870
183 3083
184 7322
184 3375
184 1723
185 2786
185 8184
185 2225
186 7818
186 128
186 4971
187 9209
187 6012
187 3779
188 1771
188 2896
188 6680
189 6324
189 4449
189 1119
190 4191
190 4172
190 5820
191 3722
191 4470
191 493
192 1548
192 2245
192 3319
193 7943
193 6467
193 7476
194 4320
194 4258
194 5195
195 2414
195 5103
195 8179
196 8627
196 2421
196 3251
197 8547
197 9961
197 8084
198 8304
198 6677
198 1948
199 192
199 7925
199 7503
200 587
200 8801
200 1012
201 633
201 1795
201 5272
202 9973
202 5050
202 5453
203 9032
203 1985
203 8949
204 8254
204 1586
204 2953
205 6942
205 301
205 1277
206 8996
206 5915
206 3707
207 5080
207 2078
207 7972
208 1161
208 8892
208 4590
209 3129
209 4613
209 2956
210 3838
210 7575
210 8097
211 2725
211 5391
211 2153
212 3766
212 8948
212 7159
213 6280
213 5796
213 1459
214 408
214 1635
214 4033
215 7679
215 3639
215 3435
216 4195
216 1232
216 1368
217 3227
217 526
217 1193
218 8608
218 881
218 4153
219 7992
219 4719
219 7354
220 8902
220 5210
220 5758
221 6068
221 2633
221 7964
222 8988
222 1853
222 5818
223 4901
223 9990
223 4128
224 6680
224 368
224 156
225 4277
225 983
225 653
226 3372
226 7798
226 7558
227 8523
227 7445
227 8080
228 6069
228 1108
228 7535
229 6839
229 4886
229 1527
230 4678
230 1448
230 9646
231 2497
231 1328
231 1889
232 5665
232 976
232 1332
233 9167
233 3221
233 9529
234 4702
234 8461
234 5792
235 8793
235 9980
235 3846
236 4556
236 3493
236 1302
237 9931
237 7659
237 4912
238 3310
238 9105
238 2796
239 6787
239 4350
239 3636
240 9555
240 2354
240 718
241 7572
241 5758
241 8122
242 4856
242 9362
242 9398
243 8620
243 2352
243 816
244 1620
244 1552
244 4718
245 8791
245 1483
245 4502
246 2685
246 4267
246 3507
247 3992
247 9684
247 6229
248 554
248 2904
248 4001
249 9851
249 9064
249 2473
250 831
250 1762
250 4175
251 9798
251 6531
251 2844
252 3845
252 1065
252 1514
253 6062
253 9738
253 2461
254 815
254 1656
254 6925
255 3468
255 5296
255 703
256 8361
256 4238
256 2819
257 3595
257 8124
257 5596
258 4352
258 5543
258 5761
259 9287
259 2540
259 3472
260 1293
260 6146
260 3148
261 8643
261 7193
261 1636
262 7114
262 9499
262 9951
263 2222
263 6714
263 207
264 3883
264 5233
264 8847
265 5875
265 5226
265 1087
266 5202
266 9650
266 7771
267 640
267 6607
267 1156
268 1131
268 7752
268 4899
269 1760
269 2525
269 136
270 7000
270 3843
270 1139
271 4000
271 8682
271 4022
272 5865
272 16
272 7333
273 7606
273 9088
273 6918
274 10
274 5532
274 3958
275 3825
275 6462
275 8558
276 5819
276 6758
276 4007
277 9734
277 9102
277 408
278 672
278 721
278 5309
279 7253
279 569
279 9572
280 3134
280 9655
280 8617
281 5516
281 7324
281 1465
282 8370
282 3132
282 5715
283 5886
283 3704
283 7257
284 9031
284 4818
284 5898
285 8097
285 2112
285 5156
286 6069
286 1030
286 5920
287 875
287 9186
287 3955
288 4050
288 2470
288 3136
289 4210
289 5373
289 5066
290 3149
290 3660
290 8560
291 3783
291 8439
291 3517
292 892
292 9125
292 4740
293 2094
293 4575
293 8640
294 9810
294 6538
294 4742
295 5433
295 4943
295 1310
296 4427
296 1529
296 8138
297 3030
297 6633
297 1776
298 5576
298 2982
298 6776
299 7168
299 2430
299 8062
300 9629
300 2973
300 4503
301 2903
301 5148
301 7768
302 7542
302 8057
302 6654
303 9964
303 7392
303 551
304 3807
304 1299
304 7391
305 4639
305 5495
305 5529
306 9886
306 4803
306 6941
307 1686
307 2361
307 5094
308 9764
308 6976
308 7159
309 1776
309 9219
309 878
310 4515
310 7518
310 5112
311 3371
311 1960
311 1122
312 4611
312 3691
312 3624
313 9612
313 8617
313 7255
314 7321
314 7217
314 1284
315 6958
315 8212
315 2612
316 1857
316 479
316 7721
317 9235
317 9090
317 8984
318 4649
318 6805
318 4347
319 1994
319 9471
319 9567
320 9476
320 1531
320 7578
321 6333
321 2827
321 6012
322 4126
322 2266
322 8499
323 6586
323 6068
323 7226
324 9621
324 3111
324 3135
325 5399
325 7940
325 546
326 8365
326 6292
326 5985
327 9575
327 5373
327 1919
328 9287
328 5071
328 7714
329 5774
329 7135
329 896
330 4978
330 3774
330 9479
331 1584
331 1057
331 3062
332 3612
332 9423
332 9898
333 2986
333 824
333 5838
334 7888
334 2687
334 3205
335 698
335 31
335 4334
336 16
336 8755
336 5739
337 4776
337 9661
337 5421
338 4294
338 1025
338 1293
339 5004
339 961
339 6541
340 8766
340 8390
340 4530
341 9942
341 5974
341 4209
342 758
342 1536
342 4508
343 2536
343 5365
343 664
344 9785
344 4406
344 3665
345 9564
345 8891
345 9254
346 2240
346 9335
346 3036
347 7132
347 3012
347 2277
348 1691
348 5672
348 754
349 4561
349 1282
349 4111
350 2065
350 8454
350 2726
351 1215
351 6654
351 2073
352 5391
352 3793
352 5063
353 2702
353 2176
353 6363
354 6361
354 7264
354 4635
355 8662
355 1716
355 4101
356 4539
356 3158
356 1028
357 2876
357 4178
357 4872
358 4956
358 9259
358 3241
359 6408
359 5849
359 109
360 7491
360 4087
360 7423
361 3629
361 3565
361 3306
362 8255
362 4030
362 6922
363 9368
363 3722
363 9628
364 9606
364 3823
364 1555
365 6699
365 3781
365 42
366 7028
366 7710
366 7014
367 4170
367 4847
367 4701
368 5627
368 1490
368 5145
369 6099
369 8863
369 5446
370 3172
370 3881
370 371
371 6462
371 4836
371 1734
372 726
372 580
372 5100
373 1158
373 3360
373 1768
374 4294
374 1135
374 5435
375 4907
375 3565
375 6977
376 810
376 6046
376 4882
377 5914
377 7036
377 1733
378 4031
378 3295
378 6466
379 4308
379 8910
379 1099
380 281
380 2943
380 9666
381 4158
381 4596
381 3046
382 3811
382 7091
382 794
383 929
383 4446
383 4754
384 4689
384 1798
384 8627
385 3695
385 6993
385 7168
386 8591
386 9618
386 4123
387 7295
387 3205
387 5306
388 2886
388 9721
388 4383
389 8682
389 2619
389 6355
390 5753
390 9766
390 3688
391 1414
391 7726
391 694
392 8027
392 1227
392 5559
393 8561
393 250
393 2429
394 1865
394 9782
394 5273
395 7995
395 8725
395 4969
396 2694
396 5034
396 4221
397 3627
397 8448
397 7433
398 5543
398 8392
398 1896
399 6183
399 5872
399 7572
400 5500
400 6479
400 9792
401 9579
401 2896
401 2605
402 1796
402 4749
402 2228
403 412
403 3700
403 3465
404 1798
404 8104
404 2479
405 6934
405 2197
405 4416
406 2480
406 9419
406 4344
407 9808
407 2019
407 6428
408 9069
408 1188
408 3494
409 2424
409 88
409 7243
410 3148
410 5429
410 1581
411 9151
411 5795
411 557
412 2212
412 4887
412 8970
413 5739
413 4699
413 5469
414 3058
414 8793
414 4404
415 5895
415 2697
415 2402
416 4333
416 9279
416 1486
417 6450
417 8591
417 3085
418 7283
418 1183
418 8472
419 2691
419 3949
419 9126
420 1575
420 8333
420 8975
421 6912
421 6771
421 8993
422 7684
422 8531
422 3398
423 5319
423 6882
423 645
424 7249
424 980
424 6459
425 7096
425 1304
425 2912
426 5562
426 1176
426 1157
427 2877
427 4807
427 4904
428 9163
428 755
428 8583
429 5211
429 5998
429 8672
430 8103
430 143
430 9169
431 8204
431 8459
431 2098
432 9206
432 8918
432 492
433 3867
433 4021
433 3576
434 9972
434 1435
434 7490
435 4580
435 3306
435 6366
436 3605
436 2727
436 904
437 5742
437 2583
437 3131
438 691
438 6980
438 9349
439 1317
439 2680
439 5279
440 2587
440 9342
440 4809
441 7976
441 4412
441 1742
442 3822
442 5683
442 2259
443 17
443 2465
443 4146
444 9334
444 128
444 6768
445 9475
445 4075
445 1937
446 8858
446 1208
446 6454
447 8495
447 1969
447 5410
448 6423
448 5874
448 3059
449 9588
449 954
449 393
450 245
450 4769
450 2703
451 5474
451 4293
451 6627
452 3075
452 9005
452 5257
453 9631
453 6694
453 6327
454 3037
454 7897
454 9533
455 7647
455 4104
455 6316
456 415
456 966
456 464
457 1614
457 5717
457 5220
458 6189
458 1832
458 9114
459 7907
459 9015
459 7087
460 1291
460 4976
460 4023
461 4414
461 738
461 3317
462 9071
462 2803
462 933
463 7204
463 597
463 9383
464 7789
464 4887
464 2115
465 8651
465 13
465 1751
466 5938
466 9013
466 6271
467 3181
467 5328
467 9259
468 2943
468 7533
468 4253
469 4646
469 4297
469 2243
470 2291
470 3138
470 8921
471 4844
471 4264
471 8932
472 2670
472 1776
472 4584
473 1462
473 5896
473 6097
474 8060
474 7056
474 3281
475 3633
475 9125
475 3478
476 9636
476 2016
476 4002
477 6884
477 3615
477 9106
478 6627
478 36
478 7018
479 7352
479 5495
479 5557
480 7132
480 6652
480 2580
481 9051
481 8149
481 1207
482 2523
482 563
482 8178
483 5691
483 3470
483 3702
484 557
484 6910
484 4953
485 2047
485 9802
485 4650
486 7211
486 1434
486 2587
487 6356
487 8126
487 9195
488 5611
488 5323
488 6188
489 8998
489 7452
489 7704
490 5602
490 9726
490 9597
491 8183
491 8106
491 7995
492 7727
492 7188
492 3564
493 506
493 4554
493 5705
494 2230
494 1542
494 616
495 6289
495 2628
495 3687
496 5603
496 3794
496 5511
497 9383
497 6562
497 108
498 9490
498 9821
498 2317
499 2382
499 9630
499 4408
500 3297
500 8147
500 2731
501 7527
501 670
501 4459
502 2361
502 3171
502 8301
503 2045
503 415
503 9365
504 130
504 4409
504 7921
505 848
505 9542
505 7435
506 853
506 2777
506 9094
507 6624
507 142
507 7036
508 9202
508 9950
508 4025
509 1480
509 1416
509 1621
510 133
510 454
510 3025
511 9872
511 5499
511 2129
512 2863
512 4736
512 3169
513 4575
513 9893
513 2898
514 8285
514 2251
514 7232
515 8946
515 530
515 4322
516 4275
516 1367
516 3993
517 1742
517 605
517 202
518 5067
518 8310
518 4740
519 6845
519 9572
519 370
520 6517
520 1496
520 5945
521 8833
521 3766
521 2134
522 9211
522 3672
522 1110
523 9413
523 6695
523 4025
524 7389
524 8644
524 4432
525 1213
525 3942
525 9138
526 8051
526 6237
526 8783
527 7219
527 6380
527 9370
528 5530
528 4927
528 6950
529 3369
529 8568
529 934
530 3499
530 6685
530 5537
531 172
531 9267
531 3002
532 4671
532 2985
532 2477
533 5454
533 8160
533 4148
534 1686
534 6563
534 3046
535 7941
535 8279
535 3265
536 2539
536 8314
536 5884
537 1716
537 565
537 3538
538 6635
538 120
538 7914
539 967
539 8716
539 1059
540 7816
540 1531
540 8424
541 8751
541 5807
541 9061
542 7208
542 7972
542 7340
543 9464
543 5423
543 1564
544 2159
544 8573
544 2040
545 4053
545 1361
545 3431
546 4780
546 6117
546 4400
547 7295
547 4809
547 88
548 8641
548 2077
548 1708
549 7109
549 9632
549 9293
550 3154
550 378
550 5348
551 7272
551 331
551 6978
552 8367
552 3564
552 5913
553 974
553 5614
553 6491
554 2101
554 8894
554 2728
555 6438
555 6619
555 4368
556 5186
556 8407
556 4617
557 3944
557 981
557 982
558 1168
558 8710
558 9349
559 7
559 9684
559 6211
560 1015
560 1654
560 1181
561 6917
561 2337
561 4729
562 4383
562 562
562 212
563 7347
563 1181
563 9235
564 450
564 6210
564 4089
565 4881
565 1150
565 4727
566 9463
566 4453
566 8923
567 1950
567 9345
567 7996
568 5506
568 3859
568 7526
569 3831
569 7649
569 4550
570 3339
570 3251
570 603
571 1633
571 518
571 9937
572 3426
572 8078
572 7633
573 9613
573 1369
573 2036
574 3942
574 1993
574 548
575 4242
575 4440
575 8867
576 3413
576 6427
576 2278
577 5944
577 1323
577 1438
578 801
578 8590
578 9432
579 8148
579 406
579 1725
580 6757
580 2363
580 6821
581 6709
581 5997
581 7030
582 1171
582 4936
582 769
583 8981
583 6184
583 6668
584 8874
584 5656
584 966
585 7278
585 980
585 1874
586 5139
586 4111
586 1244
587 7816
587 6726
587 4251
588 9229
588 9325
588 1293
589 9630
589 9773
589 4900
590 2360
590 8688
590 7693
591 9824
591 6646
591 9880
592 3863
592 6337
592 3418
593 5316
593 9152
593 2875
594 9943
594 9862
594 8694
595 8574
595 4694
595 6596
596 9696
596 1645
596 6470
597 3036
597 1374
597 678
598 8130
598 320
598 5045
599 1482
599 7295
599 722
600 1772
600 3207
600 3765
601 9853
601 6993
601 5208
602 9049
602 9729
602 4615
603 7331
603 3641
603 4251
604 1521
604 1946
604 70
605 7325
605 2855
605 1600
606 4221
606 8018
606 5142
607 8970
607 2672
607 7752
608 8091
608 787
608 4650
609 2257
609 6652
609 3779
610 9664
610 3004
610 9424
611 3798
611 2621
611 6358
612 7103
612 6574
612 1526
613 1202
613 6674
613 6225
614 1771
614 3695
614 5213
615 5393
615 2006
615 1561
616 7945
616 6442
616 5748
617 7874
617 9596
617 6383
618 1894
618 5708
618 9742
619 250
619 9729
619 1300
620 5414
620 825
620 8993
621 9221
621 7704
621 8958
622 4910
622 3194
622 3407
623 8062
623 1765
623 817
624 4650
624 7052
624 9343
625 2472
625 1338
625 9085
626 5642
626 1977
626 8367
627 6289
627 5387
627 2204
628 1783
628 3966
628 4284
629 3862
629 5650
629 6107
630 1694
630 7220
630 2114
631 7003
631 5835
631 857
632 3258
632 8305
632 7244
633 8922
633 6954
633 8328
634 8841
634 9561
634 6869
635 7446
635 9051
635 5494
636 3949
636 9051
636 1353
637 2818
637 4568
637 5554
638 2612
638 662
638 4045
639 8112
639 4648
639 4278
640 5864
640 4139
640 7448
641 2085
641 40
641 6661
642 3018
642 2249
642 3663
643 8269
643 705
643 7746
644 4305
644 1437
644 9012
645 7177
645 930
645 7165
646 2936
646 6875
646 7048
647 833
647 7735
647 5559
648 3174
648 518
648 9827
649 5747
649 5393
649 7608
650 2139
650 3519
650 7039
651 8354
651 3938
651 1723
652 4554
652 7196
652 47
653 8487
653 3430
653 1764
654 8507
654 3675
654 2831
655 859
655 4234
655 1935
656 526
656 8999
656 5313
657 3278
657 2630
657 7218
658 6170
658 8974
658 5188
659 3990
659 5258
659 2528
660 2052
660 8267
660 8452
661 2162
661 6455
661 9035
662 8927
662 28
662 5673
663 1761
663 9162
663 1539
664 6344
664 1664
664 9754
665 5572
665 6580
665 6300
666 8939
666 1767
666 8206
667 7699
667 431
667 8262
668 1659
668 3139
668 3137
669 4364
669 4236
669 4675
670 199
670 6992
670 5131
671 3331
671 5226
671 6848
672 2808
672 5597
672 7225
673 6190
673 3921
673 1993
674 2381
674 8268
674 4160
675 568
675 9165
675 1621
676 4903
676 9429
676 7800
677 9293
677 1713
677 38
678 9033
678 7432
678 7504
679 9863
679 2183
679 4703
680 6398
680 8094
680 4021
681 2558
681 1897
681 6461
682 7294
682 6820
682 3498
683 3373
683 4854
683 6052
684 1752
684 1022
684 2132
685 8586
685 5316
685 2875
686 9762
686 8858
686 3582
687 8051
687 761
687 3333
688 4440
688 7386
688 1680
689 9395
689 8500
689 3869
690 3885
690 1905
690 2995
691 1350
691 437
691 8935
692 5603
692 2609
692 8401
693 6964
693 7768
693 4588
694 6398
694 318
694 1848
695 6159
695 873
695 1311
696 1331
696 5598
696 2400
697 5602
697 4533
697 4250
698 9040
698 6810
698 3818
699 7145
699 2273
699 3220
700 8455
700 5355
700 6396
701 5812
701 5142
701 5577
702 9617
702 5611
702 3444
703 1785
703 5982
703 9274
704 9497
704 227
704 1265
705 7826
705 21
705 7289
706 4267
706 6277
706 9301
707 8250
707 8461
707 6461
708 9250
708 5873
708 9811
709 386
709 510
709 7855
710 8574
710 671
710 6409
711 1683
711 5023
711 2017
712 2714
712 9441
712 1047
713 9274
713 8613
713 4870
714 3308
714 6123
714 8787
715 3826
715 7933
715 6416
716 691
716 2905
716 8309
717 4010
717 9192
717 9484
718 3153
718 3018
718 1483
719 5954
719 7330
719 4724
720 3804
720 1748
720 288
721 8333
721 1881
721 5242
722 5751
722 9698
722 2588
723 8144
723 871
723 8034
724 6019
724 3588
724 392
725 171
725 5058
725 3247
726 4470
726 2156
726 2823
727 9801
727 1650
727 1023
728 5979
728 9440
728 1726
729 2645
729 6109
729 9654
730 5594
730 5339
730 9366
731 5694
731 448
731 8622
732 4241
732 6616
732 3278
733 4088
733 6030
733 5505
734 421
734 4554
734 7957
735 9320
735 325
735 1889
736 1025
736 7490
736 665
737 6543
737 6023
737 429
738 3109
738 2278
738 7045
739 4306
739 7175
739 2628
740 3553
740 9558
740 9228
741 7027
741 1615
741 5659
742 878
742 3650
742 7287
743 7112
743 3397
743 1358
744 1292
744 386
744 3006
745 4264
745 8481
745 2074
746 4904
746 8694
746 6714
747 8692
747 4515
747 4883
748 6117
748 3826
748 9470
749 5394
749 9751
749 665
750 7956
750 8341
750 7013
751 1686
751 4949
751 4773
752 2285
752 674
752 8851
753 6250
753 8646
753 1542
754 8048
754 1715
754 110
755 871
755 4914
755 3157
756 5540
756 8773
756 9178
757 1645
757 5970
757 8749
758 2793
758 782
758 6926
759 4989
759 5839
759 273
760 8483
760 1992
760 9513
761 641
761 8845
761 6853
762 4610
762 1993
762 5011
763 7377
763 1227
763 1831
764 612
764 7994
764 374
765 5103
765 4979
765 9829
766 5623
766 7746
766 9877
767 3158
767 2738
767 8552
768 684
768 6546
768 6778
769 1720
769 7018
769 8724
770 3061
770 1741
770 8533
771 8088
771 8139
771 6417
772 1213
772 4154
772 8757
773 4064
773 6437
773 632
774 8727
774 9827
774 2325
775 3767
775 1165
775 9284
776 5396
776 8512
776 5919
777 6805
777 2653
777 8331
778 1414
778 7566
778 2399
779 1140
779 8905
779 6499
780 4692
780 1172
780 3097
781 5464
781 373
781 1340
782 6440
782 5475
782 6381
783 4867
783 5648
783 4803
784 8783
784 890
784 792
785 5430
785 726
785 7949
786 8233
786 269
786 9659
787 4074
787 529
787 5460
788 3501
788 2395
788 2245
789 3555
789 5755
789 7564
790 4097
790 4936
790 1777
791 7465
791 5323
791 445
792 7538
792 3672
792 2315
793 327
793 3666
793 9167
794 2548
794 3171
794 1305
795 8842
795 5586
795 5646
796 7903
796 1455
796 8589
797 1531
797 1018
797 6430
798 9515
798 6533
798 3988
799 5517
799 8346
799 9341
800 9955
800 1785
800 8874
801 8778
801 4278
801 926
802 4103
802 2251
802 3489
803 9477
803 7955
803 5306
804 2429
804 5731
804 1597
805 5205
805 4592
805 7736
806 9184
806 9248
806 360
807 6203
807 9584
807 498
808 5407
808 581
808 9354
809 3117
809 1029
809 5373
810 2262
810 9991
810 287
811 3809
811 4450
811 7296
812 6012
812 5673
812 8473
813 2341
813 985
813 4443
814 8073
814 9655
814 6155
815 212
815 4020
815 5329
816 7082
816 5891
816 3693
817 8901
817 8020
817 6702
818 1560
818 3435
818 6506
819 6012
819 6912
819 764
820 2588
820 1874
820 9665
821 4429
821 148
821 3372
822 5185
822 4710
822 1718
823 9982
823 2435
823 6124
824 3736
824 4113
824 21
825 866
825 5569
825 6450
826 7960
826 3055
826 2411
827 2304
827 301
827 5098
828 8708
828 6906
828 5484
829 3003
829 7654
829 6134
830 7449
830 7644
830 9523
831 1013
831 2996
831 1691
832 2761
832 1171
832 9279
833 5463
833 6620
833 3335
834 7413
834 3541
834 1701
835 8027
835 4887
835 8138
836 7643
836 8140
836 5009
837 1239
837 6494
837 254
838 6745
838 6986
838 8684
839 1055
839 2137
839 3481
840 7195
840 9547
840 8451
841 639
841 5982
841 8837
842 7293
842 1931
842 7021
843 7871
843 4889
843 5103
844 5593
844 3253
844 8339
845 6783
845 332
845 199
846 8632
846 7381
846 5962
847 4939
847 4776
847 5995
848 1689
848 8419
848 593
849 4273
849 8874
849 9420
850 9614
850 3606
850 8952
851 7875
851 9700
851 1293
852 2440
852 4240
852 2023
853 5121
853 7343
853 7092
854 6650
854 2647
854 839
855 5360
855 4312
855 6676
856 6735
856 5947
856 6836
857 2155
857 8511
857 1632
858 9149
858 9162
858 4004
859 518
859 3352
859 7619
860 109
860 5146
860 4970
861 8700
861 8773
861 5910
862 5867
862 4705
862 1040
863 3700
863 347
863 1628
864 784
864 6881
864 4752
865 8323
865 7652
865 6079
866 4080
866 8696
866 846
867 6148
867 2735
867 9851
868 8336
868 721
868 4365
869 7131
869 6622
869 8835
870 5554
870 1668
870 906
871 5773
871 7225
871 449
872 6667
872 106
872 829
873 4936
873 2173
873 7405
874 9278
874 6755
874 9165
875 8193
875 7887
875 2433
876 1077
876 3327
876 4523
877 2438
877 4349
877 388
878 5883
878 3633
878 4479
879 7946
879 5478
879 1083
880 8290
880 501
880 3396
881 6109
881 5747
881 9313
882 4278
882 8061
882 2555
883 4527
883 6486
883 5521
884 8484
884 5522
884 6992
885 5474
885 8180
885 5364
886 9322
886 6182
886 5857
887 4773
887 1412
887 2927
888 2268
888 7951
888 7293
889 1226
889 4971
889 9480
890 8928
890 4412
890 7536
891 5940
891 4188
891 381
892 2906
892 3016
892 7714
893 8527
893 8243
893 7952
894 5939
894 2886
894 1483
895 3985
895 4852
895 2760
896 937
896 2957
896 7386
897 8316
897 8945
897 5273
898 3415
898 4244
898 8887
899 4856
899 2853
899 5216
900 9325
900 7433
900 8400
901 8035
901 194
901 8709
902 1097
902 1912
902 1034
903 277
903 7497
903 1798
904 8963
904 9071
904 8435
905 5583
905 8340
905 2195
906 6089
906 3766
906 4891
907 8246
907 4128
907 8209
908 8956
908 4987
908 5368
909 4107
909 8852
909 6340
910 9984
910 390
910 8186
911 665
911 4435
911 6980
912 3471
912 1495
912 3550
913 3302
913 5295
913 1903
914 3532
914 1570
914 453
915 5715
915 7538
915 9740
916 3088
916 9460
916 4651
917 6077
917 1101
917 471
918 2366
918 1667
918 1977
919 5186
919 8727
919 4631
920 5906
920 8080
920 7205
921 9915
921 8424
921 4912
922 7787
922 7332
922 5703
923 3120
923 7209
923 6222
924 660
924 2750
924 3872
925 8658
925 3488
925 3719
926 2539
926 3350
926 1766
927 4194
927 5500
927 5052
928 4553
928 2872
928 206
929 5427
929 8309
929 6063
930 6184
930 8280
930 4003
931 7913
931 5396
931 9249
932 2391
932 3713
932 7680
933 4532
933 3634
933 1037
934 3355
934 6324
934 723
935 853
935 5116
935 1552
936 2625
936 9127
936 194
937 6059
937 7753
937 8432
938 9500
938 684
938 1258
939 1214
939 2404
939 1866
940 2428
940 2693
940 5430
941 9834
941 561
941 7118
942 5583
942 8466
942 8007
943 5158
943 5037
943 5885
944 7083
944 1919
944 1852
945 7898
945 4947
945 7413
946 9464
946 1360
946 9777
947 9888
947 2678
947 9615
948 7820
948 7853
948 3465
949 9553
949 7004
949 4089
950 1111
950 7009
950 3372
951 8013
951 959
951 5490
952 3427
952 5498
952 1168
953 8921
953 4969
953 3136
954 4955
954 9556
954 3476
955 5224
955 3455
955 6590
956 371
956 4710
956 6424
957 7887
957 25
957 9338
958 8249
958 9750
958 8123
959 8182
959 4395
959 8375
960 6041
960 7522
960 7111
961 2120
961 1086
961 8957
962 6641
962 1994
962 8119
963 650
963 9280
963 5811
964 4620
964 2772
964 8181
965 5843
965 1596
965 5771
966 2012
966 8802
966 6158
967 1290
967 2127
967 5070
968 2521
968 5339
968 6518
969 3939
969 5185
969 1923
970 2615
970 9485
970 1272
971 2361
971 8593
971 5526
972 4935
972 1036
972 1209
973 6
973 7776
973 6909
974 874
974 6779
974 3567
975 9690
975 4239
975 5913
976 1464
976 2105
976 8741
977 9714
977 1694
977 5240
978 759
978 2934
978 4797
979 4320
979 3016
979 745
980 2281
980 8775
980 4661
981 3241
981 3144
981 242
982 9256
982 8362
982 884
983 3038
983 8515
983 8263
984 7429
984 4212
984 8852
985 1562
985 6983
985 5449
986 4444
986 4184
986 1075
987 4014
987 651
987 6397
988 2363
988 6556
988 7237
989 831
989 6374
989 8160
990 3101
990 7846
990 11
991 5818
991 9654
991 7824
992 6726
992 6037
992 2009
993 3347
993 2252
993 4352
994 6292
994 4084
994 1857
995 9006
995 1747
995 7170
996 725
996 6102
996 690
997 7009
997 3098
997 5185
998 5378
998 9413
998 4598
999 7761
999 2160
999 2114
1000 5227
1000 6342
1000 9615
1001 7890
1001 3469
1001 747
1002 2765
1002 5433
1002 8334
1003 6780
1003 4382
1003 9347
1004 7464
1004 6616
1004 5499
1005 9776
1005 268
1005 1621
1006 4130
1006 6112
1006 3071
1007 9141
1007 4146
1007 9525
1008 8109
1008 2240
1008 6156
1009 5883
1009 8055
1009 4756
1010 296
1010 6165
1010 5494
1011 5505
1011 6375
1011 9932
1012 4731
1012 1387
1012 8129
1013 7269
1013 9000
1013 8302
1014 909
1014 365
1014 1126
1015 7782
1015 1549
1015 5182
1016 8654
1016 6336
1016 7448
1017 9447
1017 7056
1017 6465
1018 8016
1018 5394
1018 4585
1019 4913
1019 892
1019 8735
1020 528
1020 5135
1020 8779
1021 1836
1021 497
1021 1072
1022 3384
1022 9146
1022 2654
1023 8717
1023 803
1023 6789
1024 567
1024 3408
1024 435
1025 3566
1025 6452
1025 9337
1026 8327
1026 5305
1026 6186
1027 2702
1027 8799
1027 1597
1028 1686
1028 1567
1028 35
1029 3439
1029 8349
1029 4346
1030 8138
1030 4191
1030 4417
1031 8808
1031 2746
1031 9380
1032 1829
1032 7140
1032 6687
1033 8629
1033 5918
1033 9202
1034 8377
1034 6353
1034 8422
1035 4513
1035 8835
1035 9264
1036 8961
1036 8393
1036 8196
1037 9014
1037 6302
1037 7633
1038 1286
1038 8719
1038 4033
1039 4938
1039 4576
1039 9757
1040 5582
1040 3992
1040 6607
1041 7425
1041 1202
1041 4494
1042 1505
1042 6147
1042 7465
1043 5449
1043 5213
1043 9416
1044 3085
1044 58
1044 6157
1045 8985
1045 8391
1045 9467
1046 9670
1046 1784
1046 823
1047 7369
1047 1141
1047 2548
1048 7661
1048 7109
1048 6861
1049 5718
1049 2413
1049 4064
1050 383
1050 1315
1050 4015
1051 2309
1051 6292
1051 6212
1052 9495
1052 8841
1052 619
1053 1444
1053 3886
1053 5321
1054 1898
1054 6959
1054 4410
1055 3359
1055 328
1055 3378
1056 4990
1056 2093
1056 6821
1057 4847
1057 6541
1057 1039
1058 8647
1058 9443
1058 2469
1059 3075
1059 1828
1059 6734
1060 180
1060 4755
1060 6097
1061 61
1061 4086
1061 9560
1062 3213
1062 8239
1062 6887
1063 8053
1063 6827
1063 4343
1064 5584
1064 6934
1064 8433
1065 3603
1065 678
1065 6181
1066 4280
1066 3942
1066 1814
1067 3084
1067 3259
1067 3798
1068 6097
1068 6507
1068 2838
1069 5528
1069 8962
1069 458
1070 137
1070 9773
1070 1305
1071 1188
1071 9828
1071 7209
1072 660
1072 4743
1072 2220
1073 8427
1073 5679
1073 8820
1074 734
1074 7469
1074 5069
1075 2937
1075 269
1075 7736
1076 5903
1076 3750
1076 5827
1077 4447
1077 3046
1077 5167
1078 2737
1078 2816
1078 7147
1079 4170
1079 2422
1079 7193
1080 7015
1080 6419
1080 1047
1081 8166
1081 9133
1081 9540
1082 7243
1082 5286
1082 2327
1083 5328
1083 7930
1083 3925
1084 4843
1084 6759
1084 1108
1085 6919
1085 1757
1085 5857
1086 8247
1086 7293
1086 4113
1087 6355
1087 7886
1087 3641
1088 3527
1088 9424
1088 8412
1089 2674
1089 4294
1089 9583
1090 890
1090 3628
1090 4211
1091 1045
1091 5215
1091 2995
1092 9889
1092 1725
1092 5588
1093 9746
1093 1348
1093 8330
1094 4475
1094 9224
1094 110
1095 7185
1095 3941
1095 1815
1096 1545
1096 3185
1096 5959
1097 3400
1097 5803
1097 4271
1098 3558
1098 6139
1098 5210
1099 6230
1099 1466
1099 3472
1100 5602
1100 4471
1100 4307
1101 546
1101 1142
1101 3138
1102 1279
1102 7143
1102 7727
1103 614
1103 5006
1103 5094
1104 6364
1104 2144
1104 2194
1105 1330
1105 4880
1105 8402
1106 4311
1106 5656
1106 8938
1107 1598
1107 3069
1107 9046
1108 5757
1108 1630
1108 6719
1109 25
1109 1888
1109 9333
1110 5605
1110 2220
1110 620
1111 5985
1111 9105
1111 42
1112 6426
1112 4997
1112 4134
1113 9383
1113 2096
1113 5774
1114 2909
1114 6905
1114 5024
1115 707
1115 7517
1115 7704
1116 6509
1116 469
1116 5523
1117 3200
1117 2266
1117 3690
1118 7141
1118 39
1118 2309
1119 6996
1119 3125
1119 7328
1120 6717
1120 9486
1120 5560
1121 9491
1121 5831
1121 1440
1122 160
1122 3512
1122 6484
1123 2461
1123 315
1123 1869
1124 916
1124 2313
1124 6963
1125 1894
1125 5785
1125 2086
1126 6548
1126 6237
1126 886
1127 6096
1127 4687
1127 5309
1128 9886
1128 3623
1128 1199
1129 7630
1129 5304
1129 6210
1130 2485
1130 1990
1130 512
1131 7641
1131 5737
1131 3931
1132 4621
1132 3047
1132 1103
1133 2348
1133 4656
1133 9904
1134 6531
1134 7236
1134 4833
1135 1712
1135 5491
1135 7954
1136 8493
1136 8668
1136 3219
1137 5515
1137 152
1137 4752
1138 6990
1138 3925
1138 3926
1139 4786
1139 7025
1139 5180
1140 461
1140 3493
1140 3262
1141 8820
1141 2553
1141 9222
1142 8665
1142 8642
1142 1431
1143 9241
1143 7325
1143 5575
1144 6129
1144 6885
1144 8198
1145 7716
1145 2642
1145 4526
1146 5612
1146 2854
1146 3382
1147 3475
1147 6130
1147 7155
1148 7170
1148 1335
1148 9898
1149 6238
1149 5533
1149 688
1150 324
1150 8161
1150 8169
1151 5474
1151 289
1151 4762
1152 1212
1152 3432
1152 1151
1153 2538
1153 1924
1153 6997
1154 3910
1154 8384
1154 2189
1155 4085
1155 9431
1155 3939
1156 3287
1156 7695
1156 9463
1157 2813
1157 4344
1157 9434
1158 1845
1158 7177
1158 4845
1159 2157
1159 3689
1159 5972
1160 2531
1160 5567
1160 3058
1161 9704
1161 1136
1161 8709
1162 7065
1162 2599
1162 541
1163 4329
1163 9597
1163 6026
1164 2542
1164 7077
1164 6943
1165 9341
1165 7244
1165 2726
1166 7752
1166 7571
1166 1916
1167 3404
1167 6292
1167 1747
1168 9316
1168 22
1168 8183
1169 1781
1169 1998
1169 6970
1170 7956
1170 7329
1170 1165
1171 1810
1171 6353
1171 7800
1172 3489
1172 817
1172 591
1173 2298
1173 9024
1173 2512
1174 3987
1174 185
1174 4271
1175 6986
1175 2266
1175 9316
1176 9861
1176 9515
1176 9312
1177 6206
1177 6528
1177 7850
1178 4766
1178 9938
1178 8819
1179 9797
1179 5709
1179 9790
1180 5023
1180 4549
1180 5450
1181 799
1181 724
1181 2976
1182 4601
1182 9166
1182 3237
1183 7658
1183 2867
1183 2176
1184 9698
1184 3845
1184 5722
1185 9536
1185 427
1185 9614
1186 6986
1186 296
1186 2833
1187 9745
1187 1475
1187 6995
1188 8988
1188 6875
1188 8271
1189 7713
1189 1657
1189 9868
1190 6575
1190 3179
1190 9027
1191 3925
1191 3339
1191 3954
1192 5249
1192 4464
1192 2344
1193 1197
1193 7181
1193 7688
1194 8994
1194 9890
1194 9598
1195 8013
1195 4054
1195 1073
1196 6929
1196 2592
1196 1006
1197 3895
1197 5007
1197 8399
1198 3016
1198 8312
1198 3718
1199 2293
1199 3336
1199 4082
1200 5482
1200 898
1200 5163
1201 1357
1201 1248
1201 8923
1202 8073
1202 5561
1202 8892
1203 3994
1203 1655
1203 8235
1204 238
1204 1295
1204 6374
1205 2082
1205 6308
1205 2182
1206 8924
1206 269
1206 9811
1207 862
1207 2241
1207 9482
1208 7838
1208 4352
1208 7771
1209 7557
1209 7002
1209 1320
1210 2600
1210 2463
1210 4851
1211 2212
1211 317
1211 4225
1212 4591
1212 4562
1212 1663
1213 315
1213 5194
1213 1587
1214 6038
1214 4675
1214 6772
1215 9011
1215 7190
1215 202
1216 2143
1216 2074
1216 6844
1217 6574
1217 7516
1217 3740
1218 1511
1218 8637
1218 7230
1219 3191
1219 8359
1219 9493
1220 6461
1220 295
1220 782
1221 6537
1221 5038
1221 7898
1222 2004
1222 4845
1222 4824
1223 8414
1223 1227
1223 4357
1224 7435
1224 7980
1224 3162
1225 8141
1225 8520
1225 5570
1226 9010
1226 1625
1226 7049
1227 3369
1227 99
1227 8898
1228 8329
1228 6553
1228 8332
1229 2342
1229 493
1229 8086
1230 4667
1230 7806
1230 2358
1231 4166
1231 1989
1231 7606
1232 23
1232 8204
1232 119
1233 6428
1233 3154
1233 23
1234 1087
1234 4698
1234 986
1235 5550
1235 3127
1235 2079
1236 760
1236 8339
1236 9681
1237 3683
1237 6579
1237 2790
1238 4017
1238 7137
1238 8873
1239 5186
1239 2172
1239 9657
1240 9653
1240 977
1240 7361
1241 6549
1241 194
1241 9387
1242 3634
1242 397
1242 4709
1243 5952
1243 6288
1243 7214
1244 1551
1244 5177
1244 7769
1245 3851
1245 5395
1245 4490
1246 4617
1246 2045
1246 5818
1247 5205
1247 2689
1247 8379
1248 6076
1248 8392
1248 882
1249 8916
1249 5879
1249 5582
1250 7038
1250 9264
1250 3464
1251 7611
1251 8352
1251 8747
1252 940
1252 9801
1252 8995
1253 7256
1253 7583
1253 2739
1254 6441
1254 5877
1254 1711
1255 802
1255 4667
1255 381
1256 2159
1256 7161
1256 3683
1257 4658
1257 6517
1257 9531
1258 2161
1258 1047
1258 4178
1259 2858
1259 4002
1259 6661
1260 8368
1260 5566
1260 8163
1261 6321
1261 5203
1261 2018
1262 6471
1262 4840
1262 416
1263 1487
1263 6173
1263 493
1264 3503
1264 1883
1264 8701
1265 9714
1265 595
1265 2018
1266 972
1266 7810
1266 1186
1267 2947
1267 9084
1267 4179
1268 998
1268 1037
1268 5028
1269 873
1269 927
1269 7665
1270 5971
1270 7630
1270 6983
1271 297
1271 9776
1271 5424
1272 2039
1272 656
1272 2096
1273 7067
1273 4260
1273 8873
1274 2121
1274 2209
1274 2541
1275 5846
1275 2020
1275 9288
1276 59
1276 2498
1276 1828
1277 8135
1277 3400
1277 8678
1278 3726
1278 1930
1278 308
1279 8370
1279 2668
1279 5133
1280 9785
1280 4275
1280 8147
1281 1719
1281 4253
1281 8586
1282 3059
1282 683
1282 4570
1283 8791
1283 6967
1283 8057
1284 9211
1284 6135
1284 7027
1285 9858
1285 6064
1285 129
1286 3087
1286 6804
1286 8115
1287 7836
1287 3853
1287 2068
1288 374
1288 5835
1288 6724
1289 2406
1289 648
1289 1395
1290 5208
1290 9706
1290 4043
1291 1886
1291 19
1291 417
1292 2471
1292 6993
1292 2969
1293 8268
1293 114
1293 1551
1294 2063
1294 6376
1294 6430
1295 5666
1295 5557
1295 5304
1296 9337
1296 9361
1296 3260
1297 1724
1297 4879
1297 1375
1298 6940
1298 1305
1298 6130
1299 781
1299 9113
1299 6485
1300 5317
1300 7124
1300 4097
1301 880
1301 3707
1301 9020
1302 4269
1302 2409
1302 657
1303 1628
1303 2180
1303 7458
1304 8215
1304 1797
1304 5178
1305 1026
1305 4097
1305 6375
1306 478
1306 3999
1306 9701
1307 7751
1307 4541
1307 9042
1308 1055
1308 6708
1308 4150
1309 3516
1309 8266
1309 1663
1310 6946
1310 7320
1310 8298
1311 9062
1311 5438
1311 2931
1312 9472
1312 2507
1312 4359
1313 51
1313 3607
1313 2761
1314 9586
1314 9312
1314 6782
1315 3353
1315 4398
1315 5484
1316 3208
1316 1973
1316 5553
1317 3307
1317 7412
1317 9348
1318 8204
1318 8795
1318 7381
1319 5468
1319 9270
1319 4696
1320 8648
1320 3295
1320 3715
1321 8012
1321 9512
1321 544
1322 121
1322 9563
1322 9605
1323 6545
1323 444
1323 8168
1324 6396
1324 5940
1324 6543
1325 9310
1325 6377
1325 3753
1326 1129
1326 7691
1326 4109
1327 5755
1327 4563
1327 6720
1328 4321
1328 2642
1328 3219
1329 2017
1329 6045
1329 8262
1330 9379
1330 7064
1330 4954
1331 6675
1331 1122
1331 1210
1332 9852
1332 5348
1332 3654
1333 8433
1333 1428
1333 4691
1334 8468
1334 9330
1334 3195
1335 3697
1335 2099
1335 8710
1336 2513
1336 2117
1336 7626
1337 93
1337 487
1337 9206
1338 8205
1338 1557
1338 7155
1339 5337
1339 8850
1339 6259
1340 2333
1340 7385
1340 789
1341 1082
1341 8549
1341 8805
1342 1077
1342 2231
1342 8146
1343 4184
1343 2038
1343 6254
1344 7527
1344 9787
1344 5507
1345 6912
1345 35
1345 8991
1346 1902
1346 3166
1346 1211
1347 2214
1347 9143
1347 5690
1348 1218
1348 2783
1348 2544
1349 1612
1349 4700
1349 4295
1350 3986
1350 3725
1350 5139
1351 102
1351 2558
1351 7271
1352 4096
1352 3427
1352 3358
1353 9053
1353 5660
1353 3541
1354 6034
1354 8457
1354 1572
1355 8000
1355 3207
1355 8799
1356 9625
1356 8850
1356 6790
1357 9020
1357 3950
1357 3955
1358 4639
1358 8800
1358 2415
1359 6347
1359 3665
1359 3607
1360 2868
1360 7951
1360 2017
1361 5818
1361 8342
1361 3953
1362 9501
1362 8438
1362 5395
1363 5294
1363 8711
1363 1772
1364 3815
1364 579
1364 607
1365 8421
1365 6427
1365 2278
1366 1656
1366 8440
1366 958
1367 9621
1367 9866
1367 2320
1368 9464
1368 8602
1368 2277
1369 754
1369 5664
1369 3893
1370 7370
1370 9042
1370 6343
1371 1146
1371 2737
1371 1621
1372 7133
1372 6423
1372 9652
1373 3864
1373 9555
1373 7109
1374 9418
1374 123
1374 2930
1375 9838
1375 8626
1375 8782
1376 3572
1376 8524
1376 4386
1377 9569
1377 8953
1377 340
1378 1959
1378 5938
1378 4679
1379 7597
1379 8290
1379 2631
1380 7579
1380 80
1380 2385
1381 6016
1381 9672
1381 1249
1382 7474
1382 3773
1382 2628
1383 8749
1383 9362
1383 663
1384 2888
1384 2371
1384 431
1385 208
1385 7796
1385 8188
1386 9464
1386 870
1386 831
1387 4540
1387 4007
1387 1002
1388 9815
1388 5627
1388 174
1389 3682
1389 7386
1389 8135
1390 736
1390 8692
1390 9777
1391 579
1391 5472
1391 3965
1392 2713
1392 4799
1392 8696
1393 9199
1393 6870
1393 9796
1394 2835
1394 560
1394 7549
1395 162
1395 4682
1395 97
1396 9584
1396 7438
1396 7612
1397 9671
1397 4382
1397 5667
1398 8265
1398 2216
1398 9478
1399 5767
1399 7119
1399 2407
1400 8989
1400 9569
1400 2184
1401 1569
1401 6963
1401 9157
1402 951
1402 8630
1402 9116
1403 1484
1403 5633
1403 8764
1404 8269
1404 7119
1404 2827
1405 6759
1405 6652
1405 9907
1406 7884
1406 5219
1406 4880
1407 2031
1407 4028
1407 6927
1408 586
1408 5863
1408 479
1409 455
1409 1642
1409 641
1410 2055
1410 2265
1410 4121
1411 9593
1411 7074
1411 1711
1412 5209
1412 1729
1412 1385
1413 4255
1413 7920
1413 683
1414 3545
1414 361
1414 6942
1415 2967
1415 4009
1415 8273
1416 6513
1416 943
1416 1228
1417 9125
1417 580
1417 2962
1418 6544
1418 4651
1418 9173
1419 1198
1419 3928
1419 5382
1420 4847
1420 3483
1420 3053
1421 3648
1421 8800
1421 2023
1422 1618
1422 140
1422 5768
1423 2172
1423 5288
1423 3209
1424 9584
1424 1322
1424 833
1425 3134
1425 8218
1425 2437
1426 4126
1426 1380
1426 4148
1427 9189
1427 6716
1427 9652
1428 3439
1428 4591
1428 5327
1429 7321
1429 8232
1429 3440
1430 7925
1430 8101
1430 9735
1431 194
1431 8081
1431 2085
1432 3661
1432 355
1432 6322
1433 6830
1433 8040
1433 6587
1434 6964
1434 1238
1434 4159
1435 8145
1435 3142
1435 9651
1436 2311
1436 7780
1436 7795
1437 3907
1437 9655
1437 488
1438 6942
1438 7647
1438 1686
1439 7232
1439 9974
1439 3414
1440 1105
1440 9078
1440 3981
1441 4964
1441 1654
1441 360
1442 3435
1442 8927
1442 5374
1443 5598
1443 715
1443 9028
1444 3864
1444 6092
1444 7582
1445 3460
1445 9916
1445 7433
1446 3447
1446 6271
1446 1126
1447 763
1447 6609
1447 7805
1448 2836
1448 2713
1448 4730
1449 7136
1449 205
1449 1426
1450 3613
1450 2184
1450 6701
1451 4819
1451 9651
1451 9184
1452 5200
1452 53
1452 1545
1453 1278
1453 7946
1453 7521
1454 325
1454 1518
1454 3144
1455 5971
1455 3740
1455 233
1456 6355
1456 5765
1456 552
1457 9477
1457 4007
1457 4412
1458 626
1458 6748
1458 2512
1459 6638
1459 2023
1459 8385
1460 3241
1460 9455
1460 2991
1461 2063
1461 863
1461 7318
1462 3245
1462 338
1462 5116
1463 1812
1463 8857
1463 5612
1464 2213
1464 6653
1464 8032
1465 6801
1465 362
1465 2126
1466 7537
1466 7545
1466 334
1467 756
1467 4958
1467 9747
1468 816
1468 7782
1468 7933
1469 5553
1469 9471
1469 2582
1470 7470
1470 6417
1470 5300
1471 1824
1471 7405
1471 3030
1472 8243
1472 2935
1472 1991
1473 4762
1473 6746
1473 9294
1474 509
1474 6810
1474 2966
1475 6662
1475 6314
1475 5924
1476 4990
1476 7164
1476 8642
1477 2090
1477 4366
1477 6905
1478 1006
1478 9677
1478 1620
1479 4268
1479 806
1479 4598
1480 2943
1480 9869
1480 4030
1481 5902
1481 778
1481 2489
1482 5845
1482 5257
1482 9302
1483 7781
1483 543
1483 3891
1484 9626
1484 7231
1484 308
1485 5790
1485 5472
1485 195
1486 3126
1486 1308
1486 8961
1487 3585
1487 653
1487 6151
1488 2971
1488 3445
1488 7480
1489 8016
1489 7833
1489 3448
1490 6154
1490 6420
1490 5815
1491 1881
1491 9674
1491 1345
1492 5910
1492 2614
1492 9307
1493 9211
1493 7963
1493 7942
1494 629
1494 5147
1494 6590
1495 5229
1495 4012
1495 4690
1496 7732
1496 3851
1496 1582
1497 1448
1497 6265
1497 2703
1498 4479
1498 1521
1498 1175
1499 1154
1499 2073
1499 9341
1500 6026
1500 3482
1500 8191
1501 2492
1501 2613
1501 2504
1502 3189
1502 7011
1502 5297
1503 3549
1503 9642
1503 1678
1504 8787
1504 7790
1504 3939
1505 9523
1505 6791
1505 8008
1506 3756
1506 9487
1506 2635
1507 534
1507 9776
1507 215
1508 8873
1508 9479
1508 9689
1509 7990
1509 6929
1509 1128
1510 8199
1510 165
1510 5861
1511 224
1511 5233
1511 1946
1512 2589
1512 9002
1512 4384
1513 4997
1513 7921
1513 6390
1514 2495
1514 5813
1514 9614
1515 1448
1515 2564
1515 1279
1516 2310
1516 5914
1516 3029
1517 3104
1517 4327
1517 5108
1518 2524
1518 3245
1518 1492
1519 6711
1519 5159
1519 516
1520 1471
1520 3970
1520 9312
1521 7469
1521 551
1521 5803
1522 6096
1522 8956
1522 3346
1523 7671
1523 1803
1523 1535
1524 6850
1524 7054
1524 8650
1525 3634
1525 8471
1525 3898
1526 5593
1526 2593
1526 609
1527 1173
1527 320
1527 7099
1528 2382
1528 4900
1528 6848
1529 391
1529 2186
1529 3909
1530 2822
1530 7829
1530 5426
1531 1622
1531 2006
1531 8102
1532 6282
1532 1831
1532 7485
1533 6104
1533 8831
1533 6695
1534 5997
1534 8529
1534 6493
1535 7667
1535 6249
1535 8319
1536 3928
1536 887
1536 3216
1537 4938
1537 9838
1537 8318
1538 8585
1538 8817
1538 1742
1539 1594
1539 26
1539 8164
1540 4197
1540 883
1540 3623
1541 9104
1541 1467
1541 5724
1542 3760
1542 6958
1542 808
1543 4494
1543 1739
1543 6179
1544 5925
1544 8767
1544 8683
1545 5756
1545 2027
1545 8835
1546 2361
1546 2340
1546 9118
1547 2879
1547 3081
1547 4276
1548 4965
1548 4077
1548 2592
1549 3550
1549 6147
1549 6259
1550 4914
1550 6538
1550 3542
1551 8789
1551 2746
1551 6801
1552 230
1552 2284
1552 195
1553 3020
1553 450
1553 2322
1554 520
1554 2711
1554 4971
1555 3684
1555 1324
1555 3366
1556 7710
1556 7303
1556 80
1557 5469
1557 4705
1557 5306
1558 2251
1558 7925
1558 1768
1559 7290
1559 1624
1559 499
1560 6986
1560 8479
1560 9228
1561 1148
1561 4106
1561 135
1562 9649
1562 6222
1562 4505
1563 9616
1563 5975
1563 2690
1564 2387
1564 2029
1564 4066
1565 9187
1565 1867
1565 215
1566 3247
1566 2515
1566 6868
1567 1669
1567 5811
1567 4140
1568 1736
1568 1016
1568 7550
1569 7527
1569 9574
1569 9486
1570 7280
1570 2215
1570 6303
1571 7985
1571 3424
1571 2174
1572 6764
1572 8179
1572 6871
1573 3150
1573 8112
1573 1970
1574 3776
1574 3910
1574 5097
1575 497
1575 1885
1575 3086
1576 1118
1576 897
1576 4691
1577 7188
1577 6881
1577 7052
1578 263
1578 4938
1578 5491
1579 9227
1579 3708
1579 2749
1580 7221
1580 2092
1580 9749
1581 8629
1581 8057
1581 4749
1582 4001
1582 2642
1582 4575
1583 5289
1583 9045
1583 126
1584 6941
1584 6019
1584 3837
1585 9443
1585 3195
1585 1009
1586 8794
1586 3902
1586 1040
1587 7603
1587 9260
1587 441
1588 7553
1588 6082
1588 4702
1589 173
1589 236
1589 6698
1590 7689
1590 4652
1590 9559
1591 6516
1591 1743
1591 1799
1592 1481
1592 1220
1592 9233
1593 929
1593 4051
1593 577
1594 8935
1594 1162
1594 2596
1595 9538
1595 6597
1595 8872
1596 4094
1596 5699
1596 2218
1597 650
1597 2644
1597 7410
1598 199
1598 3273
1598 911
1599 9747
1599 2759
1599 4926
1600 2898
1600 2207
1600 9420
1601 9561
1601 2876
1601 6718
1602 834
1602 2809
1602 1449
1603 100
1603 8759
1603 3568
1604 2249
1604 9428
1604 3495
1605 3116
1605 6960
1605 8245
1606 682
1606 2146
1606 7514
1607 1147
1607 2456
1607 1064
1608 6031
1608 4458
1608 4883
1609 1795
1609 7119
1609 973
1610 1240
1610 8385
1610 2393
1611 1216
1611 7071
1611 3817
1612 6543
1612 4087
1612 1106
1613 4465
1613 53
1613 2984
1614 3976
1614 4745
1614 4270
1615 7699
1615 557
1615 9149
1616 2259
1616 5815
1616 5167
1617 3006
1617 9027
1617 4718
1618 6843
1618 3640
1618 8215
1619 6981
1619 9191
1619 5533
1620 1388
1620 4527
1620 130
1621 841
1621 6134
1621 4544
1622 3467
1622 3857
1622 6805
1623 2629
1623 1329
1623 9650
1624 5956
1624 1743
1624 8631
1625 7582
1625 8217
1625 3399
1626 4103
1626 14
1626 20
1627 9192
1627 46
1627 4996
1628 586
1628 491
1628 6929
1629 502
1629 9392
1629 9966
1630 1461
1630 210
1630 8295
1631 9753
1631 4409
1631 4047
1632 7411
1632 735
1632 9114
1633 3548
1633 2809
1633 411
1634 6332
1634 6520
1634 5367
1635 2226
1635 2996
1635 512
1636 682
1636 560
1636 9282
1637 4345
1637 3295
1637 3770
1638 1071
1638 2808
1638 9355
1639 1273
1639 2862
1639 613
1640 6815
1640 654
1640 9441
1641 5995
1641 2150
1641 3416
1642 7253
1642 1126
1642 2865
1643 7556
1643 2607
1643 7573
1644 7419
1644 1906
1644 2104
1645 7862
1645 5446
1645 8061
1646 6280
1646 1075
1646 9016
1647 9667
1647 5196
1647 305
1648 1537
1648 3613
1648 5485
1649 9412
1649 3482
1649 5849
1650 6235
1650 7055
1650 8462
1651 5848
1651 1595
1651 7126
1652 6494
1652 1041
1652 9775
1653 7541
1653 9926
1653 6351
1654 6665
1654 9848
1654 1919
1655 8047
1655 9682
1655 4419
1656 2705
1656 7279
1656 2371
1657 1946
1657 8959
1657 2342
1658 1772
1658 8170
1658 2197
1659 8307
1659 1115
1659 7211
1660 1662
1660 3185
1660 3298
1661 8179
1661 6212
1661 6042
1662 1663
1662 8921
1662 5974
1663 4903
1663 4227
1663 472
1664 5834
1664 7939
1664 3375
1665 7403
1665 2956
1665 2147
1666 3274
1666 7786
1666 4248
1667 4664
1667 4509
1667 2259
1668 2286
1668 3792
1668 5319
1669 142
1669 9013
1669 4758
1670 8893
1670 4371
1670 8840
1671 7500
1671 1805
1671 3838
1672 6702
1672 1273
1672 3295
1673 8203
1673 5617
1673 1602
1674 6196
1674 1245
1674 8740
1675 3335
1675 4655
1675 7684
1676 5491
1676 1548
1676 7272
1677 5625
1677 1410
1677 4740
1678 5663
1678 8937
1678 4081
1679 9652
1679 5031
1679 789
1680 8983
1680 8652
1680 7564
1681 5077
1681 7942
1681 4133
1682 2069
1682 3970
1682 9405
1683 1486
1683 2296
1683 2795
1684 2640
1684 8381
1684 617
1685 9999
1685 5757
1685 1123
1686 3530
1686 2942
1686 5559
1687 6512
1687 9678
1687 6985
1688 8642
1688 2607
1688 6454
1689 2510
1689 9881
1689 3653
1690 4449
1690 8440
1690 6679
1691 1907
1691 9597
1691 6648
1692 4522
1692 2598
1692 9631
1693 2125
1693 7894
1693 6743
1694 3574
1694 6622
1694 7081
1695 1259
1695 4393
1695 3208
1696 3639
1696 3614
1696 2965
1697 1487
1697 8677
1697 3723
1698 3252
1698 8035
1698 8779
1699 2301
1699 1788
1699 9437
1700 8846
1700 3566
1700 5017
1701 4650
1701 445
1701 4605
1702 2548
1702 9382
1702 9856
1703 1706
1703 6521
1703 1224
1704 1631
1704 6884
1704 1951
1705 8162
1705 6401
1705 235
1706 236
1706 9680
1706 8464
1707 5691
1707 2162
1707 7439
1708 3378
1708 1325
1708 9769
1709 6155
1709 4587
1709 2427
1710 5471
1710 501
1710 3254
1711 6530
1711 5291
1711 5146
1712 2258
1712 7540
1712 9246
1713 8032
1713 4949
1713 3028
1714 7385
1714 7209
1714 5915
1715 7588
1715 162
1715 3606
1716 5787
1716 3969
1716 3000
1717 7685
1717 6958
1717 6394
1718 9959
1718 8285
1718 5690
1719 4684
1719 733
1719 9277
1720 2666
1720 3661
1720 4576
1721 6214
1721 7998
1721 298
1722 4975
1722 5105
1722 3878
1723 719
1723 1813
1723 9813
1724 9466
1724 7444
1724 2221
1725 938
1725 6926
1725 5379
1726 7652
1726 638
1726 660
1727 7465
1727 7772
1727 2046
1728 1902
1728 3922
1728 1423
1729 5765
1729 7809
1729 860
1730 2979
1730 9693
1730 5032
1731 1068
1731 3682
1731 3220
1732 6747
1732 1446
1732 656
1733 2283
1733 3401
1733 3370
1734 1271
1734 1372
1734 5153
1735 1327
1735 4116
1735 5039
1736 1825
1736 1767
1736 7168
1737 8619
1737 1285
1737 8540
1738 836
1738 3863
1738 3936
1739 3665
1739 6150
1739 9752
1740 5354
1740 6207
1740 1274
1741 2276
1741 9276
1741 8177
1742 6201
1742 6943
1742 6116
1743 1812
1743 7169
1743 5916
1744 3450
1744 5082
1744 7321
1745 9168
1745 4584
1745 2482
1746 7011
1746 5391
1746 4364
1747 2516
1747 5300
1747 4252
1748 5164
1748 7870
1748 9295
1749 4883
1749 6393
1749 6861
1750 7164
1750 6845
1750 8125
1751 3591
1751 4675
1751 3549
1752 9790
1752 7096
1752 1029
1753 9701
1753 2519
1753 3239
1754 868
1754 6649
1754 3398
1755 325
1755 66
1755 6564
1756 4746
1756 6892
1756 6699
1757 8050
1757 6409
1757 7904
1758 8334
1758 6863
1758 8256
1759 9161
1759 8984
1759 1921
1760 6074
1760 9018
1760 3307
1761 2462
1761 831
1761 7197
1762 9140
1762 1238
1762 7005
1763 5004
1763 2500
1763 2929
1764 5150
1764 4587
1764 2111
1765 5049
1765 6966
1765 278
1766 3869
1766 7402
1766 9229
1767 1071
1767 1342
1767 1328
1768 9195
1768 603
1768 6153
1769 8216
1769 6232
1769 7834
1770 7014
1770 1140
1770 6473
1771 2514
1771 2251
1771 7736
1772 3443
1772 7670
1772 9298
1773 9018
1773 369
1773 7776
1774 5259
1774 9938
1774 1014
1775 6717
1775 7795
1775 6799
1776 9369
1776 9956
1776 6512
1777 4423
1777 5054
1777 5707
1778 7784
1778 2273
1778 7204
1779 7446
1779 2370
1779 54
1780 8897
1780 9606
1780 2376
1781 1387
1781 3041
1781 1226
1782 2094
1782 8038
1782 4085
1783 5739
1783 9043
1783 4452
1784 8070
1784 1000
1784 2362
1785 2099
1785 2453
1785 8481
1786 976
1786 2317
1786 4252
1787 6986
1787 9348
1787 5900
1788 7090
1788 4289
1788 2257
1789 488
1789 8059
1789 4884
1790 3626
1790 1339
1790 1682
1791 5231
1791 7736
1791 4720
1792 4991
1792 6630
1792 1601
1793 5103
1793 5200
1793 6253
1794 5400
1794 3494
1794 7201
1795 5963
1795 7827
1795 9249
1796 5392
1796 9237
1796 9584
1797 9406
1797 4875
1797 7768
1798 8903
1798 5895
1798 6383
1799 8090
1799 2006
1799 3090
1800 5570
1800 2392
1800 2401
1801 9983
1801 5781
1801 9399
1802 8242
1802 5529
1802 9360
1803 5494
1803 9682
1803 5049
1804 2318
1804 8828
1804 5729
1805 495
1805 5154
1805 137
1806 3649
1806 6956
1806 4253
1807 8637
1807 5191
1807 4856
1808 2344
1808 7790
1808 9925
1809 275
1809 3329
1809 6587
1810 5103
1810 1316
1810 8219
1811 9233
1811 9738
1811 4474
1812 13
1812 7408
1812 5960
1813 4816
1813 1440
1813 4544
1814 136
1814 4656
1814 8229
1815 7035
1815 8449
1815 1155
1816 7344
1816 8758
1816 7211
1817 5046
1817 867
1817 3472
1818 4459
1818 6692
1818 4167
1819 1471
1819 3998
1819 6591
1820 9856
1820 9312
1820 6018
1821 2906
1821 2576
1821 6828
1822 7790
1822 5431
1822 3464
1823 9188
1823 43
1823 5815
1824 3304
1824 52
1824 6186
1825 26
1825 314
1825 763
1826 5880
1826 5580
1826 9385
1827 7322
1827 556
1827 9614
1828 8244
1828 7768
1828 1565
1829 5075
1829 1132
1829 585
1830 4475
1830 4276
1830 9655
1831 5466
1831 3981
1831 8338
1832 8920
1832 717
1832 2920
1833 2395
1833 249
1833 6391
1834 495
1834 4900
1834 5209
1835 837
1835 5152
1835 1599
1836 8182
1836 9899
1836 8887
1837 4871
1837 2525
1837 4826
1838 7579
1838 1938
1838 109
1839 2592
1839 8457
1839 152
1840 724
1840 9000
1840 5397
1841 1117
1841 3368
1841 1936
1842 9224
1842 2431
1842 9405
1843 6674
1843 3734
1843 2777
1844 5500
1844 1158
1844 737
1845 30
1845 337
1845 5833
1846 9359
1846 2957
1846 671
1847 4034
1847 5972
1847 2961
1848 8768
1848 8156
1848 1339
1849 1785
1849 1875
1849 6112
1850 5204
1850 4227
1850 3966
1851 2114
1851 9688
1851 1464
1852 9092
1852 5993
1852 3376
1853 6946
1853 2928
1853 9083
1854 2866
1854 7359
1854 783
1855 3121
1855 8112
1855 1482
1856 191
1856 4472
1856 8316
1857 83
1857 4203
1857 6339
1858 4965
1858 6631
1858 4917
1859 9587
1859 4744
1859 101
1860 9523
1860 3166
1860 3850
1861 4008
1861 8221
1861 6851
1862 2302
1862 5557
1862 559
1863 6060
1863 4439
1863 1579
1864 2915
1864 7502
1864 581
1865 3552
1865 1378
1865 2573
1866 5757
1866 237
1866 4187
1867 3961
1867 7233
1867 2752
1868 310
1868 2726
1868 2224
1869 8356
1869 4223
1869 5659
1870 5786
1870 1964
1870 270
1871 9480
1871 7769
1871 2469
1872 4191
1872 5359
1872 9904
1873 8880
1873 7114
1873 8813
1874 8079
1874 9941
1874 4845
1875 3779
1875 2369
1875 2246
1876 5780
1876 2623
1876 5831
1877 1814
1877 1547
1877 9695
1878 9365
1878 6350
1878 1211
1879 1863
1879 1367
1879 5085
1880 4999
1880 8985
1880 3271
1881 1084
1881 5558
1881 4341
1882 2869
1882 8113
1882 6707
1883 5197
1883 6433
1883 6114
1884 8963
1884 9549
1884 4396
1885 952
1885 1950
1885 4032
1886 5794
1886 9536
1886 7460
1887 11
1887 350
1887 4735
1888 3291
1888 7848
1888 8353
1889 4644
1889 4152
1889 5094
1890 8857
1890 9872
1890 423
1891 2632
1891 5953
1891 1059
1892 6451
1892 9715
1892 9391
1893 2334
1893 883
1893 1447
1894 4063
1894 3008
1894 47
1895 4999
1895 9503
1895 2641
1896 9417
1896 4969
1896 9003
1897 4334
1897 9927
1897 4068
1898 873
1898 824
1898 144
1899 8573
1899 9543
1899 6370
1900 3155
1900 1252
1900 2315
1901 8562
1901 2509
1901 5368
1902 9094
1902 1523
1902 2228
1903 2260
1903 74
1903 3828
1904 1905
1904 7654
1904 5147
1905 485
1905 3265
1905 6491
1906 6855
1906 6036
1906 9623
1907 206
1907 1075
1907 4639
1908 4660
1908 6982
1908 1933
1909 3976
1909 3951
1909 3116
1910 152
1910 1105
1910 6659
1911 1583
1911 8220
1911 2590
1912 9694
1912 3533
1912 360
1913 4521
1913 8875
1913 8012
1914 8435
1914 9200
1914 3398
1915 6145
1915 2178
1915 8740
1916 4827
1916 1939
1916 9978
1917 3961
1917 5613
1917 1814
1918 4963
1918 2434
1918 6563
1919 1145
1919 4354
1919 1177
1920 2612
1920 2776
1920 6167
1921 9980
1921 2531
1921 6260
1922 2878
1922 7442
1922 8514
1923 903
1923 1665
1923 6097
1924 8145
1924 8286
1924 5172
1925 8977
1925 4277
1925 4026
1926 13
1926 5395
1926 7259
1927 538
1927 9896
1927 2491
1928 8101
1928 1684
1928 5943
1929 1695
1929 372
1929 9800
1930 6443
1930 4711
1930 5913
1931 8104
1931 1314
1931 4740
1932 4296
1932 5049
1932 4280
1933 9020
1933 3444
1933 7370
1934 6223
1934 1955
1934 5307
1935 8222
1935 7420
1935 5654
1936 333
1936 6065
1936 5485
1937 2461
1937 3593
1937 1836
1938 3111
1938 1925
1938 5217
1939 2731
1939 6841
1939 8331
1940 5515
1940 1976
1940 8697
1941 4844
1941 9031
1941 3043
1942 5017
1942 9482
1942 6827
1943 4429
1943 2718
1943 7898
1944 5822
1944 9235
1944 4450
1945 2910
1945 5104
1945 106
1946 9605
1946 669
1946 2022
1947 2025
1947 7149
1947 9705
1948 7605
1948 6503
1948 16
1949 3727
1949 4784
1949 9687
1950 6767
1950 8000
1950 9357
1951 1679
1951 5683
1951 6674
1952 83
1952 6560
1952 9744
1953 256
1953 810
1953 5687
1954 1274
1954 8279
1954 9131
1955 3339
1955 1575
1955 5929
1956 737
1956 4123
1956 5368
1957 1458
1957 8145
1957 7502
1958 3370
1958 9952
1958 5575
1959 2294
1959 2750
1959 3838
1960 7945
1960 914
1960 8121
1961 3360
1961 5551
1961 3315
1962 3068
1962 1853
1962 8895
1963 4193
1963 1402
1963 244
1964 9792
1964 4385
1964 2092
1965 1946
1965 6011
1965 6337
1966 5070
1966 990
1966 5677
1967 4850
1967 1430
1967 9643
1968 993
1968 7231
1968 5174
1969 4487
1969 6615
1969 6350
1970 975
1970 5616
1970 9901
1971 5046
1971 1203
1971 1007
1972 2068
1972 4267
1972 2072
1973 7963
1973 1392
1973 1750
1974 5529
1974 5616
1974 1229
1975 392
1975 4692
1975 2625
1976 9264
1976 2030
1976 8316
1977 2957
1977 1079
1977 5207
1978 3405
1978 6164
1978 2354
1979 1117
1979 6868
1979 7548
1980 436
1980 8943
1980 4875
1981 8622
1981 4668
1981 2507
1982 4669
1982 3894
1982 5066
1983 4604
1983 7634
1983 7555
1984 55
1984 5766
1984 105
1985 1269
1985 5337
1985 8876
1986 9175
1986 1107
1986 6526
1987 9389
1987 9463
1987 5667
1988 4559
1988 981
1988 60
1989 9268
1989 283
1989 3641
1990 1159
1990 8805
1990 4602
1991 83
1991 7897
1991 8339
1992 6320
1992 1764
1992 4861
1993 6617
1993 4873
1993 9683
1994 7669
1994 5310
1994 4486
1995 8864
1995 614
1995 6880
1996 7035
1996 4200
1996 2341
1997 8667
1997 2323
1997 1805
1998 1686
1998 3664
1998 5762
1999 6585
1999 1996
1999 3219
2000 6440
2000 1747
2000 4702
2001 5456
2001 2021
2001 6758
2002 6119
2002 9810
2002 733
2003 3566
2003 9386
2003 8334
2004 496
2004 5561
2004 956
2005 1933
2005 1315
2005 9781
2006 4109
2006 7727
2006 6687
2007 7143
2007 6655
2007 4967
2008 6941
2008 6381
2008 3932
2009 5053
2009 5607
2009 659
2010 771
2010 3789
2010 1069
2011 5029
2011 4469
2011 3408
2012 650
2012 7562
2012 911
2013 7773
2013 8077
2013 606
2014 2464
2014 9461
2014 1830
2015 1054
2015 367
2015 4448
2016 3
2016 6702
2016 3656
2017 5925
2017 4190
2017 9197
2018 1166
2018 808
2018 5488
2019 457
2019 1691
2019 4176
2020 255
2020 5007
2020 13
2021 5327
2021 5936
2021 9397
2022 4078
2022 8871
2022 8542
2023 7281
2023 1134
2023 7496
2024 1791
2024 7533
2024 5364
2025 3161
2025 9745
2025 5718
2026 7779
2026 6198
2026 652
2027 3953
2027 2319
2027 1800
2028 4960
2028 4488
2028 183
2029 8556
2029 6203
2029 2828
2030 1466
2030 9160
2030 5777
2031 3684
2031 7856
2031 9909
2032 3690
2032 255
2032 5224
2033 9994
2033 5048
2033 3631
2034 7319
2034 8164
2034 2741
2035 9048
2035 7741
2035 8444
2036 3311
2036 5578
2036 1155
2037 3950
2037 1805
2037 6741
2038 690
2038 7291
2038 7174
2039 3963
2039 2050
2039 6398
2040 6610
2040 3881
2040 3837
2041 3146
2041 458
2041 5622
2042 6179
2042 8293
2042 4737
2043 551
2043 1393
2043 8476
2044 4393
2044 7620
2044 8155
2045 5983
2045 9666
2045 9599
2046 3017
2046 2134
2046 3624
2047 8737
2047 1415
2047 1825
2048 5155
2048 8204
2048 5357
2049 2622
2049 5995
2049 7790
2050 1200
2050 7671
2050 7117
2051 1566
2051 5945
2051 3697
2052 5078
2052 7792
2052 3633
2053 867
2053 3370
2053 1956
2054 7839
2054 9597
2054 6132
2055 3660
2055 3043
2055 7441
2056 616
2056 4959
2056 9875
2057 8002
2057 6406
2057 9174
2058 3848
2058 6114
2058 3728
2059 9350
2059 9389
2059 5215
2060 4481
2060 2574
2060 2
2061 5285
2061 484
2061 6926
2062 2828
2062 9177
2062 9286
2063 5027
2063 8358
2063 1065
2064 3812
2064 4111
2064 7909
2065 1636
2065 6097
2065 878
2066 4029
2066 5434
2066 7959
2067 388
2067 7575
2067 2926
2068 4602
2068 4285
2068 9877
2069 5644
2069 1135
2069 2809
2070 4122
2070 5572
2070 9745
2071 2966
2071 398
2071 1744
2072 5298
2072 4032
2072 7231
2073 4656
2073 8327
2073 2517
2074 6637
2074 8890
2074 6859
2075 8097
2075 8507
2075 4517
2076 7252
2076 4343
2076 9514
2077 799
2077 4135
2077 5382
2078 8699
2078 105
2078 9940
2079 5671
2079 2812
2079 5422
2080 5422
2080 4436
2080 4728
2081 9850
2081 3204
2081 7058
2082 6579
2082 7972
2082 1678
2083 1087
2083 5762
2083 2916
2084 6323
2084 3580
2084 9483
2085 4634
2085 9229
2085 9328
2086 6496
2086 1160
2086 3796
2087 9658
2087 4287
2087 6011
2088 8444
2088 1812
2088 1717
2089 2348
2089 4678
2089 4063
2090 1694
2090 1421
2090 1183
2091 473
2091 5584
2091 3458
2092 6472
2092 8648
2092 5396
2093 9729
2093 2637
2093 1813
2094 621
2094 1405
2094 3375
2095 6930
2095 6339
2095 8676
2096 2179
2096 4865
2096 4388
2097 8568
2097 4831
2097 607
2098 5936
2098 2714
2098 8415
2099 8856
2099 5806
2099 6529
2100 7039
2100 2437
2100 86
2101 4381
2101 4897
2101 3728
2102 165
2102 6388
2102 8149
2103 1500
2103 4632
2103 5080
2104 633
2104 1516
2104 7545
2105 9536
2105 4651
2105 3341
2106 988
2106 3296
2106 3445
2107 1679
2107 9644
2107 6438
2108 7283
2108 2191
2108 3441
2109 2952
2109 4431
2109 3870
2110 3130
2110 8071
2110 7465
2111 2065
2111 3422
2111 9781
2112 4182
2112 8111
2112 2522
2113 4199
2113 9575
2113 6664
2114 390
2114 7527
2114 4251
2115 9336
2115 3667
2115 5899
2116 5112
2116 8590
2116 8410
2117 5351
2117 1839
2117 399
2118 2167
2118 3696
2118 2544
2119 9987
2119 3902
2119 9632
2120 9309
2120 5481
2120 3487
2121 1945
2121 7254
2121 8907
2122 1079
2122 4022
2122 8281
2123 9821
2123 410
2123 7057
2124 5933
2124 878
2124 8710
2125 6635
2125 1627
2125 7883
2126 4918
2126 4242
2126 7474
2127 3683
2127 655
2127 4189
2128 7707
2128 5246
2128 3334
2129 6947
2129 2561
2129 5296
2130 6226
2130 7287
2130 6620
2131 8906
2131 6489
2131 3540
2132 1558
2132 8240
2132 3707
2133 2447
2133 8449
2133 1436
2134 1434
2134 9671
2134 9992
2135 3476
2135 1498
2135 3629
2136 8843
2136 6733
2136 8429
2137 4093
2137 1651
2137 2817
2138 21
2138 6594
2138 9138
2139 5128
2139 3043
2139 5722
2140 5859
2140 569
2140 778
2141 7952
2141 3436
2141 1012
2142 6224
2142 3580
2142 2934
2143 9113
2143 2120
2143 5751
2144 4284
2144 8636
2144 4356
2145 6055
2145 1160
2145 4340
2146 19
2146 6989
2146 393
2147 7100
2147 5723
2147 7193
2148 1369
2148 8226
2148 7889
2149 638
2149 8470
2149 5409
2150 1459
2150 761
2150 4165
2151 3978
2151 2513
2151 9826
2152 445
2152 2901
2152 576
2153 4949
2153 7470
2153 4943
2154 2498
2154 8863
2154 8722
2155 3538
2155 39
2155 1018
2156 7673
2156 1400
2156 2151
2157 9363
2157 6169
2157 9021
2158 9458
2158 9059
2158 1341
2159 2582
2159 5276
2159 4254
2160 629
2160 8199
2160 79
2161 253
2161 8568
2161 2935
2162 8701
2162 5772
2162 6391
2163 5115
2163 6525
2163 9075
2164 2803
2164 8306
2164 1755
2165 7387
2165 6841
2165 2046
2166 8004
2166 82
2166 3476
2167 9081
2167 5990
2167 9037
2168 680
2168 3382
2168 2262
2169 502
2169 1465
2169 9727
2170 7399
2170 9671
2170 7539
2171 4315
2171 1577
2171 4553
2172 169
2172 4456
2172 3679
2173 290
2173 3965
2173 3160
2174 8043
2174 2234
2174 7213
2175 9680
2175 2745
2175 4019
2176 689
2176 4337
2176 3052
2177 6050
2177 585
2177 1996
2178 5522
2178 2427
2178 7873
2179 780
2179 9112
2179 5275
2180 4174
2180 2734
2180 5826
2181 8814
2181 7883
2181 9431
2182 3748
2182 4052
2182 3793
2183 7868
2183 3855
2183 9624
2184 9414
2184 5097
2184 8753
2185 2759
2185 2030
2185 7485
2186 5290
2186 6675
2186 6804
2187 2739
2187 302
2187 1860
2188 8834
2188 625
2188 6756
2189 4477
2189 4137
2189 7174
2190 3732
2190 1237
2190 8232
2191 9283
2191 7408
2191 7496
2192 2631
2192 6448
2192 6022
2193 9609
2193 6055
2193 2176
2194 5965
2194 2996
2194 6228
2195 2895
2195 4995
2195 3090
2196 2311
2196 2735
2196 2350
2197 9188
2197 7439
2197 1019
2198 6856
2198 9539
2198 9082
2199 5857
2199 5779
2199 1029
2200 8925
2200 7860
2200 1424
2201 208
2201 551
2201 9515
2202 9457
2202 8364
2202 6201
2203 3443
2203 7410
2203 1984
2204 21
2204 9171
2204 7451
2205 2648
2205 4931
2205 8192
2206 7588
2206 4651
2206 7969
2207 3091
2207 7433
2207 5677
2208 9943
2208 894
2208 9166
2209 2919
2209 3894
2209 7692
2210 4951
2210 5808
2210 2574
2211 323
2211 5644
2211 2704
2212 3877
2212 6493
2212 2276
2213 3291
2213 4156
2213 8530
2214 779
2214 5619
2214 9919
2215 6323
2215 7805
2215 5429
2216 9768
2216 9122
2216 4382
2217 3848
2217 430
2217 3158
2218 3962
2218 609
2218 5282
2219 6464
2219 1616
2219 1928
2220 1075
2220 2023
2220 4323
2221 8983
2221 5909
2221 8823
2222 5450
2222 2524
2222 7735
2223 999
2223 4526
2223 2753
2224 5326
2224 100
2224 188
2225 5910
2225 58
2225 677
2226 3898
2226 2867
2226 5954
2227 1019
2227 40
2227 7026
2228 8275
2228 6756
2228 4163
2229 398
2229 9430
2229 6622
2230 2465
2230 6696
2230 7702
2231 6391
2231 4071
2231 5724
2232 8985
2232 9947
2232 148
2233 911
2233 9658
2233 5022
2234 5667
2234 9554
2234 1524
2235 7555
2235 8973
2235 4202
2236 450
2236 4157
2236 8290
2237 8405
2237 8929
2237 9214
2238 5662
2238 9622
2238 3293
2239 2663
2239 9052
2239 4328
2240 4967
2240 8480
2240 1581
2241 1986
2241 5691
2241 8646
2242 2666
2242 119
2242 5074
2243 623
2243 6225
2243 3045
2244 2213
2244 7755
2244 4806
2245 4554
2245 7088
2245 9702
2246 7083
2246 1044
2246 6429
2247 6900
2247 7720
2247 7874
2248 8826
2248 5387
2248 384
2249 4606
2249 1397
2249 7762
2250 4221
2250 7288
2250 1672
2251 9395
2251 61
2251 5402
2252 1342
2252 4730
2252 6029
2253 5015
2253 838
2253 3796
2254 4606
2254 2120
2254 6974
2255 2122
2255 1573
2255 9513
2256 5591
2256 2949
2256 7753
2257 1204
2257 8404
2257 9257
2258 2929
2258 2277
2258 5890
2259 1449
2259 6481
2259 1459
2260 105
2260 6324
2260 9535
2261 1389
2261 7634
2261 4971
2262 4702
2262 3240
2262 6158
2263 855
2263 2722
2263 7772
2264 4361
2264 2845
2264 2622
2265 9680
2265 9939
2265 6423
2266 589
2266 8354
2266 5706
2267 5026
2267 7708
2267 7771
2268 7321
2268 1583
2268 9984
2269 4590
2269 3343
2269 4041
2270 7975
2270 4268
2270 737
2271 7571
2271 2293
2271 981
2272 1245
2272 8413
2272 5704
2273 1832
2273 8999
2273 8553
2274 5299
2274 8410
2274 2997
2275 2267
2275 8295
2275 5567
2276 4208
2276 2092
2276 4477
2277 8760
2277 4069
2277 8538
2278 8910
2278 2318
2278 3148
2279 2651
2279 1164
2279 4361
2280 4224
2280 3968
2280 3684
2281 2773
2281 5395
2281 6775
2282 3491
2282 4046
2282 6111
2283 3378
2283 6085
2283 7158
2284 4311
2284 953
2284 3446
2285 2193
2285 448
2285 4203
2286 4020
2286 3264
2286 7536
2287 1038
2287 8306
2287 6476
2288 2318
2288 803
2288 8626
2289 8354
2289 4720
2289 6673
2290 1328
2290 1491
2290 3507
2291 550
2291 6137
2291 103
2292 5197
2292 4623
2292 6849
2293 7350
2293 1770
2293 3613
2294 8145
2294 4959
2294 8194
2295 8819
2295 8244
2295 5823
2296 1858
2296 5397
2296 6619
2297 4549
2297 6795
2297 3838
2298 2694
2298 9966
2298 9475
2299 4661
2299 7695
2299 9307
2300 3907
2300 8100
2300 873
2301 2853
2301 7387
2301 2056
2302 8191
2302 4558
2302 1703
2303 8362
2303 8004
2303 4757
2304 894
2304 6691
2304 57
2305 9262
2305 8409
2305 4330
2306 10000
2306 9983
2306 6219
2307 2778
2307 229
2307 8357
2308 1811
2308 3013
2308 5995
2309 8981
2309 6613
2309 721
2310 9986
2310 8168
2310 8964
2311 1248
2311 3429
2311 7232
2312 7176
2312 7181
2312 4220
2313 7131
2313 3740
2313 6869
2314 2145
2314 7596
2314 7534
2315 6305
2315 9578
2315 6870
2316 2736
2316 1716
2316 6796
2317 3715
2317 5368
2317 3519
2318 7411
2318 8202
2318 724
2319 9969
2319 5921
2319 9493
2320 9021
2320 3654
2320 4646
2321 6900
2321 9191
2321 4159
2322 5246
2322 656
2322 5494
2323 9246
2323 3896
2323 2735
2324 748
2324 5804
2324 4037
2325 3875
2325 9416
2325 6399
2326 7000
2326 1959
2326 7462
2327 4213
2327 1694
2327 53
2328 6732
2328 3826
2328 1297
2329 414
2329 3136
2329 5463
2330 6889
2330 7844
2330 8080
2331 1590
2331 8617
2331 6400
2332 1355
2332 111
2332 8444
2333 3188
2333 5645
2333 2253
2334 883
2334 8670
2334 1271
2335 4949
2335 5579
2335 4443
2336 8363
2336 345
2336 2520
2337 3511
2337 7910
2337 194
2338 4520
2338 6051
2338 657
2339 2734
2339 7378
2339 8922
2340 5996
2340 4747
2340 1052
2341 416
2341 5079
2341 2575
2342 8258
2342 9414
2342 3077
2343 629
2343 8081
2343 3442
2344 8848
2344 6358
2344 3359
2345 9702
2345 1617
2345 5025
2346 8930
2346 9717
2346 7372
2347 8052
2347 8082
2347 400
2348 931
2348 2508
2348 3915
2349 2081
2349 52
2349 2996
2350 9874
2350 7013
2350 6771
2351 8290
2351 1411
2351 3129
2352 7861
2352 6779
2352 3671
2353 4114
2353 7998
2353 875
2354 1110
2354 4544
2354 6340
2355 3278
2355 3296
2355 7733
2356 7958
2356 6885
2356 7777
2357 3366
2357 4189
2357 932
2358 1512
2358 5858
2358 6058
2359 9489
2359 9251
2359 5920
2360 5558
2360 3887
2360 8140
2361 8703
2361 8366
2361 193
2362 7386
2362 4158
2362 332
2363 5311
2363 8292
2363 6229
2364 1024
2364 2970
2364 5738
2365 6310
2365 503
2365 590
2366 9381
2366 735
2366 5155
2367 5023
2367 2528
2367 7857
2368 1392
2368 881
2368 3117
2369 7723
2369 7274
2369 1539
2370 7734
2370 9267
2370 1956
2371 408
2371 3600
2371 5508
2372 6486
2372 4183
2372 2298
2373 9311
2373 1970
2373 1945
2374 5344
2374 718
2374 2152
2375 6429
2375 7729
2375 3239
2376 9080
2376 4114
2376 9598
2377 9459
2377 346
2377 7325
2378 6971
2378 8407
2378 6403
2379 6400
2379 5994
2379 6829
2380 9351
2380 2638
2380 1421
2381 5274
2381 7646
2381 8772
2382 9885
2382 4755
2382 607
2383 7712
2383 2602
2383 9973
2384 587
2384 2793
2384 3667
2385 3403
2385 4701
2385 1340
2386 8129
2386 1478
2386 8232
2387 9705
2387 4532
2387 9332
2388 8360
2388 353
2388 4268
2389 7782
2389 9008
2389 9860
2390 9140
2390 7074
2390 38
2391 8356
2391 2140
2391 430
2392 8171
2392 9231
2392 7344
2393 4787
2393 3867
2393 3853
2394 3401
2394 6857
2394 7803
2395 6248
2395 4414
2395 7095
2396 2743
2396 2428
2396 1903
2397 782
2397 870
2397 2160
2398 3801
2398 2106
2398 9773
2399 3146
2399 332
2399 4291
2400 678
2400 7532
2400 2770
2401 8516
2401 9546
2401 1013
2402 1556
2402 7765
2402 1664
2403 8875
2403 3745
2403 7788
2404 560
2404 3559
2404 1314
2405 1783
2405 2205
2405 493
2406 126
2406 9607
2406 1203
2407 2440
2407 5102
2407 9617
2408 992
2408 6835
2408 9364
2409 1757
2409 801
2409 7669
2410 8062
2410 3773
2410 1807
2411 2461
2411 3157
2411 2980
2412 5812
2412 2231
2412 956
2413 5111
2413 9509
2413 176
2414 6659
2414 5255
2414 240
2415 635
2415 2146
2415 8853
2416 922
2416 6657
2416 7697
2417 6200
2417 2540
2417 4103
2418 6895
2418 4251
2418 2251
2419 1144
2419 6806
2419 2679
2420 8488
2420 8331
2420 1935
2421 4551
2421 2821
2421 6790
2422 6187
2422 5322
2422 3665
2423 7884
2423 278
2423 5525
2424 5312
2424 8343
2424 4816
2425 4028
2425 3549
2425 105
2426 5936
2426 3229
2426 9936
2427 8410
2427 1859
2427 3679
2428 6285
2428 5268
2428 5195
2429 2791
2429 7305
2429 1200
2430 3276
2430 1615
2430 4299
2431 5773
2431 6883
2431 3673
2432 9480
2432 2265
2432 8566
2433 5940
2433 9222
2433 3938
2434 6694
2434 9314
2434 9793
2435 395
2435 6632
2435 9330
2436 3663
2436 6320
2436 2576
2437 747
2437 3362
2437 987
2438 6347
2438 2082
2438 3898
2439 4766
2439 837
2439 918
2440 1343
2440 242
2440 8137
2441 1335
2441 4348
2441 2884
2442 135
2442 1004
2442 2453
2443 8732
2443 642
2443 3797
2444 5967
2444 36
2444 8085
2445 6881
2445 5090
2445 7444
2446 3822
2446 5431
2446 4795
2447 1117
2447 9932
2447 5164
2448 2808
2448 848
2448 2872
2449 5612
2449 486
2449 1812
2450 3107
2450 407
2450 1724
2451 123
2451 3323
2451 9996
2452 8428
2452 6526
2452 4981
2453 2408
2453 9579
2453 7093
2454 318
2454 7294
2454 6558
2455 1172
2455 7723
2455 3927
2456 6760
2456 7255
2456 3833
2457 2917
2457 42
2457 1291
2458 3672
2458 6508
2458 7468
2459 4014
2459 1988
2459 4729
2460 4503
2460 4743
2460 1827
2461 8329
2461 4621
2461 8460
2462 3954
2462 1187
2462 6276
2463 205
2463 4864
2463 643
2464 4898
2464 8092
2464 1116
2465 994
2465 1738
2465 747
2466 3745
2466 9378
2466 8649
2467 6452
2467 2460
2467 3723
2468 4699
2468 4062
2468 7368
2469 9154
2469 355
2469 5760
2470 1705
2470 177
2470 5086
2471 5540
2471 3808
2471 1142
2472 1394
2472 6711
2472 9442
2473 2023
2473 1590
2473 9331
2474 308
2474 2847
2474 8128
2475 9105
2475 2107
2475 913
2476 405
2476 1575
2476 8572
2477 8719
2477 4660
2477 8867
2478 5806
2478 4734
2478 9391
2479 5986
2479 1494
2479 5635
2480 5701
2480 4755
2480 2185
2481 7817
2481 8317
2481 6775
2482 1020
2482 6225
2482 9962
2483 6109
2483 7822
2483 3316
2484 4199
2484 641
2484 8687
2485 6104
2485 7392
2485 819
2486 5135
2486 3334
2486 5975
2487 1145
2487 7532
2487 2386
2488 3446
2488 803
2488 2041
2489 4389
2489 9913
2489 4009
2490 9355
2490 3784
2490 5041
2491 968
2491 3252
2491 3906
2492 1353
2492 2241
2492 463
2493 887
2493 8738
2493 9647
2494 1355
2494 8973
2494 1028
2495 3144
2495 2376
2495 3840
2496 3189
2496 3000
2496 3489
2497 8915
2497 2386
2497 9347
2498 3130
2498 8679
2498 6031
2499 342
2499 5419
2499 2073
2500 3144
2500 3371
2500 3632
2501 7140
2501 5156
2501 8432
2502 4828
2502 5924
2502 5910
2503 5806
2503 4420
2503 1594
2504 9134
2504 533
2504 8742
2505 4559
2505 903
2505 7408
2506 1874
2506 5904
2506 8790
2507 8894
2507 9289
2507 3063
2508 6851
2508 1381
2508 9208
2509 1917
2509 3705
2509 5443
2510 3168
2510 17
2510 2251
2511 7425
2511 9048
2511 6654
2512 7662
2512 6104
2512 7677
2513 3837
2513 2715
2513 1855
2514 5963
2514 897
2514 400
2515 1093
2515 4813
2515 7770
2516 3166
2516 6974
2516 9221
2517 5988
2517 3695
2517 5080
2518 757
2518 1472
2518 2753
2519 9724
2519 8938
2519 9113
2520 7134
2520 3871
2520 9361
2521 3521
2521 2456
2521 5796
2522 724
2522 5631
2522 7767
2523 6763
2523 5651
2523 2065
2524 8707
2524 9993
2524 513
2525 2564
2525 1358
2525 3066
2526 9266
2526 5863
2526 5200
2527 7996
2527 7345
2527 6953
2528 8903
2528 8811
2528 1947
2529 1621
2529 8202
2529 3088
2530 5081
2530 848
2530 8048
2531 7582
2531 7143
2531 9095
2532 5538
2532 9739
2532 9545
2533 3329
2533 6968
2533 1214
2534 2045
2534 4275
2534 2395
2535 5473
2535 4307
2535 6061
2536 1571
2536 3749
2536 4223
2537 4313
2537 5318
2537 8922
2538 9477
2538 8766
2538 8362
2539 6462
2539 6244
2539 9785
2540 1105
2540 1904
2540 1245
2541 7093
2541 5002
2541 5123
2542 2576
2542 9915
2542 7758
2543 9307
2543 2713
2543 6811
2544 7903
2544 1725
2544 216
2545 8219
2545 116
2545 9119
2546 808
2546 2160
2546 5485
2547 1130
2547 9395
2547 8093
2548 74
2548 6444
2548 6553
2549 9070
2549 7690
2549 2774
2550 572
2550 6979
2550 8925
2551 1044
2551 273
2551 7435
2552 8986
2552 8488
2552 3892
2553 9565
2553 4330
2553 258
2554 2019
2554 452
2554 422
2555 5466
2555 8305
2555 2540
2556 6134
2556 8165
2556 804
2557 163
2557 3532
2557 7775
2558 1041
2558 7698
2558 4231
2559 7669
2559 6780
2559 382
2560 4408
2560 7910
2560 1486
2561 2181
2561 5315
2561 1881
2562 7881
2562 7804
2562 4454
2563 673
2563 5072
2563 1503
2564 3395
2564 2693
2564 3791
2565 4571
2565 6600
2565 2075
2566 9180
2566 2662
2566 92
2567 7235
2567 5967
2567 1409
2568 7726
2568 6779
2568 6010
2569 239
2569 7078
2569 8522
2570 1362
2570 463
2570 3963
2571 6843
2571 1765
2571 6973
2572 4477
2572 5532
2572 5382
2573 5998
2573 7698
2573 3385
2574 1799
2574 4296
2574 6361
2575 194
2575 6289
2575 5624
2576 9111
2576 2313
2576 3259
2577 6453
2577 8999
2577 2738
2578 861
2578 911
2578 2062
2579 4735
2579 8785
2579 5723
2580 4666
2580 1883
2580 870
2581 4905
2581 899
2581 9597
2582 7032
2582 769
2582 140
2583 1165
2583 8194
2583 7582
2584 5878
2584 8815
2584 1290
2585 1486
2585 4906
2585 6105
2586 8847
2586 6170
2586 7491
2587 9436
2587 9107
2587 4874
2588 5171
2588 996
2588 6350
2589 1882
2589 6786
2589 7354
2590 8243
2590 1387
2590 8769
2591 1812
2591 1087
2591 6633
2592 7504
2592 56
2592 7032
2593 9472
2593 7536
2593 8554
2594 6109
2594 4558
2594 4916
2595 244
2595 606
2595 4121
2596 4545
2596 7516
2596 4121
2597 868
2597 6399
2597 9962
2598 8482
2598 8033
2598 8511
2599 399
2599 1741
2599 6991
2600 8058
2600 3973
2600 2027
2601 3061
2601 7919
2601 4971
2602 7065
2602 7265
2602 650
2603 8654
2603 6493
2603 6719
2604 4337
2604 6751
2604 2382
2605 8705
2605 5404
2605 1050
2606 6434
2606 9338
2606 4290
2607 976
2607 7514
2607 6862
2608 2999
2608 9702
2608 6710
2609 8069
2609 9427
2609 3597
2610 4109
2610 7154
2610 9273
2611 766
2611 4072
2611 4346
2612 1394
2612 2477
2612 4200
2613 9763
2613 5156
2613 4582
2614 376
2614 8452
2614 2895
2615 9328
2615 2461
2615 3294
2616 4424
2616 7458
2616 4531
2617 5360
2617 3086
2617 9542
2618 2743
2618 652
2618 3368
2619 8219
2619 802
2619 2649
2620 4962
2620 2700
2620 3653
2621 739
2621 3406
2621 6699
2622 454
2622 4388
2622 4325
2623 2666
2623 1185
2623 3089
2624 2373
2624 8519
2624 731
2625 8775
2625 4253
2625 2524
2626 8259
2626 6873
2626 2282
2627 6056
2627 2776
2627 7985
2628 6598
2628 6107
2628 3099
2629 1973
2629 338
2629 7502
2630 3252
2630 379
2630 8790
2631 6342
2631 2148
2631 6097
2632 3203
2632 3380
2632 8303
2633 7460
2633 1499
2633 7177
2634 1327
2634 3867
2634 3866
2635 9460
2635 4623
2635 1522
2636 3765
2636 200
2636 1516
2637 8741
2637 1625
2637 9171
2638 2159
2638 7850
2638 9750
2639 8167
2639 8179
2639 7643
2640 628
2640 9353
2640 7275
2641 4443
2641 3844
2641 6037
2642 7958
2642 9770
2642 5497
2643 7794
2643 6070
2643 8420
2644 2466
2644 5199
2644 791
2645 701
2645 3904
2645 2497
2646 8423
2646 5897
2646 4461
2647 4077
2647 9066
2647 9982
2648 9440
2648 2213
2648 6842
2649 3375
2649 8472
2649 4443
2650 4931
2650 2762
2650 8571
2651 8427
2651 4398
2651 7301
2652 5566
2652 2463
2652 5325
2653 2642
2653 2588
2653 9760
2654 2059
2654 2752
2654 2201
2655 2066
2655 6320
2655 4555
2656 4890
2656 3483
2656 5978
2657 684
2657 9855
2657 9337
2658 3057
2658 6394
2658 972
2659 6642
2659 4980
2659 147
2660 6411
2660 1244
2660 4811
2661 1623
2661 6012
2661 2562
2662 802
2662 8093
2662 8590
2663 4036
2663 738
2663 4679
2664 4905
2664 4244
2664 1918
2665 1396
2665 4536
2665 8037
2666 489
2666 4724
2666 7393
2667 8825
2667 519
2667 2279
2668 6110
2668 1593
2668 5593
2669 9128
2669 2027
2669 1446
2670 6564
2670 5262
2670 8344
2671 3542
2671 4639
2671 3806
2672 6268
2672 2272
2672 8622
2673 9970
2673 6634
2673 1592
2674 8130
2674 8958
2674 5538
2675 2943
2675 8283
2675 8672
2676 7380
2676 3414
2676 2703
2677 7719
2677 6723
2677 6712
2678 8428
2678 9993
2678 5469
2679 9592
2679 1253
2679 4185
2680 7560
2680 9791
2680 6420
2681 2516
2681 8841
2681 3237
2682 648
2682 4880
2682 6672
2683 3187
2683 3282
2683 8663
2684 411
2684 9195
2684 5996
2685 6143
2685 824
2685 9151
2686 6043
2686 1613
2686 1541
2687 8475
2687 5264
2687 8717
2688 7410
2688 5994
2688 8490
2689 1067
2689 6419
2689 6271
2690 9066
2690 563
2690 1818
2691 6121
2691 6731
2691 4071
2692 3615
2692 615
2692 6258
2693 831
2693 7512
2693 6740
2694 6478
2694 3063
2694 6097
2695 3003
2695 6925
2695 2788
2696 7902
2696 1783
2696 7964
2697 9013
2697 4126
2697 6500
2698 9719
2698 6124
2698 4493
2699 1972
2699 1021
2699 4709
2700 6227
2700 7985
2700 4258
2701 3021
2701 5601
2701 9089
2702 5117
2702 1667
2702 6792
2703 7718
2703 9691
2703 3951
2704 5093
2704 600
2704 1240
2705 6107
2705 7769
2705 779
2706 118
2706 2312
2706 6913
2707 6846
2707 8839
2707 8824
2708 3169
2708 8148
2708 2860
2709 5355
2709 3541
2709 5054
2710 6577
2710 5956
2710 8880
2711 3468
2711 4406
2711 8475
2712 4968
2712 1488
2712 7380
2713 3486
2713 6978
2713 2411
2714 7291
2714 8994
2714 6474
2715 1755
2715 8704
2715 4879
2716 6280
2716 5340
2716 9483
2717 6819
2717 3947
2717 2402
2718 2534
2718 6767
2718 3460
2719 8290
2719 1758
2719 3503
2720 788
2720 5675
2720 4217
2721 8210
2721 8615
2721 9010
2722 9633
2722 2258
2722 4604
2723 8426
2723 7928
2723 9748
2724 4776
2724 247
2724 5884
2725 9159
2725 8616
2725 4415
2726 1912
2726 8733
2726 6185
2727 9503
2727 6724
2727 7818
2728 2813
2728 5200
2728 9386
2729 7418
2729 3325
2729 7255
2730 5767
2730 8745
2730 9507
2731 6352
2731 1587
2731 8743
2732 446
2732 3049
2732 9367
2733 4607
2733 6417
2733 8265
2734 6016
2734 3767
2734 3825
2735 8148
2735 622
2735 2855
2736 305
2736 5978
2736 8986
2737 2459
2737 7290
2737 8958
2738 8569
2738 955
2738 3394
2739 3573
2739 6208
2739 2075
2740 8719
2740 5800
2740 1474
2741 4322
2741 8253
2741 9336
2742 7537
2742 7720
2742 3377
2743 2270
2743 2748
2743 2793
2744 586
2744 3425
2744 8204
2745 474
2745 2583
2745 802
2746 6542
2746 5589
2746 5501
2747 8340
2747 5531
2747 8554
2748 9710
2748 5998
2748 572
2749 8109
2749 6133
2749 7836
2750 9977
2750 6
2750 759
2751 4892
2751 1011
2751 3180
2752 9418
2752 4010
2752 3291
2753 8384
2753 805
2753 6843
2754 8361
2754 8494
2754 1261
2755 2423
2755 187
2755 8002
2756 4644
2756 3862
2756 5099
2757 8185
2757 7892
2757 9205
2758 9205
2758 5361
2758 7156
2759 445
2759 6210
2759 4318
2760 73
2760 8028
2760 2893
2761 738
2761 5391
2761 4035
2762 8747
2762 4334
2762 5393
2763 7460
2763 8090
2763 9717
2764 7389
2764 2521
2764 3488
2765 6433
2765 1244
2765 7062
2766 5870
2766 1380
2766 397
2767 6631
2767 5389
2767 9648
2768 3470
2768 130
2768 8269
2769 3089
2769 2318
2769 4556
2770 3283
2770 9503
2770 3694
2771 8835
2771 8788
2771 4815
2772 5639
2772 2244
2772 188
2773 1604
2773 8625
2773 8311
2774 2473
2774 5279
2774 7058
2775 9936
2775 790
2775 4762
2776 7206
2776 8534
2776 6736
2777 8320
2777 7888
2777 5563
2778 473
2778 9658
2778 3008
2779 4799
2779 2339
2779 828
2780 2613
2780 882
2780 2709
2781 5250
2781 4807
2781 1962
2782 4010
2782 2317
2782 5332
2783 1633
2783 7558
2783 2681
2784 9571
2784 6841
2784 9759
2785 2299
2785 7033
2785 4257
2786 2871
2786 9791
2786 9714
2787 448
2787 4590
2787 8737
2788 5914
2788 472
2788 2843
2789 5672
2789 8365
2789 9111
2790 655
2790 9802
2790 7714
2791 9943
2791 8880
2791 7018
2792 2926
2792 3548
2792 7193
2793 6195
2793 3391
2793 6783
2794 8758
2794 3737
2794 4357
2795 112
2795 7810
2795 5145
2796 8214
2796 2869
2796 3916
2797 7062
2797 178
2797 1048
2798 4359
2798 4955
2798 6390
2799 9440
2799 5063
2799 7176
2800 4251
2800 2590
2800 7029
2801 4911
2801 10000
2801 1186
2802 3121
2802 5067
2802 9088
2803 4747
2803 9174
2803 5090
2804 1829
2804 4582
2804 238
2805 8894
2805 5674
2805 226
2806 608
2806 3622
2806 5958
2807 8894
2807 7632
2807 3925
2808 3131
2808 2511
2808 937
2809 8571
2809 5516
2809 3133
2810 8293
2810 5911
2810 8848
2811 4173
2811 3897
2811 7058
2812 8390
2812 3386
2812 1640
2813 16
2813 6362
2813 1655
2814 34
2814 8959
2814 5982
2815 7634
2815 4333
2815 4445
2816 1848
2816 6639
2816 5232
2817 9036
2817 9026
2817 769
2818 9816
2818 617
2818 4760
2819 7962
2819 2018
2819 9919
2820 1039
2820 1219
2820 6703
2821 3098
2821 3008
2821 7747
2822 2662
2822 6865
2822 777
2823 5950
2823 6454
2823 3986
2824 4744
2824 4065
2824 9000
2825 3509
2825 1284
2825 9659
2826 4786
2826 2854
2826 8470
2827 3031
2827 8415
2827 8258
2828 7288
2828 4151
2828 7192
2829 9051
2829 499
2829 2921
2830 7193
2830 9516
2830 4170
2831 654
2831 2112
2831 4577
2832 5607
2832 7248
2832 1061
2833 6954
2833 9031
2833 1050
2834 6149
2834 8895
2834 8789
2835 5256
2835 9687
2835 5038
2836 5083
2836 2280
2836 6758
2837 7710
2837 3606
2837 9134
2838 8929
2838 8568
2838 7740
2839 9880
2839 2936
2839 6217
2840 7499
2840 5021
2840 1618
2841 9924
2841 1984
2841 107
2842 595
2842 7713
2842 2528
2843 4579
2843 9907
2843 1263
2844 9385
2844 8193
2844 7491
2845 1311
2845 498
2845 9991
2846 5271
2846 5046
2846 3408
2847 3482
2847 8253
2847 8354
2848 4044
2848 6897
2848 1782
2849 8725
2849 2596
2849 4332
2850 8236
2850 5544
2850 9992
2851 7277
2851 8917
2851 4458
2852 6118
2852 5307
2852 7563
2853 4133
2853 9351
2853 7051
2854 836
2854 3676
2854 392
2855 2747
2855 4879
2855 4763
2856 7311
2856 8961
2856 1420
2857 3031
2857 9577
2857 2844
2858 6752
2858 9473
2858 6128
2859 6164
2859 6711
2859 4438
2860 6187
2860 6839
2860 6042
2861 1550
2861 9600
2861 5741
2862 6916
2862 7470
2862 2009
2863 9263
2863 3692
2863 3352
2864 7716
2864 1569
2864 5549
2865 813
2865 5113
2865 7508
2866 1897
2866 63
2866 3694
2867 7136
2867 5284
2867 4342
2868 4721
2868 9793
2868 257
2869 893
2869 5752
2869 5243
2870 6835
2870 2266
2870 4629
2871 4090
2871 2285
2871 9477
2872 2626
2872 786
2872 9169
2873 6827
2873 6447
2873 5925
2874 1036
2874 7768
2874 4988
2875 8217
2875 2585
2875 2836
2876 8860
2876 1609
2876 4943
2877 2248
2877 2378
2877 2166
2878 4530
2878 2802
2878 8070
2879 6752
2879 625
2879 2966
2880 6876
2880 4972
2880 5499
2881 1187
2881 4218
2881 3739
2882 7294
2882 4596
2882 6104
2883 3500
2883 4803
2883 1379
2884 1395
2884 3098
2884 1261
2885 1761
2885 8716
2885 1999
2886 2941
2886 4994
2886 5831
2887 7529
2887 5450
2887 9087
2888 1501
2888 6358
2888 1006
2889 9394
2889 8218
2889 5188
2890 5833
2890 619
2890 221
2891 6348
2891 5079
2891 8224
2892 6343
2892 5066
2892 8746
2893 7711
2893 2573
2893 389
2894 6621
2894 5664
2894 8410
2895 466
2895 1154
2895 5564
2896 2633
2896 6724
2896 3247
2897 55
2897 1354
2897 3423
2898 2879
2898 7739
2898 1525
2899 5782
2899 7573
2899 274
2900 1435
2900 808
2900 6906
2901 4263
2901 3946
2901 2893
2902 2090
2902 3457
2902 5030
2903 7145
2903 8133
2903 103
2904 1460
2904 2995
2904 7540
2905 4450
2905 1766
2905 396
2906 6868
2906 6092
2906 6013
2907 4735
2907 2285
2907 3998
2908 6067
2908 3329
2908 7112
2909 8220
2909 3500
2909 2587
2910 6098
2910 2291
2910 3992
2911 744
2911 6297
2911 5372
2912 5734
2912 909
2912 1498
2913 8958
2913 5815
2913 9040
2914 5203
2914 755
2914 5632
2915 1581
2915 1333
2915 8154
2916 4732
2916 5499
2916 9527
2917 4637
2917 9432
2917 6040
2918 8435
2918 3293
2918 4426
2919 3392
2919 6522
2919 4876
2920 4829
2920 8199
2920 7841
2921 3768
2921 9962
2921 6189
2922 498
2922 3542
2922 6063
2923 3809
2923 644
2923 8474
2924 1488
2924 4932
2924 8350
2925 1444
2925 8037
2925 9908
2926 4924
2926 3451
2926 6319
2927 4472
2927 3315
2927 6576
2928 2838
2928 7621
2928 1279
2929 6724
2929 2816
2929 326
2930 568
2930 8760
2930 4697
2931 2025
2931 2488
2931 6674
2932 21
2932 1417
2932 7311
2933 8390
2933 3507
2933 662
2934 5862
2934 7726
2934 6088
2935 3356
2935 9195
2935 1007
2936 1410
2936 5272
2936 3797
2937 9975
2937 3153
2937 3613
2938 5306
2938 1566
2938 1528
2939 1229
2939 2760
2939 8951
2940 1930
2940 7520
2940 123
2941 6724
2941 447
2941 2039
2942 8540
2942 435
2942 3538
2943 4602
2943 2092
2943 7105
2944 6983
2944 1790
2944 976
2945 2812
2945 250
2945 1817
2946 1693
2946 6987
2946 7207
2947 7818
2947 7402
2947 6155
2948 5722
2948 8565
2948 4857
2949 4079
2949 1769
2949 66
2950 5735
2950 1375
2950 7795
2951 7888
2951 5563
2951 8436
2952 4256
2952 2432
2952 7685
2953 6983
2953 5204
2953 9699
2954 5535
2954 2125
2954 8412
2955 4879
2955 4333
2955 3668
2956 3949
2956 1178
2956 6050
2957 8499
2957 1945
2957 9994
2958 5346
2958 2274
2958 8225
2959 3448
2959 7669
2959 1199
2960 5137
2960 8863
2960 4438
2961 1784
2961 6216
2961 2473
2962 9760
2962 4958
2962 4375
2963 1530
2963 3145
2963 3426
2964 492
2964 9071
2964 2096
2965 8207
2965 53
2965 1358
2966 4617
2966 9003
2966 9769
2967 7699
2967 3763
2967 4895
2968 8761
2968 5109
2968 2891
2969 8988
2969 2604
2969 8493
2970 91
2970 1428
2970 6736
2971 7848
2971 6111
2971 110
2972 4245
2972 2864
2972 9224
2973 2885
2973 8301
2973 6380
2974 7212
2974 851
2974 210
2975 5545
2975 8601
2975 8123
2976 5310
2976 7696
2976 3508
2977 1205
2977 5774
2977 4353
2978 6109
2978 2435
2978 2857
2979 4001
2979 5551
2979 1988
2980 1263
2980 6994
2980 3531
2981 8102
2981 5793
2981 1286
2982 8506
2982 412
2982 8293
2983 4902
2983 852
2983 7000
2984 5631
2984 3374
2984 8634
2985 5518
2985 1642
2985 7967
2986 1281
2986 8353
2986 7121
2987 4759
2987 1917
2987 7474
2988 1127
2988 9302
2988 2868
2989 4929
2989 2854
2989 2430
2990 8457
2990 7191
2990 4854
2991 8064
2991 2201
2991 8580
2992 7326
2992 8856
2992 1463
2993 4535
2993 5104
2993 2582
2994 1508
2994 1328
2994 4663
2995 9963
2995 5228
2995 6906
2996 6345
2996 4463
2996 6002
2997 6183
2997 8366
2997 368
2998 9525
2998 1038
2998 6452
2999 2261
2999 9406
2999 4291
3000 3686
3000 3490
3000 5773
3001 6886
3001 8808
3001 9795
3002 5543
3002 4071
3002 5676
3003 9053
3003 6164
3003 1170
3004 9222
3004 1369
3004 8357
3005 6143
3005 6672
3005 4328
3006 8556
3006 6209
3006 1548
3007 1283
3007 8347
3007 511
3008 4862
3008 9329
3008 2451
3009 8288
3009 3165
3009 6788
3010 1940
3010 6344
3010 6472
3011 4519
3011 9339
3011 1041
3012 7843
3012 9262
3012 426
3013 9646
3013 218
3013 9012
3014 9441
3014 5253
3014 3235
3015 6316
3015 1060
3015 4797
3016 9817
3016 2536
3016 3135
3017 1195
3017 7164
3017 7535
3018 363
3018 47
3018 329
3019 7895
3019 6958
3019 6547
3020 2907
3020 9014
3020 6810
3021 6312
3021 7010
3021 6778
3022 7048
3022 1355
3022 2341
3023 470
3023 5118
3023 6892
3024 3630
3024 1163
3024 3754
3025 4097
3025 5331
3025 2435
3026 1459
3026 1029
3026 9857
3027 2965
3027 6152
3027 8112
3028 8073
3028 1284
3028 6722
3029 5088
3029 3504
3029 8867
3030 9265
3030 890
3030 8875
3031 298
3031 9463
3031 1370
3032 3354
3032 9768
3032 1203
3033 9231
3033 359
3033 1903
3034 6718
3034 4313
3034 5491
3035 749
3035 1159
3035 490
3036 2669
3036 9095
3036 9553
3037 8821
3037 1272
3037 3602
3038 6415
3038 979
3038 1290
3039 806
3039 1020
3039 2957
3040 7632
3040 3979
3040 9299
3041 8971
3041 7428
3041 2252
3042 4631
3042 9418
3042 301
3043 3500
3043 682
3043 4198
3044 5001
3044 8844
3044 9867
3045 5660
3045 1288
3045 6091
3046 9959
3046 5317
3046 5061
3047 9488
3047 9789
3047 2203
3048 6377
3048 8024
3048 8358
3049 9536
3049 4983
3049 3841
3050 5155
3050 3872
3050 7400
3051 2212
3051 327
3051 9293
3052 3808
3052 4432
3052 3891
3053 4576
3053 8259
3053 9216
3054 9057
3054 9169
3054 1683
3055 5452
3055 4302
3055 6026
3056 8286
3056 5987
3056 1301
3057 6075
3057 354
3057 7001
3058 1569
3058 7411
3058 8507
3059 402
3059 7968
3059 8876
3060 2796
3060 9556
3060 6791
3061 82
3061 5229
3061 1875
3062 5755
3062 8166
3062 4191
3063 3344
3063 4377
3063 6914
3064 1063
3064 9606
3064 7833
3065 6216
3065 7234
3065 7319
3066 3972
3066 549
3066 3700
3067 8517
3067 3531
3067 2559
3068 7208
3068 3255
3068 4642
3069 357
3069 6700
3069 686
3070 8184
3070 7202
3070 8674
3071 3390
3071 1699
3071 9847
3072 4295
3072 9306
3072 3927
3073 7929
3073 639
3073 4700
3074 9487
3074 6291
3074 1019
3075 489
3075 6691
3075 4488
3076 9043
3076 3361
3076 2909
3077 6058
3077 600
3077 4231
3078 8652
3078 7205
3078 5609
3079 8751
3079 4476
3079 1204
3080 2886
3080 5176
3080 8772
3081 7152
3081 437
3081 2206
3082 1765
3082 460
3082 8080
3083 3462
3083 3333
3083 7574
3084 5969
3084 5860
3084 8600
3085 8029
3085 4478
3085 3563
3086 105
3086 8144
3086 7128
3087 2912
3087 8168
3087 6928
3088 7745
3088 4881
3088 1337
3089 9847
3089 3085
3089 6252
3090 4244
3090 8457
3090 4240
3091 1419
3091 4431
3091 2582
3092 6470
3092 2656
3092 6849
3093 8214
3093 5451
3093 8748
3094 4088
3094 7509
3094 656
3095 6764
3095 768
3095 6977
3096 3958
3096 5522
3096 6546
3097 4112
3097 2189
3097 2641
3098 101
3098 7617
3098 8419
3099 2185
3099 2148
3099 5339
3100 7833
3100 8947
3100 2525
3101 5398
3101 8684
3101 348
3102 4267
3102 1493
3102 9396
3103 1243
3103 730
3103 1808
3104 5087
3104 9498
3104 4594
3105 5621
3105 755
3105 6470
3106 7755
3106 6981
3106 4495
3107 5366
3107 265
3107 2823
3108 7231
3108 7282
3108 7725
3109 6191
3109 3205
3109 2551
3110 3370
3110 6202
3110 3172
3111 1613
3111 4499
3111 8830
3112 8583
3112 6970
3112 8121
3113 8394
3113 4868
3113 672
3114 1396
3114 8265
3114 1717
3115 5360
3115 999
3115 8941
3116 1818
3116 3342
3116 9040
3117 8965
3117 9881
3117 1122
3118 371
3118 6691
3118 4897
3119 9680
3119 2648
3119 4253
3120 6137
3120 5642
3120 55
3121 4036
3121 4030
3121 6969
3122 2557
3122 3305
3122 9456
3123 3069
3123 7391
3123 7711
3124 8579
3124 6616
3124 6432
3125 8831
3125 8631
3125 5972
3126 4392
3126 8788
3126 4334
3127 4462
3127 4683
3127 6763
3128 4374
3128 9308
3128 4037
3129 3258
3129 7380
3129 6890
3130 3363
3130 7776
3130 7774
3131 4079
3131 8156
3131 4522
3132 6084
3132 2582
3132 6307
3133 3645
3133 114
3133 8032
3134 1070
3134 2248
3134 9773
3135 9406
3135 6781
3135 5236
3136 270
3136 7308
3136 8980
3137 1684
3137 5817
3137 5928
3138 7110
3138 5858
3138 4215
3139 9577
3139 3145
3139 171
3140 394
3140 1655
3140 900
3141 4521
3141 763
3141 3561
3142 7654
3142 7359
3142 6807
3143 5139
3143 2742
3143 208
3144 2675
3144 6546
3144 1976
3145 6128
3145 9957
3145 1124
3146 3533
3146 4051
3146 3741
3147 7883
3147 4226
3147 7351
3148 2334
3148 372
3148 9887
3149 3583
3149 7053
3149 327
3150 6679
3150 7710
3150 8992
3151 7676
3151 2659
3151 2984
3152 2063
3152 2977
3152 8162
3153 9009
3153 7139
3153 1324
3154 9798
3154 5393
3154 2256
3155 5029
3155 9269
3155 5193
3156 2505
3156 6410
3156 4450
3157 3414
3157 2677
3157 6580
3158 3108
3158 5794
3158 7676
3159 7279
3159 7692
3159 2598
3160 3219
3160 9981
3160 2374
3161 7837
3161 7807
3161 8067
3162 3869
3162 2198
3162 3391
3163 1445
3163 4549
3163 5326
3164 7109
3164 6347
3164 8773
3165 5101
3165 5123
3165 666
3166 4715
3166 1544
3166 5578
3167 8402
3167 2141
3167 8126
3168 5580
3168 3460
3168 6688
3169 2024
3169 3061
3169 9657
3170 3138
3170 82
3170 414
3171 5594
3171 7301
3171 8777
3172 1031
3172 8254
3172 9454
3173 4951
3173 9284
3173 1668
3174 7442
3174 2828
3174 9517
3175 9587
3175 1168
3175 391
3176 5986
3176 4463
3176 6049
3177 5541
3177 7134
3177 8858
3178 4711
3178 5158
3178 2753
3179 1551
3179 1731
3179 3780
3180 995
3180 5217
3180 8763
3181 6390
3181 8892
3181 4927
3182 3603
3182 9423
3182 3665
3183 1731
3183 4209
3183 3186
3184 2084
3184 1358
3184 1439
3185 6523
3185 1418
3185 2076
3186 4837
3186 2311
3186 8191
3187 8141
3187 5882
3187 8389
3188 6970
3188 458
3188 6854
3189 9390
3189 917
3189 5572
3190 6759
3190 1417
3190 7459
3191 5000
3191 109
3191 7881
3192 2145
3192 5056
3192 7906
3193 6926
3193 8887
3193 6281
3194 1661
3194 8214
3194 8492
3195 2640
3195 7609
3195 2496
3196 2590
3196 1623
3196 3542
3197 5436
3197 5
3197 5815
3198 5556
3198 3006
3198 3193
3199 1222
3199 6853
3199 9000
3200 7326
3200 8258
3200 1518
3201 1663
3201 3347
3201 1114
3202 3135
3202 7830
3202 738
3203 6868
3203 1452
3203 2384
3204 2171
3204 2011
3204 934
3205 7715
3205 3887
3205 6371
3206 9488
3206 7893
3206 7679
3207 6664
3207 7075
3207 565
3208 1221
3208 2584
3208 7843
3209 2225
3209 8108
3209 887
3210 5142
3210 8058
3210 6049
3211 6992
3211 6897
3211 1360
3212 9423
3212 6588
3212 3229
3213 9434
3213 1291
3213 7052
3214 8605
3214 7981
3214 6137
3215 1501
3215 4036
3215 1274
3216 6081
3216 9675
3216 5303
3217 679
3217 1605
3217 3795
3218 8093
3218 1586
3218 2181
3219 7936
3219 1512
3219 168
3220 8245
3220 7356
3220 1294
3221 4055
3221 7697
3221 754
3222 8395
3222 7227
3222 5986
3223 7263
3223 227
3223 4302
3224 8787
3224 3146
3224 4278
3225 3698
3225 9907
3225 5027
3226 5275
3226 6826
3226 2571
3227 691
3227 4716
3227 8849
3228 604
3228 9311
3228 2381
3229 3392
3229 3679
3229 7330
3230 3298
3230 165
3230 7468
3231 5879
3231 9925
3231 1874
3232 8718
3232 29
3232 6444
3233 4138
3233 8880
3233 3097
3234 8157
3234 5979
3234 3908
3235 3415
3235 1395
3235 8709
3236 417
3236 602
3236 8062
3237 3711
3237 2513
3237 8428
3238 3601
3238 1311
3238 4695
3239 3981
3239 2651
3239 5305
3240 7534
3240 8579
3240 9352
3241 2242
3241 5173
3241 8171
3242 10000
3242 6745
3242 308
3243 1762
3243 3953
3243 1911
3244 3065
3244 8260
3244 691
3245 5012
3245 7901
3245 9656
3246 3539
3246 7281
3246 7052
3247 5383
3247 7656
3247 1072
3248 89
3248 4764
3248 1484
3249 1753
3249 2524
3249 7228
3250 9425
3250 66
3250 7145
3251 2345
3251 4301
3251 5833
3252 2246
3252 6828
3252 3011
3253 546
3253 3540
3253 6127
3254 2298
3254 3272
3254 9361
3255 7215
3255 1417
3255 1702
3256 5294
3256 9620
3256 7340
3257 114
3257 9038
3257 9861
3258 1999
3258 3276
3258 6402
3259 4298
3259 5010
3259 9423
3260 9863
3260 597
3260 2950
3261 2598
3261 8233
3261 4916
3262 8201
3262 4313
3262 2570
3263 6872
3263 7533
3263 1660
3264 1576
3264 4120
3264 7982
3265 2697
3265 4661
3265 7895
3266 5788
3266 531
3266 4122
3267 2123
3267 1522
3267 8455
3268 3344
3268 1573
3268 237
3269 4874
3269 916
3269 1453
3270 1130
3270 7661
3270 1136
3271 9527
3271 175
3271 1224
3272 5180
3272 8978
3272 1995
3273 2368
3273 6478
3273 3564
3274 7897
3274 6668
3274 9549
3275 8650
3275 6659
3275 129
3276 1424
3276 4922
3276 7904
3277 9941
3277 4349
3277 1420
3278 5342
3278 3278
3278 1800
3279 9768
3279 6900
3279 5202
3280 4575
3280 5658
3280 9544
3281 2402
3281 7007
3281 2616
3282 1992
3282 958
3282 5615
3283 7066
3283 4560
3283 7850
3284 7438
3284 4443
3284 1156
3285 1482
3285 9189
3285 455
3286 5523
3286 5019
3286 4195
3287 5730
3287 7436
3287 9047
3288 7685
3288 6617
3288 2129
3289 3023
3289 7238
3289 433
3290 6532
3290 9059
3290 9947
3291 4210
3291 1754
3291 1140
3292 5943
3292 6082
3292 8791
3293 10000
3293 5584
3293 7083
3294 2683
3294 5469
3294 3555
3295 7682
3295 5895
3295 6848
3296 5743
3296 2820
3296 3508
3297 5044
3297 9036
3297 9634
3298 4718
3298 6966
3298 3603
3299 1777
3299 2621
3299 9376
3300 2868
3300 7840
3300 1379
3301 4683
3301 8461
3301 9714
3302 9879
3302 5209
3302 6537
3303 4032
3303 775
3303 8519
3304 7671
3304 2488
3304 5115
3305 8204
3305 4916
3305 2064
3306 5722
3306 5222
3306 6570
3307 5236
3307 6633
3307 2940
3308 7399
3308 5818
3308 834
3309 3006
3309 1687
3309 4751
3310 968
3310 3423
3310 3905
3311 8193
3311 9152
3311 5845
3312 3268
3312 2412
3312 3152
3313 3176
3313 1128
3313 2845
3314 8745
3314 9162
3314 7708
3315 5321
3315 9373
3315 2672
3316 3135
3316 1339
3316 3017
3317 8836
3317 7810
3317 1294
3318 2334
3318 3123
3318 5961
3319 4651
3319 7236
3319 8216
3320 4913
3320 8715
3320 7783
3321 5055
3321 1297
3321 3580
3322 3082
3322 3019
3322 7445
3323 3512
3323 7208
3323 7785
3324 5314
3324 5905
3324 2236
3325 7835
3325 4840
3325 3943
3326 1351
3326 2488
3326 8989
3327 4102
3327 1774
3327 1452
3328 1869
3328 418
3328 4554
3329 3844
3329 5027
3329 912
3330 3004
3330 4839
3330 7256
3331 9907
3331 5117
3331 1434
3332 4027
3332 2688
3332 570
3333 2560
3333 6940
3333 8661
