10000 1000
0 9260
1 8552
1 2342
1 8962
4 5576
5 1259
1 4712
4 1295
5 6256
1 2826
5 7103
9 4608
3 6583
7 4322
10 2567
1 7616
15 1333
13 3448
15 6518
14 1251
20 4507
12 5018
10 8159
13 6383
24 4985
14 8105
22 3979
10 2993
26 6876
11 9279
1 4162
18 8193
21 7263
18 3754
12 2969
17 5638
14 5886
27 4132
3 4562
8 4819
25 4662
38 9401
16 6407
23 3868
26 2968
33 5787
9 5509
30 9432
2 399
20 6263
36 1199
44 1348
27 2888
18 5353
25 7834
55 7365
19 2107
7 5328
18 9840
6 4661
2 3328
7 4586
62 2966
2 4682
32 1261
63 1095
16 4598
1 2841
54 4708
50 5735
33 3994
21 8995
16 8303
57 8655
18 8180
31 3752
46 5518
42 327
76 7248
8 7227
27 1752
48 9220
70 7032
42 6575
64 4305
51 2649
17 9191
30 9169
83 6716
59 2013
68 6699
86 5195
47 4043
89 7136
10 5092
20 3256
39 7052
35 5303
3 7036
86 6096
73 988
89 1892
65 4906
71 5697
51 9675
98 567
87 2552
43 184
61 4850
53 6195
87 8705
110 4054
3 7990
61 9605
50 9039
89 2258
16 6469
44 610
56 3418
8 1081
15 2739
51 9293
55 8356
98 7243
98 5243
41 9038
54 7449
88 6484
34 5232
95 8253
33 9272
131 9156
82 9363
108 7799
131 5231
97 601
75 361
44 65
109 6305
88 7379
85 8394
17 7739
113 7399
131 8451
128 1071
109 3543
66 3697
128 9711
67 9869
80 4696
15 6972
120 7423
17 6874
107 9572
72 4354
65 4382
8 5979
105 1855
60 580
94 4040
87 5010
72 9442
142 1014
145 8098
143 606
77 2142
70 9263
144 1267
114 861
15 4566
90 3613
124 8453
101 99
10 90
5 9123
11 2311
89 9086
128 8111
59 7783
106 4670
50 7612
169 2288
36 3917
84 514
131 2669
87 9648
14 1848
135 4287
66 6541
112 5007
34 7678
42 9094
64 4093
134 3077
190 3840
98 7080
54 5789
58 3062
115 5187
145 1715
19 2331
151 9047
108 4950
132 6284
158 6295
69 8650
204 8514
97 5635
73 7293
181 7257
88 7018
2 7655
137 5758
28 4992
88 3234
106 6940
24 8120
64 7189
16 6278
170 5649
39 4719
155 5864
214 9473
72 4460
102 2188
39 8143
101 2138
25 6268
118 2266
160 7580
125 7196
129 6137
81 1384
20 7420
187 5635
73 3195
217 4806
103 4551
182 10000
5 4532
136 9368
63 4409
239 7662
205 9944
166 282
233 3517
42 6612
30 9298
244 6076
149 3023
215 1388
248 8792
19 3272
169 5701
16 6145
190 8838
193 7484
252 5858
118 3914
156 1701
50 3863
169 5501
89 3934
223 2864
7 2926
168 5909
265 9738
193 7689
131 2381
224 139
68 8565
193 962
112 9885
88 4076
159 4312
179 3716
145 3200
225 3738
135 278
133 6149
187 6647
198 7667
16 951
175 6652
29 295
92 3456
230 5270
80 9354
190 5404
85 5347
179 5010
14 2077
26 2449
184 8325
118 8757
154 1360
4 1893
203 9771
258 1872
231 6415
27 9424
200 6609
237 4633
39 5873
125 6413
59 8149
214 5159
18 8830
231 4938
269 8717
139 9180
135 8563
75 8478
238 5227
299 609
31 9722
303 1271
137 516
58 5740
161 889
183 2637
100 5620
86 338
242 3316
111 9615
218 1488
222 979
34 2539
59 1721
124 1756
154 1653
232 7164
92 1935
136 2435
179 6847
179 6241
106 8042
252 9216
4 9980
211 7664
317 2650
154 4329
149 2516
230 2341
297 8884
180 7580
280 9746
85 5248
128 6364
348 4139
335 6008
36 3682
25 2099
16 3707
47 3368
25 2894
40 5762
255 8826
157 9806
195 8577
148 5815
345 3792
14 7961
113 8354
73 4674
322 6346
329 7308
329 3886
356 2119
364 2817
210 914
351 1527
304 5342
154 7185
153 5262
299 7263
236 6878
162 1393
251 6256
317 7012
154 5267
61 4366
341 8322
354 2639
191 2769
362 7992
233 590
17 2239
105 7907
376 975
194 6626
257 9244
182 782
334 3799
285 9400
99 7846
56 1116
237 6465
16 1964
2 3056
312 3304
274 9313
300 4260
49 8866
14 782
79 5898
83 2931
378 8417
396 2886
22 8748
367 8464
409 5963
168 5061
358 2983
45 7322
343 531
57 7229
300 4850
63 6238
325 147
264 8102
295 4842
39 5459
181 3250
201 5006
235 8295
18 9164
341 1281
297 8938
9 6512
205 9794
99 4521
388 5910
73 3669
242 6057
336 5415
370 714
136 5303
181 1391
104 3097
88 3604
22 4889
29 1089
206 8994
57 9857
1 6799
6 1956
126 2306
68 160
317 6535
443 7375
13 759
26 1066
227 4231
171 3448
382 1893
348 4842
442 9886
431 7199
446 8176
444 5265
297 2464
63 9108
244 6009
311 7274
331 7190
148 4008
41 1757
269 7356
294 2939
81 1797
142 3724
90 1363
76 9498
314 1972
296 8823
416 9204
317 8959
36 5306
345 5367
144 6707
15 6814
157 4757
458 6494
203 8325
343 4847
188 2543
34 9843
186 4021
358 9476
28 4759
52 564
358 818
312 9755
347 736
67 4826
144 3004
341 7079
91 659
76 5887
157 9577
150 7400
374 1535
499 5584
43 4561
280 3961
29 8198
153 5916
87 8865
439 9056
214 5198
243 2938
443 6818
328 8501
451 532
188 1373
53 4904
310 3087
290 9276
371 2934
372 5590
271 7686
396 5462
316 7826
304 7861
225 9800
176 4777
210 4387
495 6459
59 4210
193 6493
218 718
1 2798
530 1506
378 9322
357 1828
462 3917
209 9144
5 2240
219 2601
3 9064
47 218
197 6259
83 4689
56 3769
298 2225
401 1562
134 5677
90 5599
217 8864
288 2007
145 8866
221 6693
498 2634
341 1599
60 609
174 7582
271 4194
348 3384
550 2261
550 691
241 3769
77 3380
172 4908
491 8884
73 7065
514 7403
532 754
341 7605
301 1793
152 5709
81 3239
188 976
453 6389
242 1048
377 1580
167 3415
408 1410
277 1590
512 8716
573 8877
257 380
546 241
82 5161
105 921
486 7613
232 3169
194 1262
9 7211
23 7918
313 6139
240 4159
183 4981
552 7669
152 2581
558 7232
547 316
451 6081
70 5068
102 9730
70 6382
573 309
559 5761
156 4019
496 4796
363 250
211 764
83 3589
378 8302
498 3723
283 9012
143 2265
505 866
263 9901
67 6622
66 7560
444 320
520 406
125 1369
329 5432
527 6961
517 9238
544 3447
476 7947
291 8915
403 552
241 1275
439 6261
625 321
540 7995
494 2908
20 1686
468 5259
512 719
463 5681
484 17
301 3814
529 9199
11 3303
613 9302
533 8448
353 9530
532 7116
8 4986
528 8278
97 7614
127 7417
565 5910
267 4581
372 3185
530 9426
600 1315
578 6434
180 2896
286 3301
513 9278
126 6110
528 1930
492 973
149 3801
310 7720
404 3097
105 4066
13 8429
148 9329
225 61
20 5246
612 6708
318 661
595 9981
407 8230
617 4928
234 928
250 9237
29 9111
304 8743
382 2986
506 9110
564 6817
64 4393
92 343
381 2035
315 9653
137 2150
22 1240
218 9813
326 7110
196 2937
44 2334
585 8861
414 3571
680 3998
202 49
150 9004
344 9736
105 4129
566 3016
628 1547
503 2632
223 8886
116 1656
471 315
143 2635
625 8227
351 3157
682 5703
170 1945
121 3484
450 377
491 6160
334 3182
481 3120
598 5431
60 5992
419 1511
69 8444
148 422
122 8026
514 4399
108 9721
482 8199
96 8313
546 142
664 1835
73 7362
715 1397
699 7071
128 391
640 3849
684 5175
541 7133
721 8069
586 9447
704 4336
361 2192
387 1131
616 2678
407 2566
464 7732
308 1480
469 4443
413 901
237 7403
113 6199
271 4582
153 5446
421 4158
217 2820
536 6524
587 9960
16 4651
593 2950
165 8627
559 1726
103 258
336 3049
378 1104
440 3908
655 1599
353 7217
714 5712
608 746
454 8774
216 6607
398 8693
35 6689
396 5009
105 6653
236 7421
298 5709
396 4905
533 5824
484 7260
605 396
678 7737
598 469
696 6104
281 8984
142 4602
625 7487
467 6847
215 5349
168 12
143 1606
235 2909
268 4325
707 1261
392 3669
285 3269
212 3067
516 1906
627 7614
548 776
263 8036
649 5182
499 4075
141 4143
509 6679
592 7891
633 4844
288 1253
755 2112
600 5062
275 9514
186 5463
349 5359
32 4128
738 4591
538 7763
186 2178
556 2939
532 1958
809 7890
431 3830
312 1448
536 7960
172 1871
401 2061
750 9053
41 4849
693 8359
817 6585
354 5197
413 3797
751 4817
640 8221
267 3530
573 5327
71 5995
219 8935
735 4481
797 2166
557 7707
327 9932
153 3432
427 3554
570 2670
215 4438
628 813
74 9985
478 9455
839 5375
86 6175
218 8160
839 6912
771 3027
221 7627
320 8457
608 2489
632 1325
327 3356
398 369
377 8903
323 8447
20 774
701 3707
645 3739
787 389
333 7118
307 1913
516 697
61 3079
329 6904
654 7668
618 5773
159 2146
580 3943
803 5926
455 8445
487 9752
837 2947
817 6025
38 6628
33 8835
96 2657
840 5997
395 9774
170 2464
348 6409
633 7472
557 2089
755 3110
807 8178
486 2367
606 4188
216 844
264 9676
225 7538
618 215
856 9234
738 4284
5 3526
210 5971
811 8860
816 4623
765 909
288 8060
516 1152
648 8027
645 681
410 4539
594 621
574 5226
725 955
527 2701
209 7562
323 6873
200 7566
145 217
104 3748
341 9960
706 5536
415 1168
382 7262
848 6806
839 902
384 8539
745 7920
630 4258
814 5686
648 4762
657 8468
207 2837
674 1436
24 1739
411 861
74 2352
459 6881
521 7914
346 407
269 3545
257 81
443 39
243 8205
611 7298
728 8251
90 6327
306 4982
383 542
687 2007
706 2171
788 5332
289 2456
778 9769
895 9123
183 964
576 7452
699 9271
841 6880
440 938
425 1089
871 4318
523 8376
474 625
81 6901
742 8432
72 336
774 6798
899 7915
640 8558
399 5675
106 5922
408 6485
925 7016
182 6059
228 9070
419 285
649 8950
214 6465
952 8081
563 309
250 3810
76 3893
671 2549
432 3387
600 8101
136 3653
551 6014
336 7126
937 5269
660 4865
285 2281
384 2984
780 783
761 1753
829 4280
847 1128
68 3710
967 9431
653 7861
580 2857
900 6525
398 1604
607 7347
787 8302
192 764
73 3483
735 5944
150 5446
896 2358
526 2617
571 7486
20 9984
183 2060
803 4851
213 4763
422 8826
619 3276
292 733
300 2123
612 675
662 3017
762 4159
809 3308
144 6236
701 6809
663 8598
210 4767
694 7399
528 7364
41 2003
224 1461
394 2067
906 6562
81 7678
50 1318
787 7907
131 9663
291 9795
420 4353
1030 9677
920 2161
330 9811
261 631
740 349
963 7924
53 2139
302 4780
806 6517
569 9024
561 1571
744 3376
768 9040
669 9069
761 5412
640 2786
543 1448
21 7382
1044 7658
868 4691
294 1544
1023 9125
970 2188
993 7796
944 7149
736 1949
84 8224
579 8011
571 6576
3 118
688 9466
753 7183
373 4838
357 4792
88 9185
767 6910
410 1644
930 9632
816 9213
77 3435
469 3601
961 878
172 1426
394 4013
1002 2729
553 4850
845 9523
78 7960
92 6043
336 5838
918 2065
970 588
460 752
652 5079
267 1480
912 7638
530 7886
736 4618
1030 5383
27 6029
919 1136
518 2682
742 3921
277 9514
854 4813
361 3319
96 2010
809 8493
858 7399
670 3303
257 2800
501 7086
236 1656
894 8498
194 1429
626 2677
494 1718
376 7369
415 4458
346 7005
1098 1323
991 6564
550 8858
18 2822
940 1201
995 8067
461 8565
902 2751
894 180
205 6082
292 3951
736 7501
554 2889
472 295
346 3667
621 1158
932 5636
463 9496
122 4355
165 8404
164 9079
97 3349
652 8072
917 1990
912 7306
299 64
465 2745
782 4951
258 7918
172 7305
29 4560
231 4783
589 2021
340 9750
957 4436
292 9559
699 8091
283 1736
679 6185
20 8369
122 1313
287 120
606 7813
175 4179
892 209
833 9294
1138 9683
589 4681
947 8815
381 6975
551 5639
144 6718
1151 8451
164 1625
1126 754
1065 2233
182 5518
44 5882
393 2334
39 4136
849 2357
734 8302
295 6534
1090 7002
724 2410
134 6767
819 3409
564 3787
724 9500
949 5814
1112 4135
1156 1714
802 5231
51 1802
50 9963
417 3474
224 2524
982 36
70 3695
61 5513
646 7676
849 7388
8 6511
1147 1995
40 3600
1102 6472
221 8707
1068 8826
648 9374
1103 3261
171 7062
1077 900
873 1196
80 6804
450 5911
1129 3085
244 321
766 9525
916 6596
977 7863
1061 4606
840 7059
142 2441
312 7732
214 9772
352 4022
913 4514
1081 5313
717 7818
1052 7873
118 95
164 9211
935 4253
587 4316
489 1064
705 5299
408 9856
1084 6230
534 9229
353 9595
608 8174
23 9107
165 8946
515 5679
59 3813
929 3214
349 1560
693 7972
135 8535
584 3593
153 9283
854 7272
1233 5821
285 2631
1204 9253
273 4410
585 3949
575 1504
1021 6493
140 2305
450 9754
287 2143
310 7237
1011 7780
108 5610
954 7654
53 5311
554 4615
68 4516
1050 9200
981 6344
1054 9951
654 7379
826 5823
699 9240
461 6071
670 7052
769 8402
532 1926
647 9788
419 8927
794 4538
15 3605
793 5362
1140 7805
379 8575
938 9514
951 6967
725 7211
122 6315
743 4051
1088 9755
1059 1256
63 400
716 1691
348 2120
843 1599
451 1517
47 8550
449 6175
1228 8248
1291 2036
893 4217
1200 4138
1200 508
150 6147
303 5069
232 2159
640 2413
1299 8233
857 5418
1113 4546
103 1025
381 4673
882 8994
1036 6161
650 5205
1153 6268
1175 1503
1235 4892
914 5144
1128 4583
1266 4394
640 8686
719 2974
429 806
146 6966
284 2379
1281 8466
906 3729
397 5214
1051 2410
314 7609
745 9364
211 3788
592 6492
118 6619
556 6970
1043 3497
591 6740
1254 6752
475 6384
1046 4710
887 8066
1127 7099
284 6978
287 9029
450 4329
688 3574
863 3410
1080 982
975 5998
697 9880
1298 573
497 2684
589 5729
878 7381
1250 4647
436 4741
387 5171
723 3946
581 29
941 1817
840 1154
1111 2495
475 2038
310 7816
761 7353
1120 8888
869 6829
1355 8760
352 4072
1267 5964
155 4457
524 2100
571 2216
796 6258
328 1376
261 6858
420 292
127 8961
1140 4183
146 973
556 9420
1179 3335
1273 6659
776 483
468 581
749 2449
1293 7184
1240 2001
205 9427
1169 39
1159 4696
1115 9436
1143 2148
194 5539
357 4227
391 9679
299 4211
1262 4162
9 1023
939 4563
628 726
986 7639
1100 8023
181 3819
501 7279
45 1423
809 1301
74 9296
418 8680
1304 900
463 3273
733 3368
1333 7290
1014 725
986 4634
460 9594
839 9905
842 5415
190 783
1331 8347
997 8782
1146 4509
771 596
432 2800
900 2792
391 2936
544 2986
1075 6508
14 2986
749 8284
257 9471
1178 6392
413 7443
1357 2145
649 7491
1043 8520
45 947
1184 9906
261 108
556 1765
315 798
708 1178
1264 3766
361 8279
1370 7816
419 7755
889 6767
963 4930
709 6882
1367 9751
370 8437
219 5248
647 8055
260 4711
524 7775
516 7932
295 2829
198 3586
324 6027
1422 5537
765 6833
423 1425
1332 9898
940 9494
1341 1913
1171 3692
815 5001
543 8934
474 5312
686 4160
238 4295
325 4315
1375 217
793 5276
568 5650
817 7700
1279 5976
1055 9060
1345 2061
99 6009
1452 2465
213 3280
1336 681
541 6772
1206 515
239 6565
139 7252
958 635
1164 8954
1096 9680
188 3116
1207 9102
256 5831
1476 3744
1223 8613
921 4511
47 4233
1457 1620
1163 6618
1216 2726
1342 5617
1313 9779
1228 5112
326 9814
53 3155
1139 1299
351 8451
276 9120
1142 7275
1496 9412
275 6231
660 7088
111 1164
950 4080
1379 4116
1089 3704
1509 3492
808 3084
85 760
448 8568
997 4588
304 1970
177 5045
1068 9594
1513 1455
795 3983
108 8531
568 9268
206 1312
929 5366
415 649
585 3301
1286 7680
1223 1918
381 937
1240 8186
1432 9888
1287 6242
1123 1892
1127 9337
195 3329
1002 3506
747 1566
1453 5405
144 4728
196 1024
1356 1733
25 4228
624 7404
139 3528
675 1468
1525 6370
1087 2026
335 3793
1300 66
410 4407
214 1497
1301 4584
675 8707
338 5178
1020 1006
305 7819
614 669
1197 8488
447 4231
1472 9893
467 1729
909 8879
373 2648
627 1598
235 6483
1065 693
942 5947
1534 9483
409 6383
1174 5059
459 9139
1033 3176
1359 1484
894 9180
360 2111
1307 9467
943 5487
543 488
1560 3266
796 1689
635 1876
1101 1375
98 2420
1160 781
413 1504
670 9206
1122 4046
772 9689
1461 5841
130 9728
1080 5186
257 9270
609 2805
745 7052
483 5182
764 6245
549 5090
1588 3253
1332 905
1281 1893
773 9026
618 6601
431 5812
219 286
1170 5998
360 7323
1499 1741
1473 6939
1134 5400
497 2779
548 4714
324 2897
798 8896
538 2025
1296 8354
1535 7123
372 2366
232 3762
1267 6416
602 6918
317 8869
336 5926
1379 6554
1153 4962
504 9218
136 4860
484 5899
1519 4295
1424 1992
731 7298
688 7275
187 3000
494 6265
881 2809
544 6760
1097 5639
763 6245
387 9209
1142 5834
575 998
257 8605
1400 4400
1133 8686
633 1341
1585 7179
1174 2067
494 9906
1085 5239
1327 80
490 869
46 1183
55 8884
882 1595
1378 6477
138 8552
130 8161
51 3172
1422 9674
399 721
1426 4639
703 8573
304 4928
623 6337
208 867
232 7526
360 7996
1179 7332
1250 115
64 269
735 1429
790 3334
443 878
346 4270
138 2681
518 8532
1316 7824
1669 4003
361 1990
1340 7811
809 76
1406 4628
158 972
1561 5148
1050 3603
982 6570
1142 7634
1004 4103
931 5233
1393 577
905 1558
376 152
1006 119
341 6768
1363 5148
1 9450
51 1228
286 1827
1114 8399
179 8292
1098 482
1584 9686
676 9258
1349 5395
1357 8555
1670 5208
1570 7679
413 297
1364 5883
450 1622
1373 1907
1503 6917
11 40
856 257
785 5683
1651 2830
1688 6353
1112 6619
1400 2124
863 3424
758 7733
1606 3642
1590 8061
993 3153
1653 246
135 8577
478 4062
1072 7974
1317 8860
1475 9944
515 2991
613 9774
698 4288
1165 5188
227 9114
597 7186
169 4348
154 8866
1162 6873
870 7058
1187 2941
802 6615
1728 2183
716 6711
749 8426
1500 8190
80 1994
171 3303
845 9802
1 2364
329 9963
1552 2507
248 8981
1173 9151
1462 2433
776 5045
1105 2674
1493 4405
550 9015
1235 8387
353 1029
234 1382
112 509
1262 7934
1516 2744
439 8334
427 8020
1328 5589
1168 4900
47 8753
775 9986
428 8474
238 8897
1767 8653
1190 7208
1678 5655
1425 4116
615 9403
1352 4560
972 608
341 3144
360 3504
229 9306
1307 9442
553 8113
700 4008
1775 5206
1421 4723
1642 4525
1081 4085
1661 5601
743 3808
704 6813
1639 4078
1439 2730
310 5208
535 1138
536 6978
1575 4446
268 283
164 9214
1140 4403
1081 3349
335 4774
1647 3681
500 5170
124 1701
1074 4470
1055 2849
1206 9076
967 5337
1746 1255
1246 898
159 5563
699 4333
1082 3276
1120 7165
405 3947
1698 4032
1111 309
236 8905
1331 1564
1737 5440
632 2236
948 287
854 6408
1311 5320
932 4872
850 2629
500 6445
1292 6522
1615 8629
873 4424
1645 6612
1098 7536
25 8529
817 3205
650 6597
925 5159
361 3167
35 4078
1122 4098
860 8
120 9686
210 5356
1778 8872
1669 6561
1162 1651
1746 99
1260 9817
1281 2949
563 8376
471 6883
1557 9836
1000 4580
978 5668
1630 573
134 4028
303 77
1242 2561
214 3333
1570 50
766 2129
594 2916
658 7799
771 8619
683 8770
966 4128
1852 3346
1273 5928
980 6659
30 4035
1252 4720
1478 3449
1608 3186
1462 1531
117 8618
755 2290
1229 7278
1618 9759
1755 5811
1439 2735
1788 5821
1651 5078
830 7193
158 1544
1047 8659
1263 1111
602 9423
859 2058
1567 7040
504 6528
949 770
687 7418
551 5913
1523 3894
517 8423
966 219
183 4044
491 446
1072 6939
884 928
942 6435
202 7246
1032 482
144 24
1114 7120
168 9197
602 204
1281 1274
2 3701
509 8742
843 5091
567 3349
1783 2419
359 7950
1089 4307
544 3736
988 928
1507 4115
752 6514
498 7713
1200 6520
1310 5511
353 8190
1724 525
410 559
1659 4589
657 7047
576 9826
24 8578
1368 3662
391 3409
1816 3703
265 7408
363 5886
1658 9443
893 1962
275 714
756 5981
264 5121
1272 2805
858 593
1873 817
963 3199
378 3920
726 3651
765 9413
508 1482
427 5846
486 2085
1209 3956
1876 3384
743 378
1812 8849
1470 8834
65 8707
1501 9739
847 9948
1557 8551
881 1103
1133 7002
594 3096
1075 3146
624 483
1478 5802
1621 7529
965 3441
109 3322
1930 7576
1623 653
1006 384
1029 2148
896 1227
60 8743
87 1670
569 5575
1438 3057
1460 8185
347 3484
1275 4019
1333 8435
1214 8969
234 7593
165 4987
499 5162
1325 5525
1936 2066
1539 6127
1609 2325
247 9776
1968 4403
36 5115
1990 5066
57 2003
1055 2645
180 4909
765 1002
1472 840
1468 1332
309 6369
1244 6275
1271 1428
345 2517
1751 9919
108 1176
750 6630
1781 4030
1073 2947
903 4258
1006 8613
801 1144
1761 2161
496 5409
866 2698
80 5966
487 2616
529 4113
1230 2019
307 6515
248 8392
2004 1105
2014 8792
411 8273
1960 1867
1474 8868
332 2781
1301 4411
739 4457
1795 5708
1891 1650
925 5091
432 4875
1355 9723
759 3613
1513 6835
795 4905
555 7179
880 325
813 1886
1836 9439
1375 3772
1106 4104
952 4392
364 7685
648 3606
1422 8016
1995 5999
1158 2725
1340 5709
955 4410
1321 4118
422 8774
548 6010
1183 8808
1234 8782
2003 7977
1392 4772
2001 4015
800 8492
172 7054
352 8168
175 4163
1264 3243
777 5086
1946 6682
2012 3162
941 5783
1526 9129
1887 9753
504 3495
1365 8445
1101 6558
522 4449
751 6757
1164 6754
2010 9390
68 3421
662 5391
317 4970
271 4442
961 4101
1513 9035
761 4118
797 5901
1656 4171
1474 3120
186 7834
1630 1217
539 644
1677 5221
1405 3651
681 6755
1854 3738
992 6707
1860 5336
492 5479
1678 2694
314 2125
369 2392
4 5360
827 7319
1713 7960
1771 2
1473 4777
1009 4498
1587 8352
1827 9571
1419 5065
506 6100
691 1938
1565 8442
983 3832
1383 4142
61 6393
430 1332
1036 4335
415 8486
401 1495
1747 7394
698 2310
209 7337
1688 7515
1055 737
2048 2267
2008 4691
1372 4643
1241 8039
1202 8360
577 4673
1110 7480
1321 7202
534 1969
613 4162
1662 9244
1272 562
242 5452
2006 5241
351 1567
1795 1985
703 415
1033 6924
498 2048
1189 332
842 2420
644 5560
557 3192
836 5097
1269 7754
1553 2432
1756 8529
745 4564
1009 7473
518 1364
964 4770
111 127
591 6918
1816 5446
1056 4623
1133 4804
462 9434
605 3433
1369 2563
43 6620
134 9768
791 8071
1178 4195
119 8595
1723 4124
1071 7724
723 3738
802 6249
148 6441
1038 7084
1693 8119
958 5482
1338 601
1539 4878
673 2720
797 6824
2012 3486
1177 3506
91 5418
1331 3519
891 7377
1695 6609
560 4298
1087 2320
269 4852
909 4299
694 2650
630 2345
577 3275
390 8439
1336 3427
2162 914
1999 1395
1137 4121
392 8615
1114 6156
367 7794
588 9454
289 60
2162 3969
1029 8315
1213 9933
572 7938
1278 6962
710 9000
818 5063
846 2952
331 9000
1307 7044
940 2263
1820 8422
217 3503
886 571
1417 2873
759 4821
1776 6923
149 2321
783 4668
23 8482
249 8754
1565 7423
1527 2784
2107 4898
1244 9769
394 9084
1913 382
1020 3737
479 1744
1091 9934
737 1102
1075 6319
203 5717
2232 907
526 8892
898 7219
2053 3741
985 3928
705 6774
1695 9754
1473 9002
812 9765
1219 4864
1884 2887
1828 4562
1051 7720
413 4767
1059 7256
835 8321
1703 5224
775 6554
1079 9777
226 2715
1201 7199
1906 3238
1069 5435
1479 4558
129 3945
591 929
641 9639
189 7157
2183 4069
1995 932
1747 8753
134 2073
2218 8584
1236 9050
1288 2776
2059 7447
701 2453
168 4715
1996 8370
1700 5831
956 3865
2144 433
447 7268
547 9940
327 503
1899 1204
1584 5929
965 2187
1583 4465
450 3238
749 4855
182 9709
244 874
1958 7142
1909 4042
607 3476
796 3826
1362 8174
493 5222
1399 8752
1232 1441
1199 2215
1310 9360
2052 7978
1420 7970
1037 5259
1475 4151
1735 330
2180 8081
1734 640
1535 1485
1259 4319
414 4212
1030 5041
703 2274
810 5186
1251 7616
1414 8179
1089 4000
2118 3001
15 4993
1599 4999
1913 4800
392 9973
767 3766
1571 3830
1774 5662
455 4937
605 9880
1364 5560
7 2856
879 7141
621 1026
1776 4888
696 1550
124 2907
2146 7893
201 4183
281 7281
1147 177
1546 7028
473 7898
1011 2218
64 3866
72 9272
1565 7019
1426 3214
532 6424
1511 77
2182 754
1252 1654
1045 9586
752 4315
649 9895
12 1058
1019 8667
512 1022
2017 9405
804 2614
1781 2783
644 9070
680 5331
315 6500
1174 3737
1299 1743
1689 5908
2182 6348
2051 6745
1042 1293
1732 2155
1945 736
1931 9847
74 8653
1954 7437
1107 2474
1532 8007
1415 4420
1212 6478
167 3357
1003 3236
1726 4527
1964 6694
1846 9895
874 7750
2046 5779
1927 3764
1998 7355
143 7627
609 929
1640 4537
1122 532
1462 2243
706 1777
2103 6888
1922 3984
1630 7344
874 4309
1889 2404
814 2976
1656 5063
1281 9809
49 4535
762 9863
88 5524
2306 4750
1484 1207
1243 3121
569 5647
36 9815
424 1853
109 1953
1044 9807
2199 1309
1665 7644
949 3904
292 2573
194 1333
108 9376
1302 357
1108 2798
734 2679
1371 4006
1988 7181
983 5719
1581 8911
870 6805
1220 7911
1312 8397
941 1764
358 7341
95 3199
131 2480
2 406
446 7486
949 6805
1420 9235
119 6688
1657 1695
1208 5346
1903 2016
494 1563
449 944
698 7395
1336 9287
1279 8836
867 5984
312 5280
93 7542
563 8960
879 9585
69 5986
935 5773
2194 1786
826 3197
1704 8004
2143 39
556 7009
389 4232
246 1970
1722 275
1029 7764
2056 2750
536 3264
1264 4423
474 3698
2197 7864
1539 7937
1116 2670
1731 5907
1163 5437
1031 8035
1708 1953
1265 2026
1607 6431
2382 2712
1604 3751
707 790
1191 5816
1832 2406
1198 1447
36 2558
647 4416
92 7710
759 4370
1032 878
1811 3887
2204 7874
2307 2373
1557 8288
1182 3736
784 6432
2468 1640
136 2723
772 2133
785 5662
2325 423
938 8149
2470 7664
1009 8588
2042 8797
84 2410
795 2161
1752 1341
2257 992
1764 7179
489 7129
95 1292
2107 7977
878 4395
1758 4325
2300 3927
1703 928
2491 1783
611 585
2067 1968
321 2662
2013 4714
1874 8092
814 1807
745 5629
1907 3201
2487 6442
1535 5021
2474 284
1382 418
2259 7081
2068 4259
2132 8194
1606 398
46 7652
2082 2945
2004 7129
928 178
2299 6231
744 1272
677 7541
673 259
2524 2112
1048 9080
2386 9449
275 2273
2383 9542
1606 5381
1794 5110
1865 6257
2124 4333
2318 8662
1071 7986
1720 9466
538 2415
1678 4117
178 1472
1369 1641
1035 732
888 461
232 2339
1067 7997
2164 6894
465 1533
2074 7427
1854 6955
546 4055
1141 5349
1372 4908
2292 9657
1251 2185
105 7377
1671 7293
539 2579
2256 3562
1321 9260
2297 321
1341 5435
2401 1283
2184 6567
169 5767
1540 9872
404 4178
435 5676
508 4526
467 930
1431 9774
2380 5394
2415 712
2278 343
2578 5117
2527 2893
2342 9072
190 1023
1818 1778
444 1705
1686 396
502 326
943 6447
1083 8182
273 4397
91 5573
1983 5595
2234 5509
1919 1279
1965 2508
2527 2783
1717 9315
1913 9868
533 2756
1570 627
1390 9940
1418 4730
2298 6517
1177 4590
90 739
681 4516
1647 9787
165 1916
2010 7314
1407 8391
2418 4395
508 1823
2381 1878
1528 8068
644 2751
1821 6642
1607 8938
736 5734
2149 5527
2478 4487
1552 1612
2542 8693
1825 3491
1956 3644
1069 7874
1137 2216
177 7948
1653 6045
1438 7554
505 8692
873 5978
2286 4693
2033 7477
219 2221
1991 9825
1905 1550
1199 2442
1299 4889
1939 2115
1802 7685
1048 3061
103 8839
22 6755
1652 3738
1748 4520
1690 6211
1667 2213
1972 4996
431 8416
1184 7075
1284 7461
585 5165
2361 1337
329 6108
1759 2660
274 1369
1764 346
855 2573
55 8847
537 3876
2654 5080
2300 7794
1108 2210
1896 8312
2256 2678
1209 2996
1426 6928
484 6642
2361 758
18 5160
1093 575
65 1541
282 4302
1012 618
427 4744
384 1336
1570 2336
2249 8781
531 7474
564 2810
152 1120
1553 5484
1842 1460
2105 3618
1473 4058
1996 6473
1347 8591
1109 2410
2547 3133
399 2539
346 3197
2426 473
562 5020
2390 4609
1220 4726
945 6771
1582 7011
867 5996
2367 8140
76 7806
2055 8185
920 7607
171 2825
139 5263
546 7887
23 3095
2077 9890
2027 5207
92 7250
1090 7380
501 5819
1238 1028
2168 7407
2066 4802
2129 9238
2365 9435
1896 5187
1538 4148
71 8304
2526 1984
2043 6434
1774 4008
465 6830
454 4021
2294 3232
2698 5578
2011 4023
1639 1099
713 2764
709 4379
1748 5263
761 2472
2195 3629
2168 4045
2261 3279
311 4647
2214 5005
1719 6336
1773 9385
622 3259
860 6892
1186 1001
148 9227
777 1723
1540 2086
2536 2350
1931 6201
136 5713
2339 3811
2276 9877
2711 1691
536 7421
1555 7965
55 657
1800 9384
1976 8355
1154 2048
1407 2773
765 8059
1272 7503
1873 1855
645 6093
1338 5695
239 1323
1597 7301
1694 2034
1920 5721
1403 1672
1960 9600
1540 9694
659 2814
1944 1848
453 6888
1386 4014
2348 3139
169 6997
957 8684
317 592
967 4251
688 8450
885 2116
1522 7345
1672 5575
901 4761
1151 8039
1391 1177
2059 1339
1927 7587
403 9762
623 1325
870 5518
1335 7692
2621 6097
759 2823
1201 8144
1063 1926
1976 3488
708 6413
1717 4881
2450 6267
1472 784
464 2544
1194 8549
570 8425
2584 7336
804 2435
677 506
1647 8995
536 1262
932 5729
2118 487
2780 830
403 2648
779 8480
2226 6628
1633 429
2549 9512
2120 6429
134 58
1791 6825
2050 820
35 1625
1679 1970
582 8184
996 9267
486 5572
1533 5795
999 6013
916 2022
2171 6579
73 3305
429 8421
1282 2982
198 928
377 8284
1479 91
1003 8599
1742 4265
143 1965
1096 1892
2112 7688
1361 9761
2802 8647
191 1625
1390 9564
495 3209
1578 9717
2011 7546
2043 9468
690 2417
1432 7810
1822 1676
681 8607
2354 5905
958 8174
823 8040
2183 1085
1571 7672
131 3928
2795 2228
684 4503
517 3388
355 9990
2722 6501
2343 7984
820 1516
1491 3985
277 9294
2794 8204
2181 3375
388 9406
929 9072
2348 9080
2028 1174
189 4767
2644 1579
1481 6422
926 417
1220 5267
868 94
1161 9024
124 8784
286 4191
1113 7654
2604 1318
313 1023
364 8510
2122 6763
2352 1812
937 8640
1597 3246
2617 1093
1038 3278
87 670
2411 3462
367 6201
1542 4250
1211 3964
2540 8445
2360 5801
1458 1126
159 7191
1148 4852
2093 1516
512 3934
676 9730
648 3780
2022 5921
1096 6533
2228 558
2124 78
2751 3956
680 1634
1893 1086
1937 6186
2205 424
1790 3493
1534 5529
2269 1622
523 6266
2346 4611
1370 3438
2811 3885
1561 224
836 1233
2830 2542
334 7531
2066 5015
2263 9429
347 6847
551 58
382 9667
20 6205
753 479
2766 8269
2343 9801
2285 5278
1519 7914
2223 8393
2670 5113
532 452
1610 7335
1281 4604
771 2352
2767 4659
768 6534
920 9771
384 3523
2255 4915
1125 40
2926 4895
2184 4204
1782 7092
1610 9757
2752 5296
1525 3700
49 8382
1406 7874
1890 9693
477 5731
1108 2626
35 1758
1720 4894
991 4361
634 1926
2628 3736
2450 6910
2784 8547
1063 6665
2611 1711
2664 5454
2664 5640
2928 2838
2405 7264
442 5479
355 2020
41 1604
1819 2411
1147 5624
1517 1805
1081 1887
1019 7908
1943 7431
2326 1732
1578 7668
1578 7745
1779 8702
2108 2152
987 3325
2414 4015
2939 6778
1366 8556
1430 5635
1885 9813
719 4925
633 3003
1544 7805
1140 4576
632 8302
1034 194
474 6182
1236 1494
457 6446
2902 228
2667 1384
1223 6320
1164 5359
1076 5070
2000 5467
2900 631
2731 3650
1624 6049
2914 4611
535 9234
216 6113
1220 8144
2305 5073
1340 2901
1053 7065
2685 1652
1336 7569
1531 1962
2568 8741
2311 6045
553 5358
2121 5293
1401 2536
2931 382
2757 296
2466 9111
642 8430
2876 3162
1596 8860
2196 5694
2704 3542
1972 2824
2464 3953
270 5977
2719 7356
1135 9893
1198 7756
980 1854
3042 3499
1289 3693
1760 4738
2218 5674
866 2808
2271 7610
2017 7723
1626 9529
859 6981
2115 6341
2075 5108
2814 6969
1075 8856
1761 588
1480 8488
2388 1458
396 8528
1716 4792
1924 1096
2778 5243
1079 8962
2400 8827
521 308
1409 5214
2022 8095
744 1507
617 2706
642 3523
2701 6554
2581 4447
1441 4575
773 7465
2675 3873
2522 3729
311 1146
965 7555
1342 5660
2554 9382
2225 4117
2025 9001
299 1602
2850 1947
2536 6350
3015 5007
58 5665
380 2269
1519 2331
729 1516
1412 8336
772 3173
1633 390
1585 3787
2697 6148
2307 8592
2457 9272
2425 6900
769 1120
1824 7351
2179 9605
1700 3280
1668 7225
2387 5148
1556 9742
617 1770
207 9697
251 4244
1195 4753
1314 7106
3033 641
2684 5751
198 9745
1756 8182
3097 6444
2452 1467
1306 396
2744 8018
1327 7654
1134 6718
1723 4720
1503 3304
2286 3430
1326 8053
1609 358
2001 9605
1538 4180
2029 8065
90 4630
7 5684
72 9820
519 5002
2695 3150
1367 5638
406 8931
2962 4823
1445 9970
1428 1899
3067 3603
651 5342
2073 3816
819 7327
950 787
2834 6537
1376 2916
3015 3611
2197 9088
125 1117
316 9496
1068 2132
520 7201
599 8200
2713 8788
2426 1724
57 2040
266 1785
1012 6759
982 9480
902 5753
2700 6352
2141 9931
2622 7358
966 3350
1816 4998
1341 2363
618 9463
1395 4692
2219 3786
3138 8585
26 4110
3007 7968
1208 5005
987 4041
2425 3232
250 7635
1009 5221
1256 8487
2737 55
300 6101
2675 5932
2723 5094
43 7211
546 9794
709 3920
2569 19
288 1972
1464 2286
1060 9178
2149 4031
1705 5136
1090 7086
2115 9803
1274 5591
1033 9941
2831 9294
383 2649
873 8821
3163 3961
2412 8080
2547 6518
1226 8064
1770 7515
2874 3133
1546 7791
1340 6280
2693 5688
1954 7575
490 6320
1935 3650
61 102
1162 8724
2407 4072
1078 5488
594 8233
1188 8976
1575 6410
2666 1340
1573 8406
1219 5500
921 4929
2983 8910
2395 1100
3150 2037
1143 3886
626 8204
315 4423
1650 4865
931 2435
2565 7339
447 3678
2938 9711
2956 6412
2605 3417
2533 4995
1799 7102
804 9467
709 228
2980 8511
477 4124
2551 3817
438 4912
1563 9750
204 8369
662 148
1559 5759
724 5122
2708 7589
2992 9281
1244 5570
1169 2352
2811 7524
1205 4269
206 9889
1136 8376
887 8789
1944 5342
968 9902
2942 393
1969 7836
1412 171
2145 5307
1904 953
995 5393
2715 7143
1098 342
552 5839
2585 8834
2415 3000
1332 1732
3011 7802
302 5987
2698 7437
1041 9340
1671 8434
504 1709
335 6631
20 8753
942 474
1456 8245
2544 2286
3182 967
513 1540
643 6614
1924 4990
2109 4795
1647 930
1186 9403
1526 3469
247 3329
2195 8951
111 6855
1500 121
2346 3704
2714 7758
1717 9113
1654 2430
20 169
3119 9056
1474 8281
2811 6049
614 2952
2769 1628
2465 8405
3184 2100
769 3925
1451 6808
1802 5866
1866 3531
3282 3329
2169 2018
1686 9365
1700 5303
292 9902
2556 5696
900 3823
1140 3036
3193 6411
1644 9607
1211 2890
163 4825
1081 6365
962 6678
107 6986
1893 3657
3141 6417
2475 2847
846 6898
1659 1826
2923 1896
1849 6365
2415 6608
3313 2951
1978 1102
2623 5531
892 4816
943 8160
541 4251
2079 8579
1371 4004
2083 3776
1525 3379
52 3629
2601 4068
12 2956
2958 9487
159 4344
11 42
1940 8752
2742 2312
1760 8707
342 7370
2833 9931
2389 8378
2426 4929
2299 7288
1886 4077
1036 3598
2253 895
102 6363
933 8627
3235 8714
560 6520
2122 2192
202 4700
3205 7000
492 7084
1692 5510
1997 6834
1527 3487
3148 3616
1684 1864
3095 1640
1260 1794
3168 6303
852 3
2847 7368
1521 5794
1 5256
1826 8273
3240 9622
1940 7637
276 674
3371 5065
723 9113
2015 4851
312 812
2102 5589
2526 503
2281 2835
2296 351
2165 2699
2000 6026
3134 3929
2150 1030
357 449
980 4664
1372 695
2961 5249
1180 7488
745 421
3135 3029
1211 1337
1531 2143
1446 1656
2254 1976
114 3032
1253 4955
1383 6421
176 4848
3321 2066
2920 9899
2522 7679
2600 4396
671 3169
135 1788
3046 7938
2884 7701
3338 5187
832 2544
150 8208
2993 1178
697 7634
529 3901
1071 3838
530 9214
1584 8232
2248 488
3095 4341
528 2114
837 6833
2229 1375
582 4302
497 4034
1136 4172
1841 8879
1570 2666
576 339
565 7819
3001 8780
2556 9589
878 1605
881 6899
543 4347
1098 3617
1398 7924
226 3290
2989 5612
937 213
1157 2588
1869 265
467 6488
2746 36
955 7338
778 6282
994 4354
3046 8143
482 9031
786 357
593 2746
2735 546
3049 2795
932 1980
1102 5941
3215 8449
1870 2813
3118 224
2369 655
3072 9836
2350 7712
985 425
1768 2952
2562 4712
899 9694
2705 8413
2815 1860
1521 5795
1366 4762
1280 6618
1033 9224
108 7097
495 9737
2995 392
970 3193
3137 2737
561 737
1753 2072
1825 8641
294 1836
2053 2385
1905 7020
569 9912
954 1170
1628 3150
66 9273
2871 3278
2884 7420
2732 4861
384 6708
1196 1919
2489 3070
2597 7666
3405 7652
1092 6553
952 6521
2755 5035
2077 8155
348 5238
2300 770
387 6489
1484 5965
618 2407
3498 9618
971 365
1894 8724
1572 9067
2957 9259
2744 9178
1011 1229
2419 7254
2364 2893
321 5884
3021 9540
3418 4351
3339 9689
231 7649
878 5321
389 6234
850 4696
3101 5087
3210 6096
1618 3281
2661 7239
752 3319
147 1004
2160 656
3420 7184
3477 6235
1147 480
325 959
775 6238
1289 4466
47 4668
192 6306
2482 4784
3386 9835
1951 9464
736 5702
717 8777
1431 1383
2546 9898
1393 2692
989 9287
3052 9963
3398 7994
2754 574
3233 6915
1193 8740
2142 8079
730 8318
3392 8333
1034 5357
2959 1841
2559 8995
85 1694
741 6071
345 6371
3083 3009
1859 7806
3537 2049
2352 4070
3314 6619
3164 314
569 9201
2126 8642
3176 667
3382 2560
1190 585
3497 9444
1869 2399
1827 8469
3525 8484
2735 8096
1665 1011
463 7242
3408 8704
1192 7062
916 6189
1047 2588
1457 127
3283 3646
1134 4998
2939 6842
2021 5045
185 7501
2837 4241
1478 1104
440 3332
1408 3305
2283 5559
162 7891
3087 9747
1717 1392
3227 1442
2628 2638
483 9309
3596 1755
2890 2040
746 2279
1306 5805
1342 628
321 9176
1069 6127
86 857
2785 1296
2830 1090
268 9172
420 8912
3005 9716
3140 8711
3409 9783
2492 8341
3146 2104
267 1043
3302 158
3177 1240
1301 850
1421 8931
1230 8478
2385 1417
1731 8031
1467 7780
733 1304
56 4661
408 3302
864 5867
1173 8260
1250 1046
2448 6977
1403 1173
2528 1866
3296 4352
3451 3513
665 1490
24 38
995 836
2818 841
908 4915
3208 699
1490 4019
428 6971
2331 1775
2715 519
2298 9571
1739 1920
2859 5806
2227 9313
1577 9686
278 998
3378 7554
864 6986
1838 7835
756 4932
3583 1981
995 6820
390 192
2572 5835
2717 6013
857 1949
3537 5172
119 845
2537 2452
2502 7736
220 1515
479 6669
1212 3500
1888 8211
1354 305
2339 5275
1559 9136
2533 277
1075 7777
92 4249
3051 5562
815 1637
3006 7984
904 8840
2368 833
623 3320
2545 2195
2683 2262
3059 3795
2670 8894
2009 5625
3305 7944
3574 751
213 5576
2899 5821
3622 9207
3483 2664
1343 2794
2305 2123
348 3305
2890 6174
2753 6858
115 4924
641 5232
3134 8657
500 4302
2584 4627
1176 4982
1498 4969
67 4575
3476 2389
712 7282
192 2026
3636 5696
3657 5338
804 3952
3311 8193
3249 5828
3200 9011
3381 7144
2053 7560
771 6180
1279 316
2453 5660
2022 8365
3705 5009
3323 8887
1723 668
2296 4381
2667 7570
3289 8713
1149 3551
2610 4623
3189 3335
451 7886
3451 4396
1270 9739
3503 3012
2381 2856
2076 1147
774 3986
1192 8439
143 6842
919 9891
3356 653
1534 1589
2423 9757
1153 9691
2565 3893
1112 1104
457 9853
3132 3096
3076 6801
2972 348
2586 3109
1041 9806
3321 3341
3588 4570
313 2972
3449 6643
687 9642
2155 1103
944 5331
381 2729
1385 4762
468 6498
3505 3795
1516 9778
739 4401
2058 6103
3536 294
1889 7783
78 5942
1264 6482
625 2927
2601 9248
3620 9153
788 8602
687 3580
783 5738
3310 7483
2833 1926
2573 4953
204 155
1618 5534
3553 4248
1132 8849
2898 9021
2653 2238
1297 9126
1243 9578
1818 4844
1953 3964
731 2911
1820 1595
1741 3438
3617 4730
1666 4760
1789 1050
3448 954
893 9305
2190 1900
3583 4958
3381 7034
1413 8741
953 2980
2838 5651
590 152
2757 1135
2854 8583
3328 3572
2525 1709
940 4120
1572 2440
1586 8050
1684 2925
648 6538
968 9632
3370 4389
2397 4888
2518 1042
1558 4294
2765 2433
2103 7344
3229 5290
612 1076
577 7514
601 5016
3313 7756
3386 6580
1822 7800
1590 5076
1622 661
1102 7306
774 3340
51 3650
412 3302
3774 1035
590 3512
568 3789
2223 9393
2157 3590
1997 4365
3725 7782
2492 2741
3785 5879
3808 1587
995 2354
2542 6624
2499 9742
1947 514
1690 2270
2876 6947
3238 9863
111 8277
3655 3390
561 9822
2893 7203
2294 1781
2278 7104
3103 9204
726 8425
2348 7713
1358 3592
1647 8022
2054 3696
627 4179
1473 9919
2424 1541
248 2130
2902 9120
2047 1707
2246 9245
2697 8439
2130 6503
1247 1892
142 6769
1302 316
2529 8090
2543 1734
2632 4966
3218 2416
1056 9120
759 5118
2493 7696
1056 5282
398 9801
83 2015
2978 4267
3203 6133
1823 2362
400 7085
1524 94
3116 154
2018 7835
539 8855
3474 8091
268 3675
2402 3762
2947 5757
2143 98
3162 7742
2973 8465
1570 471
3135 38
3704 3342
2389 4572
2173 8311
2103 7346
2561 8577
949 7718
807 8590
684 6594
337 3960
2462 6371
344 2068
40 6813
1191 9865
2427 3794
3077 9825
3838 2229
1174 9799
3198 4767
493 3784
2182 6313
299 8387
1873 8815
907 807
11 9024
2303 6578
1781 9825
1581 3740
2974 870
2524 993
3269 6354
1342 3115
3223 1294
892 7265
2797 5970
2644 5297
1029 8210
1518 4662
471 3512
421 2419
2477 855
833 8315
1642 9751
3619 3568
1527 4612
1217 6285
1126 8281
2136 6349
32 1660
1172 3226
2458 6710
1583 7593
989 107
1122 429
3098 5014
2319 9847
995 5775
3935 7786
1700 2849
3890 8233
313 958
864 5850
1885 3738
3793 5595
1912 2660
3297 9786
2852 6470
2965 1199
1855 8578
2736 3627
338 1508
665 3610
2759 3287
1165 2724
3332 6084
3548 366
3407 598
2325 5401
1857 4390
3358 1761
603 8126
1969 1378
827 6410
2699 4694
1144 8896
2269 4605
2195 2092
1200 6752
2974 7775
2414 6096
1678 6430
1682 4497
2059 396
981 2096
936 6229
2898 9873
1326 3766
1362 8424
3023 2465
2886 9443
1876 4904
2755 922
2539 9805
2928 7948
256 5998
2845 7120
2639 6680
3238 2540
1002 1608
1236 2757
1613 8645
1664 2883
3690 2968
1932 7560
165 7712
1248 9464
3862 7303
224 7666
287 271
1229 4110
2347 2199
3780 5298
2588 93
3879 4626
126 4745
1287 9146
3671 4093
2921 5489
1526 6239
1757 7581
3835 1315
1636 3642
225 6240
3531 6489
3085 2139
1503 3118
3298 6203
3752 6559
1738 335
3786 9592
1335 8742
1747 3042
1934 7763
134 6756
2249 18
3662 1815
1683 1175
1523 9877
3083 7594
420 4456
499 3822
2905 5450
3775 4104
1938 8388
2184 7181
1202 4152
2694 8197
2301 9353
2447 9392
433 3829
3428 1958
530 4879
2667 6169
2980 7732
3246 6653
1398 3034
2773 36
923 8649
1770 7734
1157 534
2803 7499
2467 9133
1379 6352
2401 7441
2358 3405
2402 4137
3668 5254
2531 1358
1107 5238
2817 4469
2739 6836
3440 1176
3413 6745
1727 8385
3676 9541
2100 4619
733 3767
1034 6064
898 2514
451 2376
354 8671
1244 719
215 2643
2487 1287
48 7623
1270 3199
865 8470
235 1050
538 2628
1794 7726
2157 4377
3285 7277
1656 3772
1940 9992
2729 8031
3814 1915
1802 9925
1899 7647
1566 711
1825 5699
440 2847
4107 6620
4039 8951
1477 3907
3939 1413
2928 9033
694 75
240 4851
1792 3101
1576 1735
1805 9227
473 7376
1525 2377
3640 8856
2097 5658
1084 9746
836 220
2786 1242
2054 6295
1344 274
755 4549
1122 1385
2481 3495
3039 2434
3755 3207
3725 4679
2412 2047
4019 9463
2895 780
2256 6925
1714 6665
79 6714
918 8719
2887 7555
953 9853
4144 6459
1332 5796
1345 1089
1030 232
1345 7161
1414 1675
2497 5497
3691 1343
1001 5653
2014 6739
2076 8275
2952 2076
2521 4226
2161 3585
766 2770
1566 5573
2387 712
1824 5845
465 3355
2005 2437
3324 7635
1838 399
114 676
859 1859
1068 9127
187 182
3193 5489
344 12
1368 2016
2626 2491
1140 3678
2090 5699
1907 5528
2736 3230
196 9484
4064 2917
2013 2080
2539 9400
1406 4946
1251 1989
54 1447
1859 9136
874 6490
3326 3786
2946 1211
1804 6185
1731 7591
4062 6441
858 3164
167 163
4111 9869
3629 7956
2012 933
1031 4925
4067 8908
1387 7122
892 55
2500 3897
2586 4383
990 1776
3148 9716
4155 7538
23 4245
3418 588
1545 1843
328 8442
3668 5945
1248 4874
3598 8220
1546 6450
335 1005
2634 710
80 561
4027 1879
1828 4620
1909 1888
3439 2726
801 3278
2084 2165
258 9360
2977 6859
1476 7408
100 5408
4231 9363
2939 1920
3904 4839
402 8283
3039 6091
3852 9891
1041 7643
2994 5557
1875 8160
3757 470
1316 8941
18 9579
1125 1971
373 2445
4198 6625
1606 5293
3389 8446
2041 2376
1903 9284
60 2663
155 8629
1614 3836
4141 7328
3721 2228
2908 6954
2998 8431
1314 7048
536 6346
1715 2591
294 1293
2902 7967
393 6797
2938 6606
2516 7133
94 9402
4220 8043
1262 8610
256 6718
4059 4183
654 39
1889 7127
162 351
2844 3903
3375 295
903 4678
74 7492
1307 8481
3004 2373
405 2499
3378 4864
1712 2848
2493 7705
1195 3991
3300 5129
306 885
1602 4065
1324 5152
3558 8598
1931 2358
988 7667
3893 7728
3998 9189
946 9827
1083 1221
664 1023
3638 3181
4243 4224
3638 5896
762 5055
3204 1706
3114 3894
1712 83
1259 6683
957 6487
1396 8228
680 9629
1287 6186
1469 3795
3907 5845
2959 7908
1533 5019
2439 3109
3047 6068
1690 4240
2393 7417
2929 3416
1715 3986
2009 2797
3518 2569
2895 5504
605 6945
2014 1565
3708 2547
279 2965
2786 7971
2644 9759
1749 350
2435 3985
3686 5912
3076 3084
3073 1252
2915 4084
3512 7349
1524 6011
4080 4276
2837 4828
3200 2035
2766 2850
3298 1579
2688 3167
4273 3932
4003 4663
952 9541
1976 9916
1529 4118
3084 2438
2354 2302
2867 9604
4233 3748
934 4295
2958 5515
3399 5986
3262 445
440 3540
3047 9279
1155 7959
2826 6167
1552 8109
57 9938
3131 8769
4027 7905
1397 4803
3628 2259
1746 7763
2063 5379
3642 2222
3376 6867
4069 7392
2647 203
2030 1532
3355 8792
2064 2410
2042 5496
3476 9635
944 9677
844 7533
1835 5254
1280 8837
3594 8460
1945 4273
3712 9387
2430 2263
3008 3462
3329 7178
1935 3877
3953 6229
3915 2013
1137 5890
1647 3241
3594 1878
4199 1886
4240 8951
621 4573
1253 2918
3371 1162
687 9629
3801 5391
786 4141
1765 5003
424 1720
4119 6263
3594 8269
4361 4505
4037 2752
1410 6571
3781 2
4055 9198
4034 3828
3002 9488
2497 2519
221 9075
2404 5636
466 2998
2628 9053
2748 6330
2100 7333
2856 4690
1907 4429
2252 5007
579 8026
2983 563
2348 1514
3443 532
2347 7857
2432 9485
1343 208
3760 342
3570 9873
3764 9179
691 1285
2048 5721
3984 4637
1663 8618
1393 9642
117 9496
641 6762
1024 8424
4400 9385
4019 4881
696 9105
2147 9574
520 2536
3724 1989
683 6041
2765 8602
807 1745
2434 7094
3870 4583
2564 7347
2593 358
1164 6540
526 5165
280 6227
2030 2496
1919 2097
1384 7776
351 2602
1369 8490
2736 2448
543 491
4010 8412
3330 1177
1759 1258
3744 6811
2859 9008
2946 2312
2603 8167
106 1246
1250 4999
322 5090
3191 1338
1294 3528
1335 5254
3472 9919
1672 7851
4347 8090
3500 2313
3006 1681
3190 1413
3811 4726
1592 4562
2478 5853
3795 1841
1610 8518
2577 9127
601 3270
4158 7188
3411 8266
2418 4853
3696 4446
2574 1108
3536 7042
1210 7621
3641 3733
705 2185
3350 4419
3869 1042
2499 600
4088 1311
2066 7915
305 1790
1536 4401
2373 2094
209 9904
1184 1225
2785 4359
56 5349
620 6685
3229 4028
2249 5333
1694 9183
2648 6285
701 803
2756 8109
1549 4336
2632 8587
4377 7473
3025 7125
2987 167
3524 7527
2936 5580
3411 4565
4056 354
2215 1545
2321 5231
427 2506
3015 3550
1507 5608
4274 6799
70 8959
1681 7629
4418 9406
4435 2360
3504 2608
238 7438
624 8276
523 7870
3762 6041
3718 6150
2931 4786
3711 6184
3869 4812
315 7436
817 9353
2965 6116
2867 9441
3725 8738
1565 8830
4531 1298
1467 5450
1120 5041
1395 9814
3766 6243
3105 8553
1636 5795
3704 8912
1039 5394
4328 9140
1831 1854
3314 644
892 9603
1648 1184
143 3906
3647 1486
1906 447
3722 3538
1131 4826
815 6131
3603 7137
3340 4862
2015 1434
1884 4246
129 5400
702 3195
2486 8097
253 2940
3947 829
2330 8629
2434 8867
1834 9325
3533 4575
3355 4685
1280 1898
299 695
1875 108
972 7090
1585 4451
307 2897
386 7400
2822 7972
2015 8732
1679 5313
1886 9762
3223 6942
3924 9481
433 9023
3888 2112
4034 9874
2601 6014
1282 7968
3658 8935
3093 8095
703 8161
3697 7986
3010 7144
3552 976
460 6127
3318 5453
66 3774
4539 7010
1451 8199
1027 2881
2004 7053
2687 6154
1804 3509
2221 2318
3803 3184
1495 8697
2154 7255
26 6802
3739 6381
1540 5510
1443 4571
953 1888
1524 3384
1658 8554
3669 8415
4329 1152
863 5626
2296 8352
822 1413
2722 1553
1310 1374
1463 1667
2162 3313
1211 6635
4244 8276
4121 4595
2846 4407
4179 6531
3898 4722
2566 4067
1118 4265
2002 9504
2881 3572
1191 8649
928 7091
1955 372
3234 2610
169 9958
1122 3014
1045 6678
2635 2065
3081 5370
3785 8873
352 866
47 5552
861 4007
2412 5145
2287 9566
2218 2030
578 6455
1379 6663
338 271
2794 4703
3435 2484
3566 3444
2534 6591
823 2236
4585 7552
1139 6279
2458 2444
2641 8814
87 2146
3362 422
1557 2603
2632 6382
135 1750
635 8965
938 292
2802 3998
1067 9138
1922 5007
4284 4955
1395 3890
4137 7738
1138 6019
3820 2383
2097 5225
4333 3592
247 9728
1703 3469
3158 8286
2643 8376
3835 9083
4572 4185
1937 4138
4370 3993
760 8461
4456 9372
4414 1696
3239 4396
2361 5754
4685 3945
263 8528
631 457
4668 5077
1023 7565
4502 662
2443 2711
1180 7078
1745 2910
2648 3101
3928 147
3936 1031
2149 7787
999 1826
1809 2440
673 6883
1975 4979
54 2239
109 1678
3486 9141
230 9858
806 9037
3112 5805
199 8309
3854 145
228 4973
1732 2682
3059 6275
1745 9880
3116 6978
1057 8902
909 9146
2828 5135
592 8144
3036 1651
601 7391
3929 7729
3967 3751
103 2889
4230 5634
755 358
1851 6014
2274 5394
3860 5911
1185 1210
2217 2404
3768 6300
342 3186
3756 6138
1283 5655
4348 1978
1498 3837
377 1450
4360 8642
151 630
618 3111
3174 6396
1295 8108
1020 4062
2719 6307
1305 8743
4500 9783
801 4002
1845 1518
60 4261
1895 4353
33 2999
3164 7797
1304 5658
194 9794
4585 6656
3880 3953
2800 9843
1903 4107
1465 7606
910 5808
965 8586
1997 8910
196 1063
4159 3157
2201 4072
1402 5568
1082 382
4767 6707
224 3072
1515 3140
535 9437
1825 7887
2754 963
2865 2790
3829 5693
2848 9183
586 392
3643 1332
3551 4813
1664 8315
2931 2041
1187 9854
450 2528
1505 3181
1350 295
1748 6646
2625 6091
785 6506
566 6239
1875 858
1499 6839
919 5895
1344 2536
4296 6454
3654 99
174 7281
4273 5137
1796 6707
2336 9371
778 9
1116 9530
3822 2187
39 3377
408 3659
3580 4786
4699 7541
3882 1213
814 976
1911 7302
1269 8946
2695 4074
4270 9092
3437 440
2442 6299
2478 3318
4289 5042
1208 1558
1733 8902
4787 8700
3090 9089
1941 7210
1076 5559
2792 7226
723 7094
1760 4780
2416 869
3084 847
2979 9863
777 961
3906 641
3310 5138
1427 1988
2400 345
3431 4964
3107 5180
4778 9510
2328 779
2130 1579
902 2246
118 5300
67 3704
522 4057
3422 5111
4462 1944
3777 6440
613 8025
3141 5250
591 6984
1543 1853
3606 804
4500 9985
4552 7944
4212 4759
833 2170
1823 6727
2870 3584
371 1692
3771 4597
2916 3123
3573 7078
4839 3316
222 3734
3622 7090
422 658
3303 4522
3488 9259
2532 8508
1995 489
1781 3297
3517 2069
361 1069
3892 5519
4069 6735
1006 5301
1560 2455
1453 5430
4767 5600
746 9265
3929 8365
591 8755
2480 3520
4543 2072
3529 5132
1939 1517
2848 5978
1967 4756
3363 9267
75 8380
1867 5191
4016 4305
2998 5775
1109 891
1214 7035
1802 7097
3016 8029
4586 4564
3547 3175
3746 2334
4746 8858
3681 4154
1564 6494
1097 1512
4685 6458
3764 3082
652 7274
2634 1827
2524 6054
3015 1306
1419 2777
3059 9812
88 7101
2605 6051
1057 5325
3489 5127
1253 2586
2529 592
1886 3007
1926 4690
3297 2406
2504 596
2978 7865
3094 1385
4264 8842
2306 4098
4221 7388
2082 9881
4155 9139
980 2467
982 1668
2447 7246
715 7429
70 3533
2827 1580
2103 2373
853 6401
1000 1286
3709 3954
3734 9521
1424 4871
4381 5678
786 8228
1614 4671
4514 7709
1333 3274
3522 6880
3615 8396
4127 9325
1645 121
303 4515
1989 8742
4970 8980
1365 77
1451 9114
2807 59
3655 1269
2959 1154
175 9359
2794 4190
3238 1986
4537 141
2716 8035
664 3212
1238 9173
4345 692
2839 5931
1259 421
3734 105
1223 9910
352 9902
58 5856
1673 2022
503 6360
2526 323
3130 1833
1520 9154
2595 1168
1908 6942
2468 7809
4599 5058
2906 5939
4358 3752
3605 6640
3407 9508
4068 8125
2415 8494
2506 2632
3477 1190
2638 2881
4565 5264
567 2141
4532 7772
3209 8788
4461 8383
3331 2892
3317 3624
4099 3024
49 5823
2566 3197
2599 4998
2260 1543
2802 1790
657 2914
1051 3605
1977 4303
2594 156
3456 1697
4325 3348
3228 2899
1217 3531
3052 8595
4253 4347
4732 357
3921 1154
4984 7209
2924 5690
2876 1107
1390 355
2219 6356
2668 603
3356 8900
3897 6384
3142 2946
3529 6958
656 8818
4410 8881
994 4100
3666 2294
839 6573
3418 5982
2733 8472
1989 5488
4368 1641
4103 5728
3684 394
4456 6207
3760 4724
2214 7657
4566 8769
111 1371
460 2233
3786 5460
1316 3840
2836 98
2638 9121
3762 3835
4680 5442
352 3548
867 2963
775 1364
3252 3315
4953 9692
3342 6685
1031 5858
2706 9187
3100 4249
4490 646
2330 3148
3444 4474
744 8780
4094 5686
1182 1956
3915 9246
3656 9177
1034 8417
2892 2028
3055 3567
982 6055
1948 6073
3466 2583
1732 3612
760 8798
3973 9402
3543 9571
4287 6616
2558 8505
781 3643
1057 639
3088 6807
1039 191
192 7845
3900 1481
4609 8077
2736 838
2121 8267
1344 7711
3313 5440
4706 4618
2508 8277
10 5585
3700 6505
4846 3361
4390 725
3285 7792
1775 2032
5098 135
4466 1917
3182 3367
3677 9864
1774 9383
3700 2332
2382 6234
868 399
2818 8706
2587 9959
1550 3277
1414 9324
763 4156
4521 2
1107 4527
542 4765
292 9095
269 7176
3928 660
462 7768
4812 8416
3551 1851
1615 1953
1892 8148
2226 9008
4864 1674
3444 8522
4139 4954
1681 2003
4684 1233
4574 7731
3430 5656
2256 3167
1772 7663
2304 3921
140 8254
586 7808
4463 7722
2759 5748
1351 6034
2355 8991
1774 7604
2551 340
798 1650
3913 2812
2733 8772
3518 2479
3289 2405
2238 1545
4692 1394
2334 1170
1399 3104
4488 9000
308 2073
4059 6040
3679 3123
2495 2698
726 2851
2650 1967
911 6218
3033 2232
2786 1581
2774 7939
889 4891
3013 4756
612 205
4698 8583
4040 5915
2499 1244
1837 2971
1501 2001
158 1716
1942 795
1285 5725
2328 2197
4447 765
1989 578
2532 700
1973 8455
3136 1334
2853 2760
5120 5261
215 6862
2571 9744
4806 8066
4133 4141
62 2630
3316 8377
952 6838
851 1705
2581 1939
1904 3176
2788 7004
561 8636
418 2635
4051 8581
2366 8555
1554 7766
4727 2416
4528 4462
4192 4589
2123 3976
773 3068
3286 6577
1163 9275
2290 8130
4120 56
4641 6950
2732 6720
572 6867
260 2307
318 6165
114 360
599 538
1217 7245
3224 5541
750 3245
220 9501
2022 7699
3616 2190
4989 3329
616 149
1636 3460
1759 2482
5061 7015
3807 1854
1680 9432
2665 9552
1263 2839
1594 4108
1727 8639
1491 4003
2186 7196
3089 2134
4024 8870
607 4252
1242 7989
1658 5035
3583 82
1870 8388
3646 1102
3721 257
734 5715
1674 2188
853 46
4805 5965
4097 1618
3053 4015
4664 5725
1818 6254
2464 6937
2939 8947
4398 6249
4000 7882
2181 2444
2213 4220
3673 5267
1435 4529
690 2172
3109 9467
526 9436
2474 5049
2382 9893
1232 1771
3882 4202
1679 2456
4889 8852
4102 8371
1146 815
2517 4660
1487 531
3255 3587
3189 8543
2319 8168
4720 3321
4266 4452
460 1548
3116 3764
3655 6392
5082 3375
4233 7040
306 2083
646 6373
4888 4291
5028 3771
1584 6336
2687 7954
1485 9912
891 7319
862 9312
2546 6875
503 4996
4178 6397
708 4123
1013 4588
3127 5481
157 351
3786 9823
3519 5709
468 2302
1697 4702
3724 4478
1416 1272
887 9902
2932 1178
2398 3229
3771 6620
755 7979
888 1621
583 8815
4106 6394
1201 4952
436 1209
696 7385
3416 7995
1823 6723
1464 1892
1670 9906
2092 9880
4489 2459
4591 8878
665 7668
4185 846
3787 8573
4363 8253
1073 3862
3491 5930
2218 7071
2453 2813
774 2058
51 5965
2162 2079
3568 9622
961 6513
4941 6439
2065 6484
2024 2336
5019 1743
1615 664
3982 5196
3126 8077
3523 6214
4821 8683
4290 366
430 8262
2056 7328
1737 3454
4198 2591
1607 2034
4877 3491
4416 7291
957 365
434 8061
1578 9908
117 4210
1226 9991
3217 7886
4976 725
2211 5299
1979 6323
1105 4442
2412 8549
2192 5124
3070 6655
193 2796
3935 8572
1280 7957
3937 8373
3131 2504
233 9836
3207 9114
3157 4090
2993 7846
663 9846
5335 6029
4208 4935
2184 5721
5123 2259
1848 5706
4766 9858
467 6655
4670 5549
4986 757
53 7223
2483 4816
2864 3829
2738 392
2192 7641
944 2356
5115 5672
2355 3221
3531 812
1962 3048
134 4730
4292 9829
4749 6437
2402 4630
4843 5810
4517 6897
5148 2755
905 2211
495 9535
2273 1493
3013 7746
4584 3202
5156 4706
111 6011
2589 9484
2453 3136
2250 8970
4622 6251
3282 2156
2658 9418
1035 1101
1946 3626
2671 8450
2220 2923
3 3065
2744 9283
1993 3751
4614 7263
4780 3956
627 314
48 6964
3264 4717
3463 9393
4652 5830
3522 9631
3246 342
4174 2075
2064 662
95 7760
947 4041
500 5490
5203 1807
1127 1372
4516 4547
1508 8450
2766 1677
126 9686
100 3405
597 1196
1406 8897
3929 7464
4030 3213
4024 7560
1032 3932
4385 9467
2753 6265
3117 2113
157 3132
3167 9866
2857 9427
5153 7765
5030 4280
3052 1764
2054 3673
2186 5264
343 2308
470 1828
3639 4992
51 7062
1737 3530
4193 3058
1071 1305
4122 7051
5265 4146
197 4056
1493 2939
3662 9493
200 3640
87 8881
80 1515
66 4654
1118 7347
1563 9405
2616 7061
3363 8743
3303 9208
4656 1504
3289 3837
2430 3979
2962 2797
4956 6667
5123 7985
2201 9052
3475 6256
628 7754
3989 6980
5356 4154
400 396
4756 6744
2542 5881
3484 345
780 3392
2114 8847
1029 6665
1868 6545
255 1739
4969 2881
3389 9948
4898 1598
4210 3993
78 1610
1816 1615
3772 8657
3262 8823
4021 56
4531 1549
5027 5353
230 9397
1886 177
3186 3426
1285 4449
3629 1447
723 4615
5065 2619
1443 6191
1641 7071
4623 7331
2917 9260
3104 897
1076 2001
3838 551
1850 836
1994 3293
3506 7622
4655 5328
3160 3513
1735 7508
1442 5883
3425 3244
1894 6951
4084 7816
2627 3710
1319 2992
487 578
2751 8551
4203 811
4029 3124
3240 288
2157 4596
877 2040
5209 8687
3252 1947
31 8127
1361 635
3905 8456
2152 1857
4712 2620
4961 3072
2034 6415
2608 1032
2881 3731
4071 6632
486 4213
4484 2723
1041 3219
3709 3366
2212 3856
11 7983
2462 3478
4971 535
5553 5701
5261 1709
5191 8178
4838 8476
4507 116
133 8615
2494 301
2043 2173
4778 8114
4787 9642
1033 9907
2510 1265
2035 4173
500 3315
1527 5626
4355 1507
2765 321
5025 9204
2016 9333
2307 421
4357 8656
5058 2439
2589 9804
2596 7996
639 50
805 6939
4978 6416
1679 6519
1367 6187
4425 7242
1241 1605
3259 616
2457 3894
1741 5023
2290 8593
5066 982
3776 1640
4088 8985
343 8654
5146 7859
1845 14
2698 3381
5603 758
18 8410
86 4609
4184 1020
2306 2616
2986 8502
5025 9966
4494 2758
3929 1282
1080 1
3359 1306
1057 4894
3155 2648
1741 9706
3735 3016
545 445
2588 5248
3508 761
5452 6926
5520 8160
5254 3052
3534 2523
4825 591
514 4366
1787 9009
4813 9227
1327 6241
2120 4522
363 2915
452 7139
4940 9471
503 5467
2184 820
3872 8525
1443 304
1190 1695
878 2812
1950 6693
4122 5719
175 2535
5519 1186
1694 4767
138 5009
2953 8779
5459 2990
2775 5507
3804 8457
2084 1691
2207 4068
2119 938
1422 4522
5585 9295
5047 3653
4242 6912
806 6028
22 8490
4903 9090
4993 3302
2400 6101
5606 1283
3285 4452
2733 7544
3670 9028
4272 4792
3299 8906
3658 3260
1479 6468
4668 1311
603 3573
4589 1874
1645 571
1801 3751
805 1862
986 616
3262 6492
776 3493
3795 5172
4303 6205
2721 2514
3126 9177
915 6676
232 4979
3007 2254
5577 428
3658 6088
4516 7530
211 8547
4795 7762
2145 7850
1029 9403
4654 4315
4849 6085
1876 4694
986 5393
4505 6647
5113 1412
2925 5560
932 885
4069 6167
4191 8517
2718 9315
4220 6289
4319 8372
3542 2981
4105 602
1028 1806
5445 1125
211 5144
2260 8782
4850 7744
1622 8425
5573 8920
1066 2541
5575 9576
2653 7407
4778 5156
5403 6793
4348 2514
132 9937
1610 6248
3248 3478
3743 6124
2339 7693
2568 6347
3123 4778
3333 8593
5391 3019
5348 3786
3681 3512
3072 9235
5345 4037
2153 8659
2623 2065
2877 8333
4042 2934
1949 7586
407 7501
1517 4819
1179 3509
3653 9962
4385 2222
2040 7096
1624 5150
2076 1177
2061 7200
237 874
3460 7234
4926 8077
1618 6171
3782 291
530 3359
2377 3930
313 5321
4583 6488
4618 4215
3903 1013
2785 5746
3968 3551
5406 4957
1039 8996
2991 9046
1364 5133
2385 907
47 160
5568 601
2902 4611
4946 8767
5565 6702
1173 7618
7 7665
3212 1065
390 4375
2117 8898
4095 5942
1283 6859
3025 9646
131 5271
740 6582
1275 28
3847 1252
1986 8271
5779 7195
5014 8384
66 1191
1872 6153
1947 4407
4080 5157
3373 3437
3862 5018
4153 4580
5172 5588
3038 1114
2593 1958
4497 8934
1172 4968
844 447
1144 7890
1520 3268
3757 8708
5266 9846
5517 2677
3589 1743
3858 7006
5720 5925
1009 7095
4787 9743
4310 1588
4179 520
412 5807
5327 8739
3319 4263
1193 1485
5627 5539
2112 2719
191 7376
2558 7040
1167 6580
2656 7854
656 8022
3568 6194
2383 7936
2726 478
2199 8608
3799 3237
987 9137
1830 9241
800 3551
521 9574
5157 7057
2212 3717
842 7305
4347 1579
280 263
3345 3952
5533 4148
1385 5280
3044 7992
2543 8409
1778 9495
4359 2056
4202 6556
578 8149
1872 6108
4618 9205
961 3876
4787 8549
2359 5620
473 9410
4323 639
2025 9565
857 2731
67 332
426 7387
3770 1120
4677 5995
425 5631
5812 6724
3098 5891
1701 7362
4762 376
5491 9258
1366 3423
2581 8022
4001 1643
4070 8813
378 5075
1672 413
4889 1628
2600 5581
627 6304
5485 7002
5742 6494
1537 3465
2990 5244
2598 8295
5226 4512
2335 4794
1855 2727
3102 8861
1346 4316
1507 1856
3372 9315
216 8150
4369 6333
2279 4085
5142 3198
1215 346
5138 4687
5224 6038
5022 8807
1388 7606
5355 6124
449 7453
3333 9326
115 6673
36 100
1609 3923
1601 6994
612 9227
658 5237
3435 2013
597 6836
3873 8462
3633 4172
5447 7123
4052 962
3666 9574
4201 9161
4007 1423
1230 7923
1928 8755
5557 685
1290 4953
3235 5621
3437 8842
2938 9276
3119 4033
1949 6338
3613 1227
976 4079
3056 2528
2194 6119
4220 1489
4359 4640
2195 2985
5103 9409
5581 3608
3635 5013
4187 8588
3510 978
3760 9333
333 5118
4253 7659
5217 3832
3513 3133
2620 7889
1271 1953
3970 784
1045 5016
613 7220
3141 2566
5329 5020
4603 5193
4607 9138
1402 8092
4231 3081
232 6159
5155 8328
489 6563
1568 9528
4062 9156
1387 5638
2030 3090
1079 3183
2106 1116
1388 7726
2810 1786
5548 3758
5433 5410
2378 4876
4415 4782
3295 4071
2011 1919
1604 4515
3354 1050
4542 7922
4796 2061
990 205
1510 1326
86 9831
5346 1262
2449 8829
3560 5219
2380 183
2700 9773
4500 2762
857 6277
1812 7519
2105 4618
1945 8456
43 1499
4585 8962
4745 647
4255 4988
3376 2898
894 2793
5798 5872
3220 6020
5502 9689
3754 475
5991 3122
5005 9830
2360 3606
2707 5933
4294 4883
3224 3096
479 935
615 4333
3712 9820
5542 3615
3187 889
5756 4198
2076 8348
4336 3319
221 8807
5601 6622
5150 1252
5652 6115
3079 7971
5630 7841
4240 7703
973 7869
5138 4230
4135 4787
2980 8607
235 2168
4544 5995
173 9305
830 6697
4377 7225
3930 3807
4655 1348
2985 434
1654 1040
2223 1273
2642 2237
67 6587
3468 7751
4638 5505
5424 3272
2000 9360
4993 5080
3796 9785
4861 2648
5303 8805
2209 7068
2979 6945
1729 2734
3216 5264
2880 9560
4685 7549
4982 9766
1425 7535
4195 7707
994 3491
2932 9492
512 2338
1241 2146
4719 5406
2517 607
4444 9893
3813 8508
1865 3088
542 5464
3357 6169
2061 5913
5260 7325
2966 6974
5013 1059
3536 7106
3925 3715
4975 2948
1880 2220
5209 5238
2143 6362
5558 2065
1662 1216
2943 1408
1935 8236
3900 9848
5532 9242
1429 6392
2659 6349
3931 9106
974 5391
6084 2659
4539 2489
1691 5297
4424 7100
5491 6657
5773 6195
993 5126
4349 3330
1797 4900
2902 1249
1623 5402
864 6244
6092 5821
484 3330
5754 5151
463 3928
2176 6245
2060 1173
1806 3590
2466 2332
4025 8936
937 7375
5619 821
3576 2309
281 5004
3061 3796
3095 2896
1724 6726
6082 7679
5707 6949
1899 3540
154 1174
2660 5354
1440 4816
2304 7305
2554 9255
4799 2955
1910 8038
383 6983
2680 2579
6108 3438
4681 2610
3824 3520
5239 3229
3581 8616
2123 3836
3619 9213
5108 4939
5022 6865
479 5293
1905 5210
5550 2036
3430 2125
3408 8783
673 8017
2707 9487
1011 1698
6143 7343
4 5472
1172 5394
1013 7835
2357 1420
24 694
5994 5012
1624 4287
1312 2559
5851 352
5878 7748
5715 1735
1840 2634
3294 3653
2035 8184
4592 5008
4529 7553
242 6613
4861 5847
3355 7879
2890 4997
3580 4304
3705 4315
4998 1009
2914 1471
371 7579
4987 9363
3728 6211
5983 1174
2690 4398
2509 3287
2769 7981
3645 8515
532 2722
4565 533
1392 6918
3587 7487
3711 4862
3986 1132
5841 6247
4494 5703
2341 7245
3062 9840
3507 9244
1159 2391
1932 1135
2685 4200
5964 1610
2777 7324
3642 7142
1175 1932
2575 1431
1432 4684
5763 286
4163 5308
6031 885
4496 5935
1480 9660
206 4497
6075 329
847 7673
6096 2224
3406 2621
863 9311
5401 7828
259 3288
5500 3583
4002 6190
165 9585
1020 9357
3609 2448
669 6639
4885 7450
6031 9291
4110 2799
5525 3694
3763 6779
4184 1935
614 2024
2171 3951
1325 284
4930 1335
5118 7347
719 9987
4624 3943
2378 5508
5161 9378
393 6696
62 1226
2598 4240
926 3410
1116 9227
2151 3696
3861 6233
3550 5790
5748 4176
3257 4866
4136 1286
90 8413
865 1854
3052 3193
5582 2371
4261 8855
1636 3966
6146 8038
2376 2905
3536 3922
3516 3845
2871 3610
4039 8973
1799 1409
4205 8749
3978 298
2352 7756
4374 6109
3336 9303
4432 7137
5915 4848
4082 7845
28 6747
4158 8607
5554 416
1665 2929
6131 6857
1888 7498
4170 1782
1894 7565
2556 2161
4061 973
2168 9281
5454 5889
335 242
5376 2406
5654 7783
4365 6712
2751 3040
1815 9111
784 7912
2868 5184
2704 918
6221 685
2429 2475
392 7291
4207 7113
3541 170
562 3950
292 3282
332 5182
5069 8059
6084 2536
5012 6715
3040 6214
2170 1192
4962 8873
409 8885
1243 2783
3960 2507
3362 2686
1953 9787
2894 5036
4188 7761
2466 5286
2900 8476
5461 885
4374 1691
6239 2464
4953 1564
5353 1322
979 3816
3356 5808
5509 4893
2693 8629
4508 1555
1967 8631
4789 8770
3491 8784
3083 2705
4947 987
3445 3205
1825 6197
2816 3003
1424 2287
2745 1360
2510 7914
4425 5871
5360 2459
3584 7260
1010 2202
1146 8749
3484 1077
4520 4828
4901 1713
5848 7561
553 7413
3688 6356
628 2610
2817 8147
1406 5150
4738 1725
6196 8104
3989 3968
358 7225
6310 1702
3340 8313
2410 6242
6032 5066
3392 773
439 5382
2693 7840
5988 8212
2829 9187
6220 6324
568 1599
3680 3252
5657 62
3259 5344
2003 7834
3536 7144
5193 5952
4782 6824
3609 6943
3258 6123
6327 9512
1606 441
3150 8764
4621 6254
2482 5868
5959 9236
4440 2508
2849 5726
5617 7337
3920 6847
3850 5573
6056 6882
1214 6176
390 2005
5144 7827
5610 2843
4613 5664
5645 4040
3794 54
3669 749
2505 8052
1920 9784
4979 9096
3406 9954
5727 8899
3216 1080
5499 222
5083 2218
2614 6517
1215 6436
66 809
3923 2428
593 1381
2836 9331
715 416
570 4441
3741 1759
2985 2582
1937 4396
3347 9881
1265 3469
6355 7307
5239 8761
3554 6205
3794 1516
3992 1166
4952 5897
5706 2875
5560 8886
5629 2298
5074 2879
4209 6398
116 3095
5584 5419
3989 3869
3044 1087
229 7935
1736 4458
1178 3788
1900 6427
4542 663
2766 1004
5553 8453
1338 240
2253 477
5299 8456
4792 8073
1420 6001
3947 4034
4328 7601
3715 6284
3760 914
588 6473
5143 1535
5089 8014
6273 7293
4661 2258
4216 6057
5905 4088
52 9991
4054 1401
4965 5206
3469 2693
2656 1204
68 5879
5072 455
772 3582
2607 4269
2614 7137
2493 2693
4626 2485
1554 5531
1927 6157
4274 7148
4447 3795
5339 3816
631 5804
6371 2727
4210 9864
2958 1187
2375 2804
6305 4657
5528 7215
5990 1658
5183 5807
3926 5928
3588 4835
5109 3037
5034 7288
3740 3177
2027 845
3896 8072
4822 6668
6074 2562
3240 4290
1869 895
1561 3384
5524 8166
387 3885
468 6346
3790 8878
3234 8289
792 8230
3051 6091
4561 9047
5145 1039
2659 4444
3552 3603
3510 7743
3410 6215
3614 189
6459 6032
5688 15
2436 6446
2825 2489
5295 1932
2118 6884
6372 1384
1614 3588
4449 9737
4749 1258
3276 2275
6006 6169
2678 3011
4167 5767
3594 8968
2495 7563
672 1249
5287 8103
6154 6434
6502 2163
4319 7152
3868 3272
4136 7965
3972 9003
2884 8131
2188 6607
1052 6545
3218 4939
2216 1405
2712 1140
856 1592
3741 932
1739 8511
5940 6869
948 7299
5640 2264
3144 159
5470 4331
698 7531
364 7132
4807 7857
3187 9806
1801 7625
5738 629
1882 4343
6526 8496
2480 6666
5783 9571
2527 6484
4747 6668
191 3747
5184 3856
3459 8211
5467 6871
4970 2049
1867 3277
382 8781
1738 1561
5446 6877
4841 2995
771 7836
1726 9261
993 2640
1260 5863
2639 8792
779 8658
2017 6953
5262 5277
4642 1480
853 7709
2216 5779
2567 8242
4849 9289
5278 1991
966 9551
2959 2253
4988 8657
5510 2193
504 1829
3353 5101
1788 5872
4387 9175
5764 452
6539 1143
6303 3222
1018 3922
4389 8057
1095 3298
776 2503
6269 6707
356 2095
5897 2941
4686 7473
5392 875
2791 686
6309 8800
1294 9001
5289 1229
3947 9225
2795 8735
6151 7716
3881 5409
4609 4459
4597 1821
5803 6618
4688 9645
3903 889
3854 276
6328 6313
5926 5158
5549 9770
6184 6199
4197 4998
3477 9397
5728 5310
5933 8708
4301 5700
5561 5043
108 7294
2003 4815
3374 578
6379 8612
4366 9090
2385 3845
2981 1258
4024 418
1653 9513
4641 6035
894 4690
4900 1732
2902 3099
110 6955
3506 5871
4555 5139
2422 7973
4838 2943
3329 1822
6463 3574
3860 840
4902 6771
457 3891
4400 1003
1005 5315
2443 2990
5966 9144
5245 6153
1840 4488
70 4727
1844 1318
2759 1590
648 7101
539 1048
6260 3813
936 3838
1644 7215
4727 9631
3060 8465
5990 5385
5262 8398
613 7014
5479 9656
3455 5058
4900 6777
2841 6262
4427 2271
3115 3070
1217 636
327 6682
6334 6390
397 2512
5537 5392
6031 9720
2355 2142
2959 9071
5569 4611
3918 5309
1710 5213
4639 4147
4228 2924
6377 725
1584 321
1509 4326
405 4205
1856 4971
1567 6680
216 6619
3030 7955
2489 6518
4080 7227
1703 3719
2974 4452
5078 7529
5963 2786
1323 6841
3927 5722
99 4135
1505 5638
3129 1809
5724 1472
805 5454
1763 7445
5789 6770
2957 1202
4638 9385
4424 5252
4582 7106
3052 9059
3239 9341
6012 5102
2759 8441
6553 577
1446 2106
3635 9557
773 3877
2911 4506
5278 422
2877 1193
604 3343
1887 6502
3947 4263
538 1225
5782 645
3354 9176
4638 7532
1084 8446
1385 2808
2873 1607
6260 942
5980 6898
4088 6700
2684 9149
6698 8310
5641 6449
2960 6974
1385 2257
873 3533
2030 4030
617 8615
102 628
5948 7731
4968 8809
6399 4143
2487 10000
796 8520
3135 8445
2952 8465
940 5435
4316 3398
5160 1560
2894 5082
4813 8930
2290 8457
1178 4232
2855 8783
987 1359
4043 6075
1748 9082
6496 4021
6384 2375
3485 5070
6715 4541
5641 5887
2125 4802
4289 509
6699 6982
6042 6031
5466 3503
3230 2327
801 8941
5468 418
2765 3569
2973 7492
390 8304
1513 319
5569 449
4013 6821
4660 177
4545 4926
1422 4588
5274 5796
5683 8043
1748 7539
5059 2834
4840 324
2043 3888
5567 5441
1381 5958
3962 6291
6253 59
4873 6416
6382 6674
4134 6145
3213 6988
385 7439
4906 8425
478 4012
6133 7073
3656 4041
3583 620
577 3818
5456 896
4974 1496
1441 5418
5160 1457
1310 5977
5553 7824
5932 9418
533 127
3032 5428
4437 7551
1067 9010
1546 279
5138 808
5093 6844
2732 2654
2447 4811
4575 7094
5989 8234
3284 4467
5900 9403
3245 294
5712 5699
5696 48
6799 8920
4145 9841
194 1648
2286 7651
4074 3017
4355 4484
2675 525
6459 6507
3850 5586
2393 2194
2595 9025
6631 6231
6804 7482
4019 4107
373 8992
6347 7780
2118 7737
3013 4214
4759 2378
239 6827
2163 6755
279 5980
846 2193
6402 1665
4831 3410
5182 8649
2509 3739
3354 4658
397 1497
4635 1928
3733 3411
2234 1672
6767 7095
5439 4056
5218 8041
864 4200
3654 6695
4068 550
2638 5554
5325 236
335 4289
8 1735
2940 2566
4811 313
4655 2220
5557 6341
2103 4537
6841 2228
3257 362
1179 4114
4684 808
3011 8410
4157 9964
6624 4808
5907 8599
5119 6802
2856 9110
1614 4454
2881 7748
1662 9927
4845 290
380 7871
3841 7118
729 3616
3828 3323
3619 7386
471 3587
3519 2761
6303 9719
2116 3537
6023 9578
857 4208
2736 8636
1463 1650
5015 6770
3062 9753
2373 6242
4729 6919
1436 2781
1485 6498
5962 4241
669 3325
42 3666
4569 3387
4847 6898
2030 2350
3673 8750
1941 5354
3378 6025
115 4547
3895 4555
4380 463
941 8312
3466 3982
3878 4747
3755 1295
6477 3699
1826 1611
3046 8792
1795 1774
3256 986
5997 3489
5979 8946
4005 6343
5773 6641
6042 255
5062 8162
6461 263
6217 5573
1265 9461
1490 200
2229 1540
6286 3426
6774 4890
4601 8658
451 6084
1728 9907
4619 8758
3112 9933
13 642
5925 8369
3340 1893
1202 6389
4655 8349
4934 8810
3343 4042
6791 8299
3817 4507
2202 3944
4103 6013
6214 1012
1659 1830
2327 2877
985 2361
1486 5263
1568 5731
2088 8177
4805 4841
2513 7300
2919 4857
4433 5594
1989 5399
336 2065
2571 9761
784 6519
1168 2311
4846 9766
2770 3807
411 5162
2493 362
2860 8808
6433 290
5365 4317
5750 8537
5353 5160
4710 4365
2801 3621
6252 8606
389 3050
3254 2058
2917 2741
6745 5018
288 8708
305 7769
4144 9577
6915 444
1894 2640
5480 8578
3324 8165
5379 6500
4498 8361
755 2481
2578 9431
3789 4233
5341 5800
1409 1630
5182 9598
2579 2079
5427 6796
1846 8815
3139 4898
6932 1627
564 8092
1854 2338
4031 3597
3397 7755
280 7519
2310 6578
6290 949
798 5208
454 9228
2699 9635
856 1453
4485 6010
2828 2585
4809 8039
2836 4231
6267 4659
6135 5696
2622 9237
6733 7898
5442 496
5333 706
5156 5220
4390 4317
4061 2747
361 4902
2072 5169
6550 4702
695 6038
6113 116
2126 3105
5569 2418
3740 9209
6114 3342
4658 1161
3322 1933
1587 2050
5466 5492
3187 3336
1818 6194
4954 4392
6458 4304
2250 2843
1065 4616
342 1585
6739 9091
3488 7654
4552 8847
4248 4315
6223 465
2354 2203
4931 6052
5970 4395
1572 2163
1997 9202
5866 4284
3687 6177
6154 6047
3219 6879
3410 8993
3026 5470
1792 6914
1758 102
5329 46
3769 7868
2724 6750
5322 5359
458 1976
1799 1839
5330 8179
1908 5905
1449 4467
1123 7429
6178 4638
343 7782
4052 1364
3213 2239
526 7638
536 9957
5313 8355
5253 8133
4511 5551
5932 9988
4079 7836
1403 1083
6467 6561
3681 1313
5832 6193
1223 5072
3056 2751
4455 590
6066 8567
2602 3460
5836 2232
5418 6314
1076 6059
6764 1470
2652 2341
1509 9018
5989 1029
6344 6721
2661 4892
3657 6200
5658 4284
4547 8278
1365 840
4982 4859
713 2196
4990 1885
4266 2422
1373 3643
4230 4901
6539 1667
6650 5938
41 7102
2966 7600
1027 7974
6536 7957
2043 2929
3970 408
2072 4372
1196 7151
3999 3171
1872 407
5308 7297
5743 1133
6000 1614
3776 9256
3655 7196
2106 3272
4546 275
4633 7212
4806 1313
168 862
5695 8623
4594 3088
256 2026
1628 3962
6884 4414
1481 3121
2486 434
6784 4794
4193 9302
3606 6213
3387 9870
6461 6393
3396 3416
2834 407
5434 6810
744 4214
566 215
6078 6649
3112 3836
1712 2574
4190 7922
5809 2398
169 3273
2437 9703
2469 14
3477 7092
1563 7592
5399 7379
1442 4671
6976 5998
3634 1077
3698 8362
6508 6737
1313 8558
6728 6944
2689 394
1708 9060
4291 2411
1094 4066
4206 1786
4746 1948
6405 1537
6335 4865
179 4575
4849 3489
4741 2586
1558 3604
6178 7664
5702 2194
3932 6332
306 8234
7180 103
931 10000
6246 3533
797 5245
2940 9488
1673 2683
5722 1435
1177 2583
4473 8030
6399 3030
2354 5263
3289 4975
3865 9221
1741 7438
6165 9747
853 5916
5088 1767
5408 368
5484 2934
4365 938
4289 8240
273 1899
5490 8995
2906 2859
1969 9575
6503 6759
5020 6793
5456 7465
1269 4814
2444 8710
4239 2740
7004 4564
1033 6399
773 6705
6983 8572
3519 393
6127 7668
6447 2927
4552 7047
5926 7730
4476 6424
1753 1212
5933 2523
1045 4570
4341 5892
4686 8898
162 636
7227 8295
5480 3018
5561 3848
320 6253
3143 1221
3622 6520
3672 8713
2089 9492
1370 6367
3112 4239
6956 1800
6036 4171
3912 9997
6177 3520
5088 2450
3700 7892
906 4819
6216 6914
7043 3210
5817 7256
4528 5428
3086 6605
5369 5147
6317 6736
4197 7206
231 1452
1599 4056
3572 1698
5725 8448
661 9774
5744 8573
76 5281
5186 8476
1097 4229
539 4446
3678 2272
6874 9191
572 7600
397 674
6954 2219
5725 4036
2315 9021
6681 9410
2063 5594
2871 3760
2222 661
495 1483
915 5308
5606 5095
5096 5434
5700 6556
2825 7317
4828 5747
2295 4028
6849 2760
2253 1099
5816 6131
323 7982
6127 2064
2411 5644
545 9798
2956 5963
827 7432
1273 5273
3982 9691
3874 3862
5529 1111
5742 7094
6670 2627
2289 7511
6764 637
3267 9451
379 724
7307 6276
2299 1250
220 7450
4398 8762
7222 8607
4044 7550
4226 2250
6800 5903
399 6759
4076 5805
5996 1131
2633 2404
6106 5952
3986 8999
1754 6938
5616 9551
152 9421
171 2873
3163 36
4167 5771
4651 2999
5925 4133
5010 9064
5690 1319
1009 1570
5236 8870
646 985
3374 9125
2439 4701
1887 2724
2161 5575
513 7982
3330 3934
6014 4598
5286 1776
6057 9282
3835 2705
1257 7264
4565 3481
560 977
2982 1588
5933 5744
7209 2425
5464 4258
6040 5242
363 1106
4111 7296
59 8352
5921 143
5856 6216
733 9564
1234 3084
6028 4894
4603 7851
5687 1601
4963 9718
4670 8474
3433 7086
2497 5468
5717 9862
4541 9590
481 6111
3140 47
1516 6083
6965 1934
3008 1434
2607 6602
4947 4427
2368 1713
6340 7228
4022 3377
1315 9302
3470 550
2109 4742
1089 9492
7385 4501
672 8752
1258 5224
2861 3099
2473 5763
3481 3639
1689 8994
5975 6238
6764 9281
6683 494
6980 7292
5026 2324
2200 3717
1135 7416
2168 5057
779 6966
228 5148
934 7398
6012 5783
4950 1104
6117 8440
462 2133
6512 668
5779 5115
3609 7425
137 1525
3282 1752
3400 9771
6871 4122
726 7245
1713 4996
6407 2133
406 8911
4054 5221
4697 3713
285 1942
6997 8247
1011 3599
1252 7147
1078 5589
5003 3180
3532 4758
879 4575
4706 1727
3869 2176
453 2143
6140 3491
5232 5892
2254 4983
6691 2707
4285 5698
4633 3206
7225 3336
2729 2328
2814 1848
4730 6907
6676 8846
4586 1415
414 6991
1576 3387
6380 9903
1905 5488
334 2203
2982 9613
1216 8014
1196 6769
2599 8414
3460 4701
4909 9151
3286 4988
1157 2969
933 6822
7249 6765
1323 4168
2398 4916
5970 1581
470 8171
6227 6876
3496 2325
5544 1448
1389 2498
647 3190
2726 1404
5545 9048
3770 6496
318 9739
5251 3626
7429 9944
236 744
4664 1248
5947 3973
1392 5443
3897 6647
5979 6034
5975 9279
1598 610
2938 7405
5893 2510
6148 9686
3119 7622
3896 2323
1030 317
1292 2655
4681 5385
1573 8256
807 1800
390 6595
1821 5752
2818 9211
4179 5334
533 3306
3253 4668
2702 2678
3303 8376
976 2119
3937 4415
1391 2960
1804 8217
6346 5326
1796 838
3115 430
250 9149
653 9493
1631 804
5019 1354
291 7966
551 9263
5649 4206
3921 5008
3317 8053
6683 4889
7 3177
1126 653
6373 857
6234 9090
2438 7790
1839 5099
1365 6971
3163 8347
6514 1047
2085 2506
3943 9727
3775 5908
4759 9837
4655 2471
4774 5237
1354 304
1642 1167
4198 3805
939 9798
1483 2992
7260 9743
9 7118
1637 5932
4614 6772
4054 4779
3941 7221
3104 4619
4398 6623
6390 3730
6948 9547
7298 7684
4473 1533
3280 2727
815 3932
1785 8149
1773 4660
5359 4201
4195 9328
1764 7015
1490 9491
5791 9486
5971 118
789 4192
3685 5124
577 6960
1893 6323
7466 5770
887 4105
1471 5946
6813 3199
1987 5155
7317 2987
6280 8019
997 4977
4666 3197
6901 8251
4480 7444
4546 5639
1160 9223
3897 5744
7091 4503
3089 745
1632 9192
5246 5122
4390 9827
1655 34
5222 8234
6014 2745
3657 3460
2143 8493
3429 3013
5885 4523
4254 3456
6767 5824
2236 4143
1198 3371
438 9055
2759 4327
3434 6342
1138 8013
5506 7887
6305 4307
5224 3399
6915 7100
4840 4983
7057 4633
7128 7888
472 9725
541 6025
4944 8899
917 3661
1036 2163
1820 7160
3884 9061
2423 4625
4939 3263
523 7210
2696 8405
4626 2911
3011 9972
4817 1232
6587 6494
5888 7280
7230 2200
6712 7710
7491 6652
3322 4233
356 7611
2699 2216
7531 7000
3034 2217
4586 2527
3174 9389
3804 6697
2730 6630
7041 6812
1158 8501
3402 5992
1985 5370
1480 6550
3622 5824
3283 4191
413 2942
4463 7113
4133 9384
7300 8434
1629 6001
3443 4305
3200 747
7623 6223
2345 5283
2131 2345
6874 5234
5285 6695
1551 9972
6459 7897
5222 7094
76 8212
34 8166
1750 4053
7546 9665
4553 7419
212 1751
49 3688
7133 400
2441 4580
5444 8043
4432 1639
6268 207
648 6969
1446 5952
5417 6263
5521 4703
4189 9382
5823 8792
7161 4691
6685 5134
3196 9714
4634 8299
1228 3856
4606 7199
1057 7150
1314 8096
1791 2873
2833 9062
5368 3306
7290 5885
2147 4789
3189 1955
5121 2179
1947 2936
3788 7896
3597 550
5080 2012
1696 8820
6661 7756
5951 9456
3173 8667
4184 6157
3758 7303
4599 7131
4661 5602
6522 8551
5990 6874
7278 649
877 1415
7160 2945
7046 7505
2559 5962
673 3665
7079 5253
3566 2824
1593 1630
5540 4802
880 1463
6922 1112
3039 3037
2042 692
3278 141
5478 3577
2319 3887
2673 8843
1018 7321
458 9542
5656 2567
3574 9111
2054 9989
5465 115
2586 9236
4303 3675
7013 3978
3876 5942
45 4437
6327 9336
1855 9144
2068 9489
6991 4734
6999 7428
7073 953
589 3892
132 1615
3114 1334
4973 1893
3693 2368
1021 8606
382 4513
4118 5767
6873 6696
3869 7487
3769 8606
3213 9908
3364 2682
6223 8353
4262 111
6196 2639
2575 4718
4996 9434
6856 9010
2672 7699
3741 6400
4074 9730
5220 2497
4992 5662
6433 6959
4958 8351
287 2313
3106 6047
4324 9109
791 6300
131 7122
5394 8186
4745 1610
6284 1813
530 6919
263 5843
859 1029
2117 5043
5407 5508
1104 3364
1354 6329
5573 4744
1853 1950
140 6406
4757 1319
2112 238
1570 5191
2155 6265
2055 9952
4715 2285
5835 2989
2009 5959
648 4924
4642 5019
4995 5184
1328 4074
5824 3275
6908 8177
6059 1216
6840 6710
3066 3224
30 2671
111 8923
2714 4792
4386 1925
5225 1133
1954 4673
3583 5916
3257 2124
7665 7646
4791 3543
3749 5152
784 7407
5299 8235
5313 6563
736 2583
2166 4660
382 74
3918 5166
6378 6992
7196 9084
2161 4928
3599 4135
3067 8892
4737 5687
2638 561
849 6831
2488 8173
423 1603
1208 4168
4275 1059
5069 5515
3494 8387
861 5632
775 4941
2768 8849
6625 2756
5914 7659
1239 6770
80 9050
5305 4114
6984 1166
4101 4122
2604 4548
4746 282
3192 7521
376 1801
199 2333
4906 1630
1590 4148
1970 1380
5915 2869
5357 9410
5324 5836
849 9144
7700 383
2827 9530
7274 6705
5541 5081
4642 1724
2770 3522
2960 7192
1412 4292
3936 6302
512 8038
2448 5224
5409 9976
5893 2714
481 6565
728 9369
7827 9870
7784 4843
4859 1068
7596 3121
6906 8225
5701 7763
6332 7899
7617 7783
7745 9386
5544 5154
3399 7369
5034 6124
7311 6683
6531 1284
7488 575
5397 2206
5416 6790
5295 6240
6664 9175
4003 9110
6562 6634
2736 6857
6184 2992
3588 6954
3790 2050
5729 2752
6398 3530
1701 7548
1290 9586
3747 615
7445 9783
817 5273
7573 1227
5347 7344
5840 8519
872 2017
2797 789
7817 8348
3745 2116
1923 737
6106 8200
1441 5359
4180 899
3926 9853
2298 554
2400 9221
303 5508
3818 6250
6650 225
6250 4285
6641 6533
1031 4635
6728 4676
3963 5868
363 8997
5680 8491
4387 9829
7317 8484
5416 8911
6650 3613
2481 2451
7694 9072
7747 3211
5694 6065
5907 3701
2639 6601
6431 1142
4321 1206
2428 6449
6798 9333
6297 3397
4021 1816
2694 323
627 8257
4826 2607
1820 193
1521 4828
4794 3573
3705 2158
1862 7177
7508 9174
1988 6507
3258 3573
6083 4039
5411 5534
6248 5596
7103 3675
1894 8994
1172 2788
6919 2815
782 6958
2691 4046
7674 1111
4134 9978
2006 7357
161 7803
7009 7816
2059 7897
5249 2837
5732 822
5836 9139
5925 8383
354 9822
7607 6141
2399 1494
7102 8628
2780 3160
4482 6799
5637 8080
2824 9470
4416 7101
6729 9961
1591 5037
4443 557
2236 9229
816 3854
2733 7407
3123 468
3981 9753
648 9368
7447 9423
3328 8503
2507 5125
4312 1132
6042 95
1670 4277
3874 2172
2243 5019
7289 6713
7462 4118
689 4824
119 7222
644 8432
1614 1045
647 5744
6340 3397
5605 4681
6212 3784
1245 3876
7928 8637
2569 9734
517 2580
2377 6941
7399 4495
7526 2634
1407 3784
279 6943
7656 5123
7573 3158
2369 1390
4540 6983
3018 5180
626 579
3496 2021
396 6077
5713 5988
7890 8893
2623 5095
5016 3366
4891 4295
7211 8219
5440 2567
2557 1386
648 2246
5630 2590
4924 9259
8 3883
5695 3449
6109 4925
7312 5982
3624 1901
2240 7023
2072 7876
3669 1012
52 5998
7118 4197
7863 2429
4529 3461
1412 4368
2562 3112
3139 9858
4364 8329
2833 5854
1188 6006
642 5257
6795 4434
4981 9012
2895 5728
4200 8123
664 8306
7640 4761
4809 9069
1633 5690
3947 5331
6915 4288
1215 103
6750 3239
8024 8463
4530 6989
4539 9996
7134 114
6381 4330
1707 2133
3881 2100
5922 5221
673 1603
7062 7020
1878 2268
273 3184
1041 12
1740 5377
7886 2169
6247 5576
3512 113
3021 1909
4497 3328
6076 7461
2845 2618
4714 5250
3045 295
4496 788
7142 8546
5123 6051
5639 9407
1951 769
6343 997
3919 8451
3439 8645
7519 6105
2319 6810
3886 8279
5667 1234
1974 5154
1181 142
2782 2889
6109 8811
5 1541
4122 6210
800 7061
4794 2905
5741 4556
4787 4217
6986 6840
6502 7844
1517 3025
7167 3899
4550 7204
7311 491
4595 4615
3513 7946
2533 7125
5717 1263
3422 6037
7832 1356
466 2831
8012 2214
1551 8643
6695 5049
6888 2246
5812 2844
316 9880
2503 8876
1869 2856
2208 4169
2698 1491
6063 7779
4990 7098
7631 9025
7782 8358
2454 2091
7853 2565
3567 8503
2525 9315
1320 1544
3995 5459
5942 8786
2717 5256
7659 8629
7648 8448
6585 3918
7177 5564
6668 1106
774 3780
5269 3899
5276 9235
5963 3823
7789 9100
1935 9153
580 4739
8111 5548
2581 7123
2284 8996
7825 7912
2226 8465
4695 6063
7154 465
331 2855
4567 320
2296 4420
4430 6816
6989 1228
761 3635
7471 3083
4626 8953
1398 5908
4500 9992
6116 3065
3495 4186
2553 9516
7720 7784
250 5793
5235 9207
4248 5722
5341 9619
7275 4541
6741 7500
244 1124
823 3827
6121 838
6387 3140
305 7772
5746 2637
5079 7230
2565 8403
8151 1843
5877 8975
6369 4377
4886 7764
6097 7658
4755 9407
881 9575
139 6400
4227 831
3917 470
1661 3890
6713 3364
913 2681
4636 9193
4039 2551
3691 6338
3931 2306
4760 9381
2888 1678
6695 1192
3945 5766
3833 9168
6333 2647
3740 5553
2169 6257
6012 7307
7320 6538
1132 1768
7627 6200
660 5631
1100 7007
4989 4733
4602 8358
6147 5107
5998 6679
6639 8957
6885 567
2993 3083
6993 4047
1687 5814
6228 7388
5584 4619
6112 3542
330 3046
993 3528
2883 8093
7978 165
4175 7021
3360 3889
8170 168
7889 172
6611 2536
6946 7774
1495 7068
6369 1774
5855 6822
4538 4442
1230 6356
8092 3988
3556 2046
6753 5961
2156 4339
6344 6985
974 9765
2284 2627
5193 4664
730 7845
5509 8753
7819 7314
3379 8242
8086 8460
4820 6101
770 1490
6258 6453
5700 3685
5046 6882
126 7364
8001 6136
1314 5758
1453 3643
1412 8818
5293 4919
72 4354
6610 5478
3432 494
3785 191
561 3672
2600 805
3745 2641
4704 2274
7108 3759
8219 5610
4819 2768
7775 3119
5635 7269
3410 8331
3717 8798
6545 8398
7337 5217
3076 6504
660 8925
4095 7187
2333 5368
2374 4495
3714 215
2165 1022
440 2665
5680 8991
1707 5642
6188 799
5368 7162
5267 5483
3232 7910
593 9537
6078 8502
935 8454
4190 4251
2525 2832
3174 5699
797 2439
4309 5546
8059 2631
586 727
3015 6361
6675 7657
836 1337
5839 7172
2516 2698
913 7472
1329 1267
7686 7322
2050 8016
6177 8610
3456 6415
4884 5172
3918 2995
4302 3616
3668 8185
4213 414
6499 6876
2082 8436
2698 1002
3582 1475
1141 9738
3824 94
7183 9567
1360 9117
2993 6817
7326 8809
231 1992
3667 84
2855 176
5541 527
7643 4682
6029 1929
4749 8474
7954 7418
2210 3449
205 6031
6800 9663
2069 4037
882 8716
7063 9709
4840 1935
4809 7372
6814 5368
6897 2313
4489 8380
6408 1289
151 951
1068 5887
7690 5596
6465 6135
1460 866
4424 2144
3607 3248
8341 8896
3160 8612
8050 1308
4888 8439
879 1172
855 8788
5933 2086
7474 7045
3498 5149
7948 5969
8116 8687
1035 2405
5850 7687
7923 6985
5612 5414
1358 2723
4624 621
7845 264
6645 8247
534 573
7086 1566
2620 8115
4189 7175
6097 342
279 7745
6661 5294
6214 185
5956 4282
8149 6323
7139 1714
4669 8141
6786 4903
1219 7015
3888 4476
4742 2104
5806 5291
5635 8409
6233 5888
6241 3216
7867 567
7437 9317
717 918
6275 7667
1524 3062
2388 2878
4031 8676
6089 467
4916 4107
40 139
4730 1330
4107 3108
2684 4444
8118 9543
6630 854
22 712
2122 5528
4788 7228
5760 4128
4120 4756
4899 4996
6713 8309
6608 9493
6430 591
2782 5524
6149 8576
6040 2813
1647 9927
391 5450
7826 4235
4369 9580
2679 5036
4011 9252
5975 252
2736 4145
3425 5842
5918 7759
4827 1819
128 8089
3647 9781
6229 2013
325 2360
2844 5548
3003 1762
352 352
3841 5908
4856 2664
6607 8171
597 3497
7705 238
152 4234
6067 1469
7622 4975
7542 8647
7125 8091
824 2224
7157 3065
3781 3485
6429 2712
2898 6940
6354 3
4410 4572
1083 392
7662 1488
7625 2634
4412 458
5307 6579
3842 2500
5790 8392
7761 8675
769 8997
3615 7764
2254 8619
1729 9519
1382 2179
6896 6093
1199 4069
6382 7786
1798 5491
3317 7303
809 4011
6605 4419
7969 432
2198 9341
38 3894
1630 4443
5437 4084
4912 4054
6019 4408
7406 8610
4531 7638
935 5660
6743 9693
7023 3530
4700 7783
7344 8774
4255 6882
5444 6203
1006 1574
2849 5878
3995 462
1534 7081
5693 6107
6102 1728
5726 3285
4349 3422
5411 1806
5874 4672
5607 8524
1402 5439
5454 1476
233 5421
4929 3553
7253 3689
7993 7841
8485 8367
3694 9066
7751 7939
4069 4208
7898 4651
4632 5216
3728 6953
7261 4971
1959 1947
3876 6468
154 2174
418 2957
8127 9107
4411 7685
2781 9119
7718 1613
4923 9295
499 6486
5651 4362
1632 748
653 5904
1721 3943
1223 9561
1290 4781
1115 7193
5635 1100
8536 2287
2215 1717
2717 4324
7549 2248
2736 5697
5025 5431
5912 5372
5957 353
1315 8329
6792 1109
1615 1955
6249 1837
1751 5631
8107 8755
1275 93
850 1929
8085 8027
6700 9087
3139 5473
5540 3386
5407 4921
638 4391
4842 9915
5817 1689
4712 1056
647 6110
220 4356
7060 3534
8320 1110
6629 8586
6400 3842
6121 2737
5250 3302
6886 5671
3590 8411
8394 6511
4155 9489
4282 883
8383 3950
7688 2039
8383 7701
5011 3222
3263 3817
2991 8618
2322 9363
1341 663
2762 8741
4047 9060
4429 3890
5121 3574
2875 9939
8320 6963
8497 2930
6537 6554
2726 4066
3557 4116
6398 8032
3296 4693
3484 786
5689 275
5083 2111
3108 5609
5790 1095
2753 3630
3405 1162
5790 5131
1418 7832
6271 6575
3272 2754
5991 4578
3558 5310
5892 6270
7237 5435
3014 2475
158 9088
3436 2717
1524 4890
6634 6358
1528 6871
366 6259
421 5936
7353 9291
7215 7381
8534 6721
2364 947
2938 9992
4660 5070
8376 717
8325 7356
969 9371
408 3305
7709 6604
364 8947
5466 5736
5808 6963
7124 668
268 1005
2052 9409
7459 8220
7559 7058
5206 7712
7561 7051
3583 3973
3844 5310
7264 633
1406 9309
3046 9923
6550 8030
7322 5707
2819 5228
6999 3989
6225 8296
5174 7773
142 9193
7664 2680
5237 6726
4293 8620
6743 1532
6221 6456
5912 4223
7701 9200
1297 9913
7787 2288
3456 6415
7192 1154
4941 1742
834 9617
4887 7751
4385 3325
2716 7328
3251 6139
522 7964
2425 430
2305 8925
93 2317
5146 3571
6383 5050
1467 8822
1614 9939
8185 4768
2690 659
8260 4060
2826 4834
7039 5115
618 7483
1760 1246
7981 8439
8471 4940
4254 8176
375 491
2294 2024
5413 6025
8440 6356
3704 826
3629 8437
298 2957
979 4
7924 4461
2164 1611
573 3587
7440 2867
5799 971
2325 9108
5478 3202
8404 1790
8391 7425
2441 3437
2000 4913
7614 2564
925 2835
3178 8778
7228 1844
5584 369
5429 3700
1933 721
7203 1212
2162 3771
7476 6407
6210 8677
3577 3088
3332 5652
1938 8082
8341 5655
6902 5298
6463 8782
3599 4267
5052 1069
4090 1367
6813 2112
7412 4078
614 2812
578 2171
1794 1444
7665 7516
1905 5677
3280 6038
3656 6682
3416 2251
4623 9038
507 5088
4975 4698
1686 6258
1917 4187
8450 4024
1766 8824
3913 221
7245 5252
3114 9199
7959 4439
5874 9078
2726 6618
6385 4168
5368 3539
6918 4331
2780 2318
3601 9685
3188 9469
7383 4812
6337 2679
5949 5498
3782 8276
8705 3335
7910 5071
1258 796
8104 3346
5091 3403
6019 883
2833 1942
8010 7869
3377 4904
3820 1688
5816 3200
8768 4025
5878 5394
6096 3104
3613 9227
8483 1951
1823 5847
7992 8286
4607 5837
4204 7798
4457 4893
8688 3688
4934 1773
7224 4044
3423 6487
289 4115
5477 6723
2207 2572
546 7821
6568 7207
1653 4899
5385 1282
4602 2887
2474 9037
1471 7308
7237 9497
3691 9859
3396 3276
6117 3121
1488 3672
2079 8718
4410 9348
8494 6515
1064 7420
2306 6437
6875 8968
3749 9686
2906 2641
4197 7534
1185 8591
7045 5910
4775 8476
4875 8655
4138 4984
7503 657
3736 2254
5864 8929
5757 5407
5815 1460
2983 1316
1843 1152
5999 7131
1050 667
3805 4620
3177 4596
5715 1567
8449 2934
5761 9857
6719 9201
2086 709
4420 1264
568 2540
926 5583
6057 3959
1846 1558
8325 167
5914 2734
1603 5246
2613 3185
166 4875
2945 3160
4237 3674
975 4097
6118 7398
6720 7299
1706 3180
4982 7430
2690 192
5537 576
4208 7449
2884 3893
2251 4584
29 2777
2102 5864
1953 9672
5031 4124
1877 3586
6699 3311
2618 761
7973 4000
3794 6837
4143 7699
7588 1996
2579 8931
6721 2004
739 1195
4248 3110
5372 6668
4837 963
7577 6835
2731 5635
3733 3457
6691 7682
389 3551
8632 5495
3519 2702
5332 3631
8450 1420
2609 1516
5283 75
1112 6130
3050 4569
6165 5335
1779 2807
678 3103
5816 7867
7024 6704
7851 2558
2194 1675
2543 3031
2583 812
4382 6517
8726 3549
5765 8466
7521 6748
5704 5318
2683 3331
4796 5974
799 3242
5638 2024
1734 5609
3160 1918
6175 7279
558 6024
6051 6405
8078 9664
5043 7931
8438 8779
3023 3597
6056 5273
3493 9007
1678 6011
2798 3409
7970 6918
143 3829
451 7340
2850 9145
68 5671
4092 5094
4127 4577
8093 1829
7104 2831
2442 7995
7132 2603
4975 5693
1020 2232
7440 5395
5559 7717
3478 4071
6958 1534
6556 8222
879 5204
6435 5546
6109 5136
8542 7590
494 9945
8903 8771
5637 8414
7560 3858
1903 7358
7432 4968
1852 6314
4089 3228
6129 2466
5005 9566
3318 1813
1513 5675
1067 5692
1110 3825
7218 8106
4467 2537
2760 6825
6523 7072
5033 9919
1738 7655
4680 9787
5231 3544
133 6895
1069 7284
3885 4834
1088 5962
136 587
797 3649
179 9716
6338 4928
858 2049
2263 4665
2281 3491
4860 1449
1292 1576
3243 3914
8889 7028
4280 9933
238 7153
842 26
4953 7764
2650 343
3767 5198
4654 9695
4706 9516
1883 497
3223 5143
6644 9032
3131 8686
743 2788
733 833
1539 7591
5946 7239
5551 1651
7467 7291
8964 7502
813 4563
2735 6300
439 5123
5472 3932
7258 1415
2747 1127
3237 97
1926 644
5688 7766
5960 748
6066 9184
7770 324
8012 7815
4145 5978
2124 8020
7150 3376
5741 2728
2309 3954
3306 7799
4232 9528
6651 8904
5430 7479
4765 9322
6081 2831
3700 5497
787 3171
1807 4812
6191 1386
3754 6063
3432 503
3482 4537
512 9918
2594 7138
6009 6312
5646 1900
6252 4410
5494 5163
3332 3004
6342 7800
5159 9922
8137 6663
6796 7468
79 5493
7023 5481
4277 1531
2843 7536
5353 4611
1848 2146
4257 6506
3680 3182
6079 214
6934 8568
1561 3178
7617 6465
134 9861
9015 4839
8756 1083
2723 6843
5773 4840
4743 961
4898 1052
267 9820
1433 7804
7503 1712
2277 5005
4588 7492
5190 5339
2593 8989
616 5111
103 8464
5807 485
7046 2364
579 9695
8008 2450
3670 7272
8907 373
3636 3153
7338 1840
3589 8933
7754 9139
8360 8731
1569 6230
1106 3536
8398 9442
4639 3737
67 6080
8065 6837
1085 2904
2036 6550
4631 1697
7315 9517
5721 7685
5132 9207
4390 909
5899 6111
8279 6572
1291 6838
5527 3085
2588 4166
9088 6622
6624 1406
8365 5523
2700 4846
1476 4887
5987 8602
8671 1473
5229 5847
514 9262
590 6262
7377 6062
2511 6874
2112 9233
318 7229
6328 7052
2642 8667
6823 8867
4232 7365
888 677
1874 5997
4038 2775
1704 2207
2290 3060
634 6851
7098 4661
5181 769
3378 1094
541 6069
6 6697
7903 2113
944 652
643 7987
2505 9739
7045 1743
3727 6920
8998 7923
6300 3511
5753 8825
8708 4933
8873 6737
3693 1371
4737 5217
6349 3631
1674 4808
6874 8251
8973 5032
6667 1390
5324 9980
2686 602
2967 4395
8136 7397
6141 9830
483 1638
3229 7121
2480 4288
5552 9615
5394 3845
3213 5496
8605 4134
7507 199
4667 6187
7795 5687
7705 8548
2527 7303
6392 4328
2461 3125
3865 8597
6726 8586
7110 175
5143 1456
1949 950
1801 6423
6722 8957
4117 8055
7753 4235
8415 973
8224 8171
2151 2375
1636 995
4086 8504
5496 7583
4273 5093
7567 901
5661 4532
1125 2088
3978 2762
6912 9271
3471 8907
7759 9006
3992 5477
1724 1277
642 6618
3981 8789
5603 1238
3430 4815
3883 1654
8862 2876
4394 9688
2357 5840
6769 7554
4240 4526
93 3925
7981 2867
8629 3846
4489 5095
5774 4535
1461 7851
8338 3809
8627 3019
5846 3655
3551 6587
9137 8276
6077 300
15 8262
7705 2189
983 2112
793 1353
4348 9164
2427 7062
1244 4331
3079 8049
7253 6815
2229 638
7082 7142
7937 1509
812 7725
7293 1349
6518 4421
408 3528
1974 1945
961 9313
1471 8881
4075 8769
2588 1397
7396 3446
1518 7965
2594 1492
7260 5212
2078 4985
6199 9456
3149 8481
4024 7756
1808 4194
5903 2917
741 741
351 7472
2147 2934
1073 9997
1571 3782
4995 4523
3484 6084
8533 3254
5387 290
2497 1047
8751 5082
3599 6638
7053 4491
5174 7746
135 6530
2874 4761
5887 304
4876 3191
153 8289
1708 7171
8437 1188
2937 1710
7183 6596
3944 2475
3488 5205
5301 3134
572 9442
9112 6976
736 9441
4530 1003
4307 7978
1748 1613
3692 6256
8638 4302
6810 1611
6730 4676
8588 7625
8917 1248
5972 4593
4157 9187
5248 8573
6662 8377
2281 7816
7593 8780
7608 6768
7151 6395
841 1650
6239 5077
1794 5039
4036 3948
8635 2366
6411 5920
5042 1694
8314 8548
7166 3513
4301 6430
3161 3487
139 8624
3182 8757
8117 6880
6795 5918
804 3615
8007 9491
3684 4147
5652 6316
3631 359
7227 7448
303 2679
4731 3289
3366 5609
3296 8521
1420 2535
3045 994
214 5358
3244 704
7006 3728
9233 6542
631 3158
8485 5511
6374 1805
189 1302
2398 4781
246 980
8305 5940
3537 8935
8476 3917
8413 3277
3009 7298
5586 2270
4963 6991
6461 4016
3509 8372
5920 2280
9124 6340
3617 6836
2051 9672
959 7339
8084 3009
1975 8476
5087 2606
7783 4252
1956 470
5468 7823
3189 5944
3422 3752
8633 2043
665 9913
2177 3860
2034 1820
3350 7328
4038 6860
3479 2373
1437 3769
4420 5548
1944 3
3133 228
81 7587
8328 1780
5041 1122
7506 4247
5060 9939
1101 5047
6019 4086
1777 7705
7628 1293
6749 5437
3208 1533
1501 6193
1217 5031
3228 4537
5261 3351
4439 8923
483 7414
2570 8395
5883 8001
6663 5324
1134 28
1110 993
7513 2862
4782 1160
6526 2879
7640 6782
6852 9066
9052 3537
3628 6725
4571 1526
6049 6620
8512 9645
133 899
840 2166
5063 1456
5801 1000
4961 8391
949 8014
5050 8107
6359 9524
979 7879
92 8094
2648 8475
2092 1793
7141 8477
5568 2668
2028 3227
3188 2871
2614 5398
4635 577
1896 4151
2802 8903
3623 4639
2188 4234
4136 3884
5730 9830
569 6184
1541 342
1425 559
620 5715
1542 4588
4634 6115
1939 6353
7335 9268
5498 8888
1898 4903
4614 1023
4876 9476
4035 2341
6001 2837
5428 2643
614 9377
7303 2257
3765 7265
6019 4163
6481 2667
4811 3539
2414 2015
9046 7819
4737 2273
188 2876
231 3842
2608 2690
8855 6351
699 7370
7714 1503
9048 5409
6311 4893
671 2729
4150 4883
780 2389
7669 6510
2700 581
5117 8938
2639 4263
6020 6405
8842 7231
9292 4042
4733 5466
8382 9334
4024 6608
3384 2074
4846 9509
1664 3366
1178 2864
4309 5441
4452 258
3754 4561
3409 8979
5876 1685
1725 8414
5399 7362
4502 5636
5449 4591
1909 7741
3684 5720
433 9434
9189 3844
4557 4668
8913 4823
5344 5134
3663 7988
6642 8433
5622 8421
6260 4701
128 4425
8328 5125
6105 3524
4654 99
7546 4971
6688 939
7961 4380
8292 5426
1936 5431
8427 3355
1827 1469
7596 379
8376 8224
90 1426
7364 2662
8141 972
3460 1326
3972 3722
4209 4395
2723 2024
6949 3803
5072 4749
2564 1191
7222 1378
7130 6967
8309 4479
1005 6385
594 8371
7588 1882
5869 9582
7970 2730
4678 7222
6355 3246
1103 2034
6255 4509
5481 8206
4208 549
8250 1571
2763 3793
3463 6200
8325 2048
2474 2062
2602 1594
8057 9842
911 5889
6676 4356
2221 3708
4139 8628
442 5410
2430 2279
9380 2290
4705 3472
4595 5613
6450 5729
4283 1951
5336 8651
8563 8452
1373 7422
6486 6085
1543 1970
790 7020
4961 5589
826 8223
1602 6057
8588 6383
8041 2456
2241 195
7962 8134
9545 2042
6583 8750
6907 8178
4039 6934
1196 1687
2903 9307
861 1578
6217 6664
4118 2556
1437 1541
6771 9142
7981 9687
9307 775
8687 9057
5608 7846
5266 1026
2314 6176
301 4001
8104 3685
7306 5974
1008 1297
755 5486
761 8978
3581 3154
8648 1604
7484 1415
7632 5094
7634 2325
2901 3138
7291 610
9317 2417
9518 7743
7099 4847
3610 6704
4263 9354
1684 2006
8165 488
690 9504
4980 766
238 3384
1078 7133
7297 7771
7216 4836
525 9958
7899 4496
1035 3621
8168 5585
7484 3776
3320 8402
5178 2815
3923 5452
8727 7541
21 4257
6830 4501
461 1247
5811 9591
9276 1887
8553 6221
8277 5265
3647 7165
6940 2997
2025 6831
6682 3596
5087 3852
5672 4635
605 4106
6047 230
312 6888
5318 1340
1707 1772
2968 5715
1411 1344
7341 6579
6923 1715
2746 7976
1002 1208
115 8857
2458 5744
3326 3167
8660 573
6162 8901
5046 7607
1530 3431
4762 563
4447 9714
5566 8956
7218 842
2932 4164
3900 4270
6472 6460
7328 8528
2556 380
5396 1700
6730 8205
4145 12
2058 4285
8266 1356
605 3347
6529 4495
1436 8640
6555 2774
5856 9378
5576 9867
6643 3064
2008 9569
4586 5289
416 8517
9443 9176
3411 524
7760 5825
2892 5064
1392 3623
8249 2848
4892 8991
4213 4571
2824 241
5389 1407
2844 9470
5063 7034
3571 2890
6499 2838
6196 242
4808 2230
3409 5824
9187 3205
7124 2332
1507 4998
6633 9280
4751 7521
2781 2623
2845 9090
5315 6298
8749 7239
2572 2483
8023 3504
6459 2312
4937 5310
5043 6799
7467 6729
7404 8187
7167 4445
789 4940
5363 7738
6808 2779
3001 2284
6109 3526
7807 5001
8038 708
3980 9804
1489 9334
7908 733
5828 9462
1099 3600
8271 7271
8748 2131
6660 4128
6781 7884
8495 6240
648 180
2243 9328
5041 9037
9407 1657
8222 7977
3950 551
2239 2666
8735 7702
105 197
8250 8612
6771 4901
6488 6929
1442 8743
5795 4152
3186 2157
833 5763
7396 8444
620 2514
9424 6279
1202 4773
1217 9908
8856 1128
4726 7708
1887 5922
4489 8875
6510 4853
4868 9768
1554 3165
1297 4615
1756 1190
5662 2422
7475 2668
5935 3703
3224 3239
8485 9864
951 791
1121 3950
4057 9916
8008 6423
1709 7697
8961 2387
4753 6688
4314 9860
257 9798
5230 3342
4250 7852
1681 8681
7996 5307
6908 2683
54 3350
8080 5635
4306 1680
4903 9039
7361 526
4625 5499
7192 2563
7364 7552
9566 5311
7379 8655
9124 9871
2580 7202
6654 5987
7693 2573
777 5639
8351 5353
9292 6202
5413 4846
7987 8617
596 5261
2487 1494
5905 5568
6616 2812
4709 3277
5933 6652
3418 5341
5027 143
4691 4879
1364 8412
2720 2264
9249 3675
1248 3102
3200 4188
2289 3251
7871 4098
5896 6972
6911 4190
9218 4147
1081 3144
2296 850
1660 6381
3845 9801
8338 8289
3489 3062
8340 5886
457 4121
2683 6584
2505 3963
1790 4609
8758 8349
1178 825
5007 4590
3382 6583
7256 1557
5084 1250
3843 5900
1494 9334
46 9830
911 4276
6972 2618
6121 9777
6369 2109
88 5981
3012 2416
1556 7192
731 9458
3082 1666
9007 6109
6228 5092
430 8233
3245 5750
532 1823
8297 1683
2091 9501
4895 2803
9074 2577
3293 8658
9747 2490
5956 9289
1001 6088
3154 9019
3797 8727
7889 1674
3052 6219
178 6280
4172 8721
6743 6383
4533 9121
4725 5018
1515 3432
652 7514
4931 4191
5096 3898
2222 7402
318 9754
3049 9385
8992 4635
9091 7755
1390 192
8206 7059
6121 5187
414 3196
7771 417
3179 4571
9502 4212
1003 4182
6137 430
3027 5092
8984 5618
8552 2606
9278 6822
2599 3088
2867 6651
6883 8820
676 1705
5956 7295
532 3700
4711 8440
9301 3119
7116 6165
7804 913
2966 1954
5581 3262
3666 3484
7496 477
5885 8985
2268 2542
6773 4052
3086 1924
5091 2031
5330 8246
3599 7759
7336 851
6553 7434
9702 6496
3651 9028
4449 2289
3589 8485
6984 2275
8375 2125
2157 8726
6680 9566
7958 5994
7518 1964
5772 3822
8893 6141
4204 6749
4568 6066
5300 6448
7974 5519
3789 4500
6484 3401
3609 4948
1465 3475
8750 2680
3833 6050
3993 4387
7155 4560
5233 9879
8171 5750
3589 3520
9600 4610
5534 3640
5460 7204
2884 1778
464 8986
55 8108
4318 7534
9844 6280
7348 1691
5384 6494
2020 3292
9068 8907
3314 9695
6231 1462
5832 861
9226 9840
5926 9329
7366 2790
5807 9486
4074 981
7438 3122
278 7037
1671 645
6676 7303
7738 6514
839 936
4894 6942
8284 9693
8907 404
9129 8582
1607 3996
4856 1371
6569 3227
6398 6019
2759 9458
2251 5973
1036 9072
2852 1661
7947 9526
1700 2821
6345 9873
4133 1382
4363 7039
4971 7493
5127 5394
8305 9721
3914 1738
2997 5369
1149 4640
5937 4318
3651 1291
6228 6401
5717 7643
199 2206
2923 586
478 110
5507 9861
833 985
8631 433
5809 9489
211 4914
7329 6235
6484 7257
865 9995
4985 2647
4101 2543
7445 185
9494 5428
6214 1275
9662 6384
2280 463
4578 6994
1247 4943
1610 1178
6659 1206
6004 604
1402 4419
