10000 1000
0 6894
1 6937
2 1590
2 3556
4 6066
4 2403
2 6609
5 7586
2 3507
3 7886
3 5379
5 5344
11 9973
1 3482
4 6730
4 2127
12 7042
9 7090
7 2248
15 336
2 3197
21 8581
2 8937
20 329
6 4072
1 2038
24 6316
5 5475
17 6783
21 4029
3 4711
5 5753
32 9800
22 8549
25 3561
5 9662
8 244
26 4171
28 1687
11 9560
19 6681
20 4466
25 674
1 4968
38 6912
39 6557
42 383
18 8144
21 2414
49 2226
26 1548
48 8846
50 4297
41 9076
45 1978
3 6680
8 3958
40 7712
36 812
21 9996
4 4451
22 9312
52 5338
49 2913
19 6957
41 7032
37 667
39 8838
62 6132
32 8998
64 642
11 182
46 3239
59 8271
67 7930
50 9319
37 967
45 7263
69 8688
31 4373
58 1013
68 6301
18 2140
62 1385
68 566
5 9003
60 9793
37 9508
33 4987
15 767
61 5654
24 5511
60 7062
74 7402
22 9452
49 4259
9 8956
12 4364
49 2477
30 6204
91 8790
35 1297
74 998
26 6696
78 5142
102 5741
37 8144
91 1471
32 6010
34 333
33 9252
49 7625
48 7403
18 121
103 6271
55 4974
25 8444
87 8260
19 5264
114 7204
81 8655
37 5348
8 3115
74 9929
100 4961
11 1435
37 7451
46 6334
10 5885
57 4535
30 1992
71 4090
91 8563
37 8400
67 5782
77 9694
120 3197
16 470
85 7472
11 3884
3 9466
105 5932
50 1997
122 7403
3 7485
135 8413
72 3743
119 7716
135 1923
132 8798
64 5401
2 6210
96 6773
144 3760
67 531
9 7379
102 2656
127 8075
8 2400
72 5681
121 4292
147 1792
1 1274
107 6390
105 9332
69 4720
147 4242
63 7851
75 6667
58 66
120 5771
32 4756
52 4060
152 3831
170 8703
31 1550
73 7365
39 9568
167 2718
174 416
40 5045
143 9554
110 4621
123 1354
73 5450
140 979
139 6906
6 4051
48 3231
34 3099
73 2838
185 673
143 9869
72 8988
189 8600
99 2148
143 9172
91 6309
110 7385
165 4135
163 1000
26 7242
72 1738
198 8315
57 9925
40 5938
126 7784
145 7351
112 6946
180 4297
176 1330
6 52
66 6159
52 3407
106 7830
54 3310
183 5442
167 9054
123 7490
188 5698
26 9853
177 9361
144 4243
167 231
94 8558
200 4291
160 3915
62 8033
45 320
47 8218
47 2341
29 2845
32 9448
130 6534
27 8282
225 672
12 1548
187 6009
88 3014
231 7537
240 5456
137 652
43 1144
64 7242
206 9550
204 1565
165 5233
135 7715
12 6013
172 1
1 5410
23 2549
119 5593
214 2495
64 6010
115 2430
211 2087
204 6810
140 5842
121 6615
58 7366
67 2786
190 6258
206 7596
25 4102
98 7613
33 8204
108 3502
70 939
256 8527
50 3044
79 170
152 4932
237 1185
68 2211
74 6794
187 6610
258 572
14 3206
132 8113
181 3013
132 1836
13 457
119 8076
273 4503
147 8666
212 4478
150 7685
242 498
216 4119
58 1491
112 9147
287 9768
176 1642
69 3590
190 6645
64 8745
4 5912
251 1002
174 8940
100 2557
187 8160
211 2042
28 6450
145 6972
298 9117
306 4521
168 760
68 9451
256 6642
304 2476
16 8085
95 3724
312 1198
29 7627
157 885
235 7737
237 818
151 1406
233 9249
23 1459
303 7520
146 680
164 6368
247 6903
101 9283
95 70
50 3920
29 5952
103 8813
298 7331
50 7130
292 318
255 830
14 6688
54 9903
253 3393
22 6469
287 346
239 5523
102 8062
327 2398
257 1477
97 9182
263 7183
188 1670
27 7408
198 6038
99 629
102 1373
158 2232
310 7591
185 7973
303 6377
320 1107
245 8481
319 5848
186 5496
213 8438
295 4151
242 9334
269 580
150 7353
200 3481
207 7884
13 771
210 1594
117 5563
342 7972
210 8205
22 105
47 7334
312 510
96 9767
67 2468
361 8402
107 885
189 8419
157 7719
42 8053
324 3442
363 9451
211 679
312 6131
38 8753
238 775
196 7960
103 8904
55 2367
88 6621
207 8117
222 3863
202 5117
200 4661
217 3048
176 1504
374 2296
274 7059
384 154
122 9905
30 8850
109 860
250 9214
46 2023
50 6227
340 1531
387 9225
15 6279
75 4462
301 8389
383 4758
236 9984
96 5338
100 7185
239 4036
179 4628
101 5687
123 3953
273 4518
331 5769
334 7748
226 8059
137 6643
176 7585
313 3699
389 5332
336 2702
426 9255
401 6867
168 7752
59 1135
314 7330
241 783
162 2534
6 3034
203 5194
243 932
249 3280
254 240
328 8266
239 1940
282 6537
397 3862
147 9763
47 2534
133 6717
420 4054
395 3228
214 9970
420 3064
256 4509
257 9029
93 5745
244 1827
74 3260
362 8572
410 2111
422 1114
237 2129
319 5245
324 705
221 1618
184 5303
443 3251
35 8460
139 1662
394 2880
223 9691
25 1596
373 1219
432 853
423 5320
22 9642
78 5726
83 1992
264 229
94 1956
321 565
192 2928
65 9153
275 2965
171 3827
406 8198
329 9304
138 4016
173 1553
180 9785
478 3824
475 5057
138 7307
41 5308
127 5489
429 5111
418 749
434 7806
239 3787
67 8306
319 3209
217 9163
161 54
217 695
13 972
240 9041
246 5301
347 7695
455 498
110 5634
98 4009
127 3234
374 8007
498 4038
104 3229
140 9022
308 7029
182 6622
42 905
402 8798
96 5860
253 9986
66 393
26 6419
124 95
104 1809
44 2154
214 9885
279 3320
137 6012
497 7927
149 2003
172 9116
70 6508
336 48
94 161
248 8486
161 5593
444 7321
335 4089
281 3539
348 7744
322 9438
201 2111
41 9111
446 1624
456 6605
204 3494
128 7857
73 2279
304 3981
97 3801
312 3639
167 1740
177 5338
364 7130
332 3210
515 9109
304 4398
186 3434
365 2654
417 3257
76 1077
104 1483
475 3976
257 5273
531 9209
363 8762
544 4422
144 7187
520 6428
350 74
406 2111
306 3634
342 8110
302 5421
185 5540
388 6802
302 3107
501 3166
250 5916
32 3547
238 1041
222 9106
220 2954
270 8635
55 756
249 5764
474 6897
445 8117
375 3884
518 4059
255 7807
430 2521
284 7625
84 2642
125 1154
370 3133
46 4513
429 9524
156 3131
110 6464
236 2301
530 8539
475 7841
286 4273
272 8239
601 6096
286 2448
168 8145
276 3796
37 3296
506 2408
435 6393
416 2131
25 4698
266 1542
425 2575
537 5602
361 6936
185 8299
542 5411
86 2721
457 1019
564 5860
209 8734
123 5210
249 2806
25 2190
150 8571
392 495
315 6593
570 3239
535 6944
481 3087
281 9699
519 8233
59 281
407 9827
471 4845
487 7786
36 5021
254 6473
590 8483
300 3304
21 6196
619 2695
40 85
355 9035
184 5816
257 846
413 1975
35 2156
14 7799
376 1732
526 5464
288 4668
568 5752
18 8194
560 3683
227 9164
64 2632
607 1000
240 5461
430 1544
355 4993
278 2647
255 5726
235 6657
128 3342
141 535
146 2251
3 5333
454 8158
638 3182
575 7891
549 4031
625 3384
192 3138
329 1673
128 6017
489 3168
462 7241
494 6957
398 2729
417 7310
192 7866
676 2546
184 6930
339 9142
338 5057
314 3179
494 6418
6 1747
18 4252
65 5687
44 2065
142 5598
158 6829
323 6773
14 1224
259 7494
25 4486
257 7235
539 349
524 3048
180 5619
414 1947
87 8960
335 5428
379 336
49 284
669 4521
517 5508
448 8484
254 1743
677 9350
321 3853
321 3936
522 9243
114 8355
593 2706
190 9640
354 4044
319 5983
443 670
605 3465
430 5695
537 5471
244 1727
333 8785
570 1914
455 9161
135 7842
238 179
61 2671
729 3239
686 2414
2 9614
489 6812
495 5948
657 4573
225 3885
585 9816
518 731
414 6954
50 3624
48 6747
381 3238
16 3083
228 1394
532 1238
702 5016
393 4615
491 5693
122 8269
639 5976
145 1858
381 9157
675 7846
72 1557
146 252
35 2705
60 2840
690 1680
345 3732
638 2593
141 4235
360 3868
400 656
513 7893
119 7954
385 854
20 4672
441 4638
316 8215
410 8836
420 888
117 2320
585 7690
67 319
680 2697
776 1207
36 5960
359 2784
543 8107
40 186
640 4239
85 6733
120 605
692 932
263 1481
261 9293
331 2313
198 6020
41 6565
111 1512
322 8407
154 7276
247 3398
543 5602
343 5548
90 7588
794 3731
578 6047
217 3773
650 8053
8 5542
442 3294
723 449
439 6921
500 9389
11 9556
245 8586
594 7058
251 3240
572 402
198 4642
301 4573
743 3691
323 5391
812 2930
8 9350
313 3188
662 1468
87 1240
773 2001
274 8735
384 655
185 9609
488 2571
327 6606
253 8722
313 110
680 5339
762 6894
609 537
686 2203
656 4767
609 6659
803 2070
211 4200
151 4998
359 3441
699 7336
527 3128
557 6896
826 9183
280 1566
223 7057
656 7846
381 3848
283 8050
18 1901
621 6711
841 807
652 4908
100 9434
82 4692
745 1791
113 5102
460 6657
260 5908
168 6550
109 8911
368 862
525 1981
632 1980
3 5621
175 87
457 7124
783 1549
761 5299
745 8266
471 6957
688 8267
268 2446
16 8693
840 6236
680 2438
463 4153
193 4230
58 4219
88 7042
662 9925
818 6924
203 2668
360 2562
669 8720
291 2028
808 959
248 6056
143 7888
272 4825
399 3925
636 8241
844 2228
400 6341
285 7792
720 6497
57 4740
179 6739
772 2203
833 7030
264 1125
477 5396
604 872
805 7066
479 6889
818 2517
91 7212
790 7099
306 98
695 9552
405 4676
119 9569
532 8585
408 2261
789 2553
120 9464
891 1537
245 9434
423 8723
306 9877
833 7906
141 786
81 8732
284 4036
666 8468
461 4647
97 6640
629 344
10 1447
269 2232
96 9363
906 2050
210 6784
813 8720
445 8100
214 6873
690 2748
598 1333
80 3392
13 7498
470 7695
311 5387
820 2398
641 8696
669 5823
910 3074
704 108
197 2380
404 4802
203 365
366 5257
915 302
93 2284
17 7250
737 62
256 8453
945 952
558 8630
832 3770
499 5034
769 4862
780 5459
958 8969
727 1270
949 3891
790 5240
70 867
58 3177
931 4425
145 2838
952 6006
476 5492
10 9695
236 2289
885 6026
440 3744
99 9592
321 6325
44 7535
565 3798
127 9422
559 4731
38 7419
831 7953
756 9001
948 1366
889 4816
805 557
114 7089
258 1013
808 9920
365 6068
526 4073
970 6168
174 1380
274 3593
565 5155
295 8464
785 5386
348 8983
331 498
154 2382
769 2520
995 4809
403 6406
87 4232
121 7930
195 9521
730 883
74 7284
735 5641
201 3789
838 3636
721 6938
186 3113
436 7465
403 1844
7 559
732 9840
76 1366
343 8954
282 7215
984 6634
483 6531
376 1672
726 4465
552 2042
480 6691
492 5135
509 4540
663 3713
717 6153
228 9930
645 4811
102 6041
918 4686
701 4466
526 6854
362 6999
406 4343
442 368
988 5451
601 8171
89 3978
904 399
523 8285
863 4918
912 1608
260 5446
572 3078
490 3464
997 2732
399 5252
577 1731
636 6383
619 3480
765 9516
172 6076
40 1384
316 7967
204 9434
179 7646
44 1302
591 865
336 6610
890 3216
850 2731
226 6422
541 3064
459 3486
141 3917
923 1756
896 6158
57 8077
972 4370
750 9721
717 2351
1043 4275
36 8807
1074 587
888 6057
907 8679
562 3168
95 2701
681 9463
1043 2280
728 4973
178 4130
991 8099
779 1599
17 4939
510 4633
69 4131
1000 3188
938 8039
533 8199
820 1819
574 1140
778 7578
878 9800
280 7462
194 3392
882 6554
820 6434
545 2094
851 1168
1074 3432
705 8055
600 4062
433 3786
801 6343
641 1945
803 3190
936 2263
681 9464
978 1096
990 2837
516 8407
38 7254
34 4488
565 5212
984 468
888 5770
519 9823
321 6189
395 7805
932 810
212 7567
764 5638
6 5414
1111 5710
723 3821
343 1599
726 3227
805 3841
1007 6054
177 1438
288 7252
387 3793
1075 9874
1115 9884
108 6847
144 1108
862 2420
1102 4021
995 478
738 5408
131 3726
582 7013
1138 7941
781 6303
378 7291
810 7976
446 1772
673 8135
151 2017
723 2998
148 7153
910 1591
616 6950
506 8901
494 490
807 1497
1076 9503
323 9632
932 4362
859 1578
720 588
683 5517
304 715
700 1758
682 4715
761 2626
297 9723
192 7200
1 7188
760 2992
1005 4794
76 7905
741 3811
1003 4953
26 1493
637 3343
948 6518
8 9443
773 6173
677 2993
592 6319
419 849
218 4011
681 7224
775 8469
190 6584
231 3593
755 2365
1079 5817
240 7245
718 1687
757 686
197 2564
316 3818
160 685
600 4428
811 6469
720 2078
612 5012
410 7599
997 9870
656 1312
1116 4033
1007 2240
488 3355
301 231
80 4903
397 6932
354 9900
122 8350
876 2818
104 2114
802 8654
932 5082
776 1695
1175 3261
70 2315
1145 591
164 9555
142 5348
504 714
583 2578
996 3707
588 4076
4 7161
723 4387
31 8075
330 8452
834 5954
498 9674
198 49
756 3067
996 3055
544 444
366 8892
821 3182
453 365
1172 2001
667 5210
641 3133
1103 365
1235 8725
157 2926
620 5313
447 6945
24 7126
1241 8594
840 9769
373 6035
573 2011
1231 5452
961 4006
911 4096
511 3154
868 6954
358 1558
780 828
81 918
686 2824
267 2535
794 442
994 1829
972 6580
840 5730
626 960
693 4540
1199 2155
305 8664
359 2065
927 572
515 8171
188 9678
542 5807
262 2408
786 6504
785 7439
915 96
854 334
788 1653
854 418
75 3745
815 2555
516 8768
25 6564
1213 3629
638 4058
7 4295
372 2866
118 9467
350 9024
174 1631
88 1464
1176 260
175 8373
880 3388
643 2466
66 5873
257 105
1244 9269
1126 3047
332 7040
911 1306
940 3026
623 7855
1163 1093
1006 371
1308 364
641 4105
1128 8148
178 5272
1017 2024
944 6660
1098 8357
430 5263
211 5296
442 6414
471 7411
1220 9964
163 532
357 4328
1169 7421
389 4432
680 575
969 4960
200 9433
710 6747
267 5786
440 4290
18 3518
855 937
857 948
117 9487
943 9431
1213 3519
545 665
673 6748
1196 4395
734 6708
1203 4719
928 7514
478 7125
95 1612
693 6008
531 5341
1129 5989
72 535
1077 2384
8 7725
437 7351
756 9234
1070 7183
1161 7495
968 65
364 3827
479 5487
173 7512
50 1059
1351 5517
600 5128
657 4682
487 9114
216 7333
1196 8858
724 7729
377 6083
1163 7389
1246 6275
249 4515
1358 9733
1236 9433
1314 4744
757 9462
473 6305
777 4047
124 8144
1193 8047
476 9427
339 401
1364 7535
957 8376
1345 6208
1198 3505
560 9171
738 3616
92 3281
547 1094
548 8122
823 2369
456 3552
947 4505
456 9025
896 740
615 9142
641 8403
474 7919
343 7527
723 1667
662 8504
184 6422
542 1463
664 8098
1398 4638
35 8055
85 1950
1107 1780
695 8987
907 5112
476 8767
780 2379
1211 2381
386 6733
980 817
1343 9429
507 2721
382 1788
316 7558
25 450
1355 9557
316 1938
1253 7595
977 7631
171 6725
1193 683
1017 3393
994 712
871 5113
90 1806
507 9563
1174 4697
786 1038
345 7856
1034 2174
329 3355
419 7232
862 8942
1189 5182
245 9087
594 6993
1344 7303
602 9798
822 6913
1035 1369
857 4674
1105 485
485 4880
555 3653
736 3905
41 483
1026 1569
1091 3086
620 9181
744 3857
1057 9119
436 5761
199 7101
933 7124
399 7075
746 511
586 1305
930 7822
308 8118
543 3927
901 4354
1066 9684
826 6370
703 5867
799 6793
1448 9856
991 3618
604 3964
1103 1185
549 6260
341 3957
35 3731
1473 9260
1357 765
759 4989
971 5495
669 2552
878 514
787 9349
237 3964
964 3080
559 1832
934 8515
1053 1201
172 1848
423 5332
734 4819
1138 7819
1016 3291
1384 5873
745 1439
793 5328
418 1847
1377 6262
1082 6148
314 2317
953 358
762 5286
281 640
744 7758
1043 1207
506 2775
399 9359
758 3691
447 4269
1030 8319
1095 6410
1023 6921
829 6467
831 2356
1169 2432
298 8508
58 4022
185 7987
1118 4014
75 4707
46 3231
454 2733
619 6941
229 7458
300 9839
1421 3278
790 2412
139 7326
1259 5994
565 4614
1140 7895
1001 5743
458 1644
888 8385
1068 4334
566 4479
769 1547
1424 9878
145 7970
154 893
272 1087
638 8026
734 5381
351 4563
997 3733
176 6045
891 1643
1089 8202
468 9983
241 6462
882 1909
905 3101
925 6015
1038 4685
29 4272
214 6139
1307 1499
1206 6892
1237 8866
611 7662
372 9075
173 9722
553 1386
706 4960
1136 4869
1529 9628
836 5219
1092 9793
250 8440
1560 6520
1378 2841
1575 4519
728 3008
1015 2188
554 8223
1446 7288
51 6635
63 1315
632 2829
1036 4065
599 1985
162 9732
262 9042
1423 7259
1243 2229
1531 1766
1048 6038
901 2027
1573 8247
932 6253
1302 7101
77 9750
546 215
1325 8523
565 2007
685 3449
17 3187
292 207
495 8902
539 8926
1116 5994
275 7994
344 8475
782 5671
735 9604
1378 4045
67 5402
1517 9055
668 6979
1031 3187
1318 4194
364 9756
978 945
293 1050
1390 6747
152 6050
32 8411
1267 6222
769 2977
492 6295
384 6227
1005 1456
1018 5272
879 5059
1300 7723
1307 2246
844 3632
882 4966
736 6859
197 29
588 7281
714 9637
442 4330
1500 2013
92 5095
401 6217
1132 4550
1513 7808
569 2124
584 4490
212 2295
1530 4298
1549 6980
63 1511
563 582
517 3104
1198 7340
691 4096
1130 2664
709 6720
306 1790
860 2373
199 2308
1491 9757
456 8432
126 5223
457 9294
414 1564
505 9235
282 7202
197 6523
990 1700
804 7025
664 1838
1015 495
179 1427
1143 8279
517 4636
496 869
939 2183
1099 3755
378 3857
1581 7103
1589 3245
511 9411
578 7452
1572 3586
576 1572
1401 9874
34 3399
781 4690
1391 7769
346 5410
1153 7784
787 4420
1593 5100
1107 2739
1526 113
1678 7120
1143 4529
195 3671
1540 9304
87 1588
828 1920
829 6449
165 7324
225 7916
39 2564
122 7405
1129 938
960 648
1461 2523
1508 2941
1520 2372
1503 496
1691 2688
1173 3565
391 8022
398 3800
19 7725
857 8907
409 3173
380 7437
917 1451
645 5983
324 3414
863 6068
156 8301
1273 7236
1709 3540
1163 2702
1001 6639
967 8428
1413 7474
1717 2815
1279 133
186 1987
1503 9492
1036 629
1453 9548
975 3735
1687 2978
249 5624
39 6853
1359 2013
277 5018
89 7038
1705 8256
994 7668
1702 9392
1315 3524
287 9985
1616 4790
242 5197
1032 2712
1670 2282
1427 8685
191 2515
423 4987
333 6813
510 9763
1338 4731
1489 2051
1687 5008
1597 8075
326 6762
373 7353
621 216
991 758
1161 3975
993 7785
1758 58
481 7547
1691 5150
9 2440
343 3334
971 230
492 9220
14 347
247 1992
1393 2794
44 3090
266 6934
126 5614
362 4870
1699 8906
948 1044
712 5424
1539 1520
394 515
1003 3955
1245 6405
456 3670
552 3611
780 7845
1418 4806
307 1034
1306 8123
1161 6102
11 1508
1495 4221
1570 3564
1550 2101
30 2640
372 8234
1735 1099
414 1535
242 7376
1192 5941
100 7225
1156 3654
547 9628
149 102
1115 3033
1788 7636
1089 5153
140 1966
845 4624
840 1085
431 6617
389 1797
533 4425
144 480
67 6235
1631 1058
1088 6238
1631 3004
1544 2754
1362 2502
1159 3310
1217 5454
1728 3220
523 1052
1637 9283
83 6821
204 3045
1268 9485
1567 501
1585 9688
640 2314
1285 7689
1137 6344
56 2252
810 2593
620 5580
116 3051
1083 6091
179 9281
1147 3428
656 6298
710 4252
307 7445
1762 9140
1533 9130
1509 6872
1788 9661
453 3551
1188 7383
963 4811
1079 3278
475 277
926 7372
794 5985
58 9214
557 6107
831 5602
1803 2002
861 6051
1511 8617
393 3974
1558 4519
974 5389
24 6210
1543 9464
1696 5510
485 8751
1627 327
909 3540
1209 8429
753 3026
881 2542
38 6619
1277 4250
1876 9850
1692 1965
991 7720
727 2712
1474 3353
686 118
259 9554
605 9588
1262 8196
1479 9690
813 9951
55 3539
1146 2834
36 4688
517 9753
503 7668
107 1064
1251 8907
1080 1179
81 9043
1483 4825
1648 1236
567 7751
1448 926
1105 6197
959 3454
775 3837
305 2400
1096 1857
157 4517
1609 5325
1286 3757
1029 8078
940 5643
1641 2086
951 5141
1017 5142
1764 7524
825 3424
1536 1653
1265 8498
490 3776
822 8400
91 5664
1860 8813
462 485
992 7724
393 734
1730 5255
213 4682
704 2237
1416 4475
44 2445
734 1521
212 2684
524 2345
8 8786
1728 3760
414 3405
455 3058
151 811
1037 4484
618 4003
156 6040
1929 7405
982 9026
609 2824
1291 7877
520 6697
1564 2676
374 7228
541 892
1801 6284
1166 2890
1780 5815
1591 4934
1621 3544
459 7606
792 3260
605 5267
799 5348
1199 5320
521 2952
1489 1393
1271 466
950 5664
1920 9893
833 7403
720 3291
510 9831
995 1422
818 6358
1735 7525
4 1496
937 3975
1761 9196
608 7815
158 4031
1664 5600
591 5368
1122 8895
552 133
1448 2904
1699 6580
1712 7143
88 2872
824 1725
1687 7660
1922 5462
171 3984
534 4188
1526 147
372 761
839 8032
1700 7862
1856 7328
43 1230
1085 2009
1003 1255
224 8343
1063 1064
976 7686
669 6744
978 6230
83 7761
168 8541
1590 457
452 777
273 1968
1064 3339
1391 4671
1088 5667
1262 3141
1457 7304
1773 1822
810 1652
1109 2143
1316 3105
686 2858
1356 6813
493 2249
1309 3889
1203 6189
1792 4637
872 3923
1687 7222
707 7696
775 886
1928 9601
1333 6260
1122 4209
419 5706
1943 8118
424 9131
1669 4211
1874 7775
425 1342
1101 3636
2028 7829
437 5083
221 3885
218 1448
1045 4745
436 8559
1943 2033
2013 8015
1888 718
628 1427
182 5919
168 5480
587 7270
706 4828
959 1995
1791 8715
2020 8194
416 4171
258 3043
1201 424
722 4466
733 6952
829 1368
1339 7693
1888 2584
620 4483
145 9907
1809 5356
1686 8455
455 3094
1530 4485
549 6590
1500 9180
192 1837
1953 265
1857 5343
1243 4990
553 539
474 8982
782 5230
804 4323
1440 5430
538 988
147 1832
1072 5737
575 7134
661 4229
1614 8224
1084 9528
56 8503
1635 3165
991 1311
82 1685
1305 9313
39 4428
1633 9057
1126 3576
531 1388
633 7428
2028 3657
102 2924
1213 8612
612 5660
994 4495
1929 8373
1683 4742
384 164
1565 8967
519 3137
43 5981
1945 3715
1284 9819
247 7998
1596 1164
1946 8409
2026 983
1791 3434
1132 2770
728 7818
1060 8724
447 1366
1661 7481
2102 3738
1316 589
650 9313
1573 6177
1247 1744
1243 2814
2005 8824
605 14
717 8464
1204 2510
1958 9880
113 2426
290 9747
1602 5260
1154 8323
377 8766
14 2926
22 8670
182 6050
1108 4338
1296 8913
55 8174
359 1334
1721 1767
2112 9519
46 3907
250 6064
1332 3993
1839 4472
1579 1308
256 9495
929 7396
1221 6389
2085 1885
383 8225
102 6830
221 6518
1056 1524
251 5954
1390 3615
332 8450
1471 9342
2044 8963
275 8654
1597 4232
1496 4811
259 1421
1599 55
532 6607
1946 9373
617 9300
1630 9880
1496 8326
28 718
240 7117
1100 2036
2145 6988
56 1543
1485 2387
1550 8413
1422 1228
1646 2977
1825 4080
809 2125
237 446
477 7652
706 2700
726 7605
475 4648
1117 1495
58 2221
1888 7538
910 3032
329 3542
1552 8436
248 3530
1169 3972
762 5653
981 4069
11 36
1625 7568
1517 4854
383 4821
1644 184
945 7268
85 6264
478 6459
1227 9356
1431 2593
825 5907
136 8249
133 2858
1894 6026
387 4588
1781 1517
1342 1426
1538 1658
1851 2450
1287 7773
1102 2566
73 1663
832 5481
410 7411
2077 8363
1925 5285
344 9999
1623 225
1603 3199
1960 971
471 1333
2113 6097
579 6787
2142 9965
207 2948
1409 3655
2063 926
2024 1241
1348 6825
184 4512
678 1082
1355 5521
1978 678
772 6904
658 3574
1024 6134
859 9528
2183 2866
780 4835
947 8815
2156 7680
1120 3578
1467 9929
1681 7181
1579 3824
478 1545
171 5528
764 1039
1273 2730
103 5585
1952 517
1138 3004
1737 3686
667 3939
1185 8753
239 4889
2002 7071
1238 4875
714 8475
1833 2525
595 4061
2086 4995
2030 2419
1118 4948
1983 8245
50 2359
384 3466
1019 7293
1386 578
1784 7050
109 939
1378 3048
352 3119
456 1517
1730 4204
267 6657
179 5907
236 2410
810 2391
1374 4592
581 7810
267 8970
16 8104
1323 101
1272 1878
371 7648
1589 4842
1187 5832
676 9556
825 1200
1520 5161
1532 9797
1521 5079
3 7684
12 716
368 3399
802 9392
702 4300
854 5702
512 7674
1132 6153
605 6826
1540 6004
565 4372
7 4190
354 9917
1942 8593
2033 5623
1410 6029
1592 458
2096 739
821 1094
619 3275
2031 7761
777 2266
704 9453
721 9300
1136 5098
89 4198
235 5234
1326 4590
1406 534
707 6100
131 1427
1072 5639
731 7354
721 5750
1907 2745
1242 7344
1091 7692
432 6413
1578 1954
1207 7981
1153 1932
2113 5141
1382 6469
536 977
170 8722
611 3056
1023 2388
1516 6518
1122 9764
1133 2853
560 8562
4 1429
884 4493
174 8675
2216 2790
453 3683
1012 2502
1067 7819
657 2869
327 6911
1025 9452
1980 8576
594 5617
127 1346
1787 1845
2301 6498
1783 3134
625 1258
236 3725
39 4476
1535 1350
55 4928
746 2148
1012 1172
1642 1842
141 6184
17 1587
1549 9176
842 6059
84 5597
172 3258
1201 6227
1804 5946
2337 6887
2367 3938
1467 5234
1690 9761
1822 9060
2206 9316
28 2605
281 7409
836 9844
990 2466
2367 8647
400 890
558 4189
2352 8555
2067 1148
2074 7516
271 7114
1399 2485
827 7716
2174 3172
1412 2454
733 1019
163 8722
159 9958
520 2638
2225 5847
1200 2510
756 5274
555 1295
1895 4968
1081 9505
1438 4662
636 2020
412 2389
741 7736
1884 6873
870 5213
677 5466
2017 4590
80 7480
995 3188
1265 3911
2179 4758
184 1007
187 143
1974 2698
1090 5440
1906 5711
817 535
2015 503
2299 3641
2003 2884
1836 4165
1784 1908
1761 6002
1131 8749
676 9269
1726 8869
1626 9786
817 603
1730 2316
1903 9791
114 1091
1219 147
616 2183
1811 4332
1492 2689
627 691
1085 1205
304 6503
1571 6413
776 2356
635 6270
533 8170
1467 1301
2020 5826
295 753
1074 969
905 7976
1943 5268
1935 9362
1638 7913
2180 9226
77 9546
2219 5764
1141 2794
2052 9217
1551 8457
1515 6202
152 7477
79 4734
190 9668
2363 3655
273 970
166 8038
166 8962
689 7110
1068 3963
179 8427
1576 1475
1444 8627
784 4512
2172 9432
179 3423
2165 6014
1224 5897
1455 235
1129 7837
1773 8174
47 6902
2242 7449
659 1183
122 6598
1504 9423
213 9831
2194 3288
678 700
360 4047
1453 6412
158 880
124 3414
1187 8139
1286 9629
87 1828
1790 5138
573 5099
2284 8586
10 5159
332 7088
471 3799
2389 7002
1274 4166
1007 3201
901 9427
2197 2009
1867 8217
640 3302
332 5730
353 5371
420 3048
371 6467
921 374
2207 9639
579 5365
1177 54
2528 8302
1588 2616
2391 2585
1734 5112
1407 2908
675 1355
2342 8538
1297 4391
1459 9088
1179 9059
1248 4763
2149 580
443 6203
1779 4170
2308 6170
1573 1231
431 2419
2220 9882
291 2663
629 92
292 1415
1340 8714
1901 1812
1350 9380
1563 9027
961 1065
2475 8677
478 8621
1790 7799
1470 5462
1270 4401
1774 257
1194 3129
844 4667
687 3908
1161 6774
2406 3618
35 2248
1977 1301
498 2921
2429 7575
645 4065
2474 31
1409 4083
1996 60
1027 9549
2410 3687
1586 116
1323 5603
761 2746
2133 780
2255 2640
1212 8839
742 1281
257 5719
393 8416
503 763
1124 8162
1379 3731
726 9404
869 2622
2341 3318
2366 1791
244 1742
1205 1908
912 7395
1227 9631
186 8210
230 2075
933 7751
1416 4032
2180 9024
684 3447
1173 9374
1580 4422
1955 920
703 7334
1744 6093
708 1549
594 4574
1593 891
260 289
233 5941
1892 7182
611 858
706 6882
2196 589
1581 4986
1962 5191
2519 1654
2413 220
2021 9043
1849 3481
1505 4339
1977 7794
1981 3070
2434 3170
1401 1096
627 1207
325 4495
2450 6919
262 2539
2044 7521
38 7561
163 230
1715 2966
1892 529
961 4382
933 3051
576 8716
338 9759
2237 7601
2283 9822
1288 6570
1024 656
1562 7046
539 6187
178 4431
636 420
1836 7341
105 99
2415 8414
470 4727
517 1348
1705 3547
495 4730
2469 5070
1782 830
2268 5272
549 3243
902 9192
1155 2924
626 400
582 4630
2197 7887
1778 4732
1402 4329
545 8666
1595 3338
1193 6705
27 291
2108 5053
1220 2180
770 7423
1165 6255
545 999
1118 7942
2304 5131
394 4513
2617 136
323 8093
2675 9806
1004 158
1816 8407
1599 9158
613 2117
895 6274
2471 9187
1931 6524
931 3761
1504 7031
689 1293
1935 9561
23 9551
1303 6326
955 5990
677 4966
1198 8555
2510 6947
1073 5604
1664 2778
2023 7360
1782 4431
675 4657
413 9735
1898 5968
1493 2066
573 3359
1402 2907
2141 6961
2488 9382
2 4779
1494 4398
2031 5850
2534 9651
24 3266
2089 2966
961 9102
24 370
1854 7846
740 6633
2688 7559
2505 1730
1672 2107
2177 8956
2461 7324
2278 4112
867 6664
400 6757
102 432
1346 1083
1713 3584
741 8741
210 457
1682 1478
1881 9621
1041 2887
1112 7129
1172 1448
2669 9968
1918 4913
2281 2800
2575 3519
2619 7458
2538 3329
614 3563
94 4975
2578 3897
1104 2976
568 9797
88 9222
2063 1559
1273 1573
2021 7687
341 5053
699 7796
2523 4816
974 1498
2588 7744
2321 1348
1876 1248
2267 6737
672 5748
2623 1618
741 8777
2208 3615
2455 3049
1804 7012
1163 4534
1077 8263
1794 9716
1205 3563
1476 1698
1049 718
568 7160
23 8408
1301 9203
1390 8705
493 8143
349 5433
640 8633
1373 6727
2710 8291
2441 8888
2060 9317
1888 629
602 7080
296 7134
50 9918
1579 8019
1969 8780
960 3253
2211 1886
599 6444
222 467
167 6083
620 5809
1530 2869
2416 9903
2524 2745
2017 5081
2645 2816
200 6888
999 3355
207 5992
2688 1093
1219 8708
1350 2913
1841 4869
1567 6008
1499 7071
611 2167
1350 8675
617 8480
2688 5939
2810 8811
2612 3503
1113 8075
1648 1639
2206 2628
2524 8621
994 9713
2307 6132
523 2958
2716 8698
16 1034
2761 1260
552 209
1120 3221
610 3008
1545 4568
2506 3754
948 5546
659 1190
1446 999
727 4300
460 838
811 4306
2355 2782
479 5044
723 203
465 6726
850 1322
666 7132
565 5291
2243 380
2196 5691
2081 9676
1991 2000
207 6496
1102 1354
936 9526
537 5839
1806 465
2524 2175
481 6564
1557 2658
456 1068
2378 3169
2547 5970
2125 4919
656 9127
20 2266
5 2444
2200 6680
404 2436
604 7777
268 1107
2195 3083
906 9393
2758 2939
419 1842
507 9215
2324 8633
1455 1660
1333 3545
2339 8247
2802 7789
504 1733
2404 3016
2472 9496
1436 6468
1632 756
1561 4173
2509 3455
688 5856
488 3708
407 9767
277 6680
2254 8111
2459 3127
2755 7360
2374 9236
1463 1346
351 2693
2340 9457
1677 3603
1302 5405
2837 823
2047 3322
785 7618
1992 6513
2096 8163
2202 3596
217 1307
235 5418
1355 2080
488 6305
649 334
674 482
1297 5523
1612 9912
2719 7736
1841 4191
531 9445
1217 5141
1616 8872
441 7743
623 8146
909 9319
2496 6499
856 8408
1279 97
1870 603
2711 3592
584 5660
321 9839
1961 2506
2802 4079
223 9503
299 9740
1076 1584
504 5587
1860 4372
1703 8283
1469 2734
221 2320
1792 6251
2430 98
830 6305
1761 238
2901 5585
303 993
2071 5939
1564 5592
2522 7828
495 6718
1628 224
1206 2958
606 6655
2386 2511
2420 7824
2087 6700
427 8758
2522 2642
1516 4872
1178 520
2624 9474
2607 5111
1414 1653
2535 8855
1149 5427
1828 1279
2645 7643
930 6192
1725 6523
1405 8332
1073 8982
1715 5489
725 6250
2567 4651
250 4920
506 1634
1167 205
1444 3489
2636 9694
1038 5139
1945 8384
2418 1553
2787 711
2685 1411
58 7732
1985 8442
1073 7789
1133 449
304 7347
1043 4379
580 4
601 5637
2089 2767
887 2018
2022 8782
2602 6886
249 361
114 5570
2529 3750
1665 7335
603 4060
2132 9977
86 2107
681 1463
2359 9307
2310 7655
942 5774
415 3540
573 9486
2873 9564
343 4316
63 4167
266 2089
2220 3805
452 1543
1109 5729
2609 3138
771 7824
2298 6165
1008 1956
1927 4562
641 3137
960 9248
705 2637
478 8998
1271 9439
2554 1902
1086 4589
130 3822
2241 9653
470 4145
2251 2020
1647 9419
2629 9786
2209 1925
882 6700
2250 1439
2378 2895
1075 5870
1368 4469
587 1227
1610 9637
2387 3613
1428 3206
1891 752
1600 6067
2493 675
1594 514
2970 4913
1643 1703
1479 3791
794 88
1553 2783
3022 6836
882 9074
407 1400
179 1254
1220 2547
2635 7181
2331 6654
2210 1063
2212 5911
850 6707
1040 9131
1512 1650
130 691
1495 6888
633 9391
2923 6111
2029 8302
1144 346
1444 6277
1180 1840
1672 4004
1088 6672
2743 4646
944 3950
1877 1091
793 4231
1622 2601
1846 122
1329 6828
2125 7070
2686 2311
990 5840
76 167
1573 1384
2371 5260
683 355
2326 3947
2106 4064
2112 260
1003 7649
2474 3993
1286 9496
1790 2142
2139 3272
3015 7483
1338 3496
2156 6691
897 4975
2770 3662
1845 251
1822 7390
411 9383
2681 4108
2356 1616
2800 1217
1784 6008
1255 5036
1819 1007
1591 1189
1684 1574
690 7893
2831 2772
2506 3710
1979 646
2437 8731
59 9876
2457 7976
1389 545
382 7757
678 5433
1627 1976
1240 246
1988 2858
2163 7555
2696 3419
2764 1786
493 2453
1032 8932
2468 1581
403 330
1242 6968
1573 8654
1638 9798
177 6559
393 9796
2454 9687
759 2227
347 4586
2232 9822
2046 9987
744 9202
1835 3155
2845 6430
787 2479
75 9196
2674 3450
653 1874
15 6303
1506 4570
1401 3112
2001 9173
922 9929
1282 6505
987 9096
1104 6138
356 1866
1041 236
466 6901
164 9432
1641 9979
290 2218
1391 6137
1779 9589
223 7766
2502 6560
2521 1304
1078 4350
750 4909
2357 5774
1903 1564
31 9304
3 8171
354 1384
1729 5597
1392 653
2848 8125
2336 5687
2799 7009
901 1021
1888 7
1261 9529
2482 7103
497 376
298 8511
1065 7500
1217 8051
2474 151
457 2189
3114 3012
507 1128
2122 5174
2166 5208
2962 4773
2983 6588
899 3455
1306 8171
2533 7705
2670 9601
1540 6259
2055 2263
1076 9911
2853 1663
1133 5129
2227 2393
249 9240
2146 3893
2308 6253
1896 2952
445 4101
2495 8279
403 1084
2892 9039
112 3704
36 305
1476 1667
1507 4007
3113 391
1087 4941
3015 6817
1023 7549
1441 7429
2280 98
2052 6086
1943 1604
198 7233
467 6620
1161 6094
1286 9198
1900 5324
1588 6415
2879 1138
1326 2344
1022 4630
263 8285
980 9952
814 5955
926 8594
1408 9211
99 8803
2562 9769
1841 1490
1655 2931
1374 8929
2447 3810
747 9513
1378 9658
1123 4346
3031 3161
1786 7619
2114 8262
251 2694
2309 709
1582 795
931 6855
1110 8426
786 6408
1245 5972
1886 5838
1735 1066
692 1265
309 1694
1879 5703
194 7636
1405 2848
1591 232
2678 4859
2162 8331
2890 213
2795 6767
3153 2868
336 6138
992 1909
1862 8813
2990 6423
1233 5644
2453 494
473 1668
754 7782
1328 7623
1201 8175
1296 5264
1777 950
2018 36
1232 2962
2334 4318
36 1753
2969 1992
3044 7895
1962 9974
1537 7504
3097 572
1543 4912
1274 4191
2035 9870
1571 5992
1846 957
1645 1357
302 3991
2875 8393
2737 8320
1401 3654
598 9939
3116 3000
264 786
413 3594
1826 6846
554 9309
999 2441
2995 6467
2977 8582
1124 672
3184 6973
2889 367
1995 7361
2071 9082
142 9353
3200 851
397 4928
2482 5168
2018 9542
218 2661
1593 7033
2307 1421
346 9099
1703 8012
2156 5180
386 5669
3314 1821
2034 4953
2626 7865
525 7287
1294 6652
2797 1817
425 7105
844 2661
2060 8703
1557 5679
931 6587
2740 2308
2478 1405
3086 6711
158 6699
1756 6815
103 6631
1235 8214
3049 564
745 8661
2662 8790
248 6921
2160 9571
2368 5945
2453 9651
2180 5104
3137 5994
641 3027
3220 8070
1479 7743
2784 5356
1258 3820
1770 4233
1903 9571
1726 5283
1406 8244
3311 3829
682 5142
2173 8916
2420 4311
805 2030
904 999
3058 44
1133 1632
2176 3067
982 8255
1510 3783
662 3416
2503 3916
1218 4159
2218 4180
2705 7859
2418 3591
15 6043
330 9882
1409 548
805 7935
2286 845
1350 3215
1176 390
1492 4798
2517 7979
2825 5162
2873 5330
2512 2489
1286 4391
1351 416
3256 8347
2260 2048
236 4148
3298 9655
1427 904
2048 8794
3201 2240
1760 8634
3159 2577
262 8922
2386 4325
1567 7311
3294 2021
1033 6989
187 2070
3079 4132
2856 7457
2411 514
2909 7408
2873 7746
139 7813
1112 6659
878 1508
1262 315
1136 7070
435 1092
1683 2033
141 7155
2797 8792
1704 6338
2566 3347
59 2181
496 7804
1676 3332
2130 74
1424 3094
1520 3419
2386 4735
1043 9565
1958 5174
2585 1702
3415 6038
3043 6159
1112 3961
1650 6650
355 8948
2610 221
1236 9100
2252 2380
2888 243
1665 4236
807 8070
2412 7308
2818 683
2541 9648
518 1007
2024 161
1600 5359
3290 941
848 9062
3077 8578
117 2600
2465 7483
2897 513
662 2515
2837 8944
448 409
200 1216
688 8953
193 2005
210 4066
1928 7003
2028 5678
2608 4064
1588 9903
88 3278
1559 4911
113 3373
2661 473
1452 8592
317 914
1452 1020
210 1550
1180 8869
1758 1216
559 9278
650 8033
3183 785
356 8775
2645 8795
2334 726
2333 7412
1071 4416
755 2251
2420 902
1943 2782
2968 4123
2546 8345
336 6237
2592 306
740 2486
1398 4675
1495 489
2249 2367
1487 2712
322 3008
1867 7363
3035 9991
242 1608
354 6318
1291 6977
352 9310
2851 2990
3304 2723
978 111
1980 1439
1835 3373
660 3233
2611 3803
2432 4596
1905 6133
2683 3819
2138 2160
1856 9600
3119 392
1970 890
1711 2364
374 6620
639 8803
946 4983
107 3006
935 8319
1057 1243
3464 397
861 7568
1341 9937
2095 8018
1407 3604
3508 5955
3250 848
2812 318
767 8559
1346 6611
1055 5053
1361 2237
1644 1414
2380 3701
2384 9272
1045 3755
3482 2983
2686 1173
3362 7091
1472 9491
717 5528
2982 5305
2438 830
1195 6918
1626 6641
388 8990
591 794
942 2326
2606 5323
2688 3440
2591 5560
2047 9738
711 8036
1740 6024
1145 8313
1569 7066
1806 9454
984 9237
791 8662
1415 2052
188 6065
2931 7358
621 2751
3450 5980
2127 9830
1485 9188
3070 3073
640 7990
1846 50
449 9114
237 4117
306 5285
1395 2687
2327 4973
183 3652
279 6290
3281 7739
809 2204
1883 1867
1173 4576
2546 2842
1226 2324
210 2596
690 7388
2731 7929
2151 8118
12 6329
217 782
3070 1832
1869 2154
1062 1320
2227 5969
45 1686
1543 8613
2889 7838
799 710
3430 7500
2428 7496
341 1362
476 8580
2439 5086
887 7927
2013 9112
1745 7379
3095 6340
514 3154
2527 1948
3140 2887
1814 8576
3524 9692
588 4097
654 4701
2750 5296
2322 7284
1479 136
1525 6514
1286 8905
2981 3266
938 3966
3480 203
2731 9839
2489 3709
3522 4119
1157 8937
480 2381
2719 2593
2664 7230
1216 7094
2449 4886
780 8460
1972 5888
699 7282
1458 6585
33 2913
723 3877
2403 4033
2884 2416
2529 4299
232 3421
2957 5019
2989 9029
3445 8919
2542 997
1185 1944
2338 6173
1139 8952
3550 4796
2940 6278
2436 1695
3133 1848
3524 4557
1620 7472
2303 5993
3543 824
463 1031
3110 2418
2380 2258
1748 8669
666 2175
2428 2040
3192 2776
279 7795
974 6630
797 1669
1978 3405
1878 8909
452 4815
1702 8517
1606 3971
369 2470
587 9764
2135 155
674 7742
1141 7851
3588 585
2703 8637
3173 263
821 9220
879 2795
979 7912
872 4628
148 6184
3578 9735
2601 6073
161 4528
646 7150
2740 1626
2178 2414
549 2000
2158 9943
1848 4503
791 5527
2452 3916
3458 8223
2632 7629
2067 4649
2859 705
1510 7684
1131 9507
652 4787
3214 9186
1539 9756
2196 1246
1730 6315
1547 7820
3525 3849
1707 5611
1710 3222
2190 9804
978 1909
586 7231
128 6417
2238 3806
3570 4583
1923 884
2865 7075
3428 6946
370 735
1953 1975
1665 5798
2830 1535
2249 4146
658 2473
3720 3502
900 672
753 3805
441 3827
2986 8627
389 5291
1757 3733
1367 8119
67 177
3441 1703
1810 1332
1074 6778
2207 6535
246 1966
2301 3669
2359 7794
149 8030
2215 3950
3250 5399
855 1143
3234 6096
316 2034
478 140
1483 1943
2748 9131
629 1175
646 8519
737 2599
2554 7545
3324 8981
309 5893
2546 4065
2087 7943
797 3274
3299 582
1854 38
2089 7118
3128 6991
2573 1377
12 5018
115 179
2648 9556
17 5726
2879 680
461 5652
103 9169
1558 3654
1368 9517
2127 6848
844 8724
2300 6928
664 914
84 6173
1745 4098
760 6289
3026 8142
250 7917
1108 2617
2897 7340
2986 5426
2781 2479
1518 6628
3350 8986
3626 1204
2083 4701
857 9589
3564 2461
1998 581
3022 5375
3084 2316
1192 3197
2337 9176
175 4686
3494 4669
589 4616
3766 7196
1063 5501
285 3487
1932 4123
3668 9880
3639 9830
2998 2220
2410 5538
3671 1408
1131 5241
3532 1598
839 231
3156 479
3648 8054
2716 2394
3261 5666
733 1907
687 7529
595 1328
1915 527
1366 7504
3584 6442
1638 4496
3279 6386
1248 3299
2925 1
1299 7731
2340 946
3142 1554
222 7812
2073 1775
3517 27
1551 8568
187 357
2441 3648
2827 1361
1353 6901
3745 1481
331 7610
3176 682
2081 5652
2256 3051
1239 723
1677 5279
381 971
1 8977
221 2143
2892 8424
2107 7881
3710 7548
3815 9221
487 7845
2729 2751
74 9543
1829 899
1372 3025
2283 2004
110 2887
1272 8895
1084 1788
2475 8326
2222 923
1893 4381
1224 5819
2799 5028
450 7897
1644 4699
373 8670
3218 3731
605 7764
3511 2246
1904 499
1556 1122
3642 2737
547 4030
2222 5713
1929 491
1703 6729
1781 1479
2906 1848
241 2866
1335 5993
1638 6787
279 7555
976 3315
3370 8623
2604 1242
1536 7010
2405 4731
864 6621
450 6859
1266 3469
2128 1388
68 9909
2965 8380
3218 4057
242 615
2226 1018
777 1362
256 2568
1182 9593
858 6032
1376 144
2493 546
2656 1249
3042 9156
3861 6086
364 9894
1765 9764
2300 8427
873 7347
2648 856
2487 8319
3541 9718
1184 6114
2907 5040
3120 3352
2274 6602
2676 8869
2201 4727
1743 9025
2162 3173
3922 4751
27 9752
479 2548
997 2694
3564 3547
2289 2321
2216 5882
2963 8772
2090 1768
1159 58
1047 6137
1464 7494
909 8700
1265 775
1023 1113
727 3969
1539 9588
3362 3598
527 7907
3615 801
1556 827
1349 330
3767 3601
3695 1330
5 3115
2479 5324
2696 3285
1224 1410
3207 9054
252 5585
1710 2686
912 5593
3571 8752
3181 4069
3035 6393
2209 3554
405 7389
2606 8906
559 5193
1878 1481
3667 1900
454 6851
3585 8172
3836 7807
1651 3413
1100 4000
1454 6195
381 6558
3445 7083
3029 6232
1430 159
1462 263
224 5774
2863 924
2265 1357
1272 5411
79 4325
2435 6437
2511 2426
3498 9680
1891 6176
2355 2856
1850 141
890 1949
2089 435
471 960
303 9966
185 7513
1442 4042
860 3737
2047 6817
193 1123
2609 4138
2341 6775
3029 153
872 5364
539 9579
3008 9284
720 2219
2189 4235
47 8814
869 5804
1210 3530
2262 3191
2254 8478
1376 5496
3026 1992
1926 4744
2372 8532
877 849
227 5631
1783 9739
985 1616
3591 3812
1711 5705
3005 5689
3555 3560
2621 2424
3653 7219
3628 7648
3287 2017
1677 2877
1616 1648
3039 5844
2441 5662
628 2522
2473 4925
1399 4894
3214 8372
1914 4330
2585 9277
1788 6221
1582 9677
3928 4226
1338 9423
1757 9290
3333 1126
1319 8419
1889 3547
2950 4870
688 4440
116 3239
319 1801
1827 9533
2279 4117
857 519
1226 5650
1894 4385
3546 7566
2020 5808
2636 4221
1251 1369
1242 630
467 5408
3440 8070
1907 231
823 3599
4002 552
2793 2336
2540 9459
4060 6283
3026 2175
2604 425
3041 5953
2272 4167
2281 6248
2120 9265
1158 6045
3964 1747
908 1294
2184 6527
2107 2042
1598 3873
3882 9349
2098 2468
3357 2718
3787 5423
1924 9248
1413 5879
1117 6556
1869 3810
3987 4256
888 6064
3128 3109
1532 2579
1648 7738
1292 5831
2043 1532
3318 9301
1172 8398
603 8693
3981 5646
1818 866
2838 6161
3521 8624
998 7694
3367 1493
3492 782
893 2080
4046 4136
3456 9788
3848 7189
2310 1055
2990 5611
221 3980
153 9608
1766 7223
1684 5861
1016 4834
3011 1766
2830 7944
2091 6654
2411 4895
660 6210
3544 7782
712 4790
701 7911
2787 574
716 2918
2675 7677
2676 8370
3222 4621
1756 2071
28 3380
2314 688
1399 8599
3776 8563
1419 2240
4006 9491
678 6952
2708 5556
374 917
2843 9995
1440 5169
2374 1191
2100 5557
3427 1221
3480 1334
1951 1394
1102 3642
565 6296
939 4577
901 3867
3049 8847
413 317
3508 404
1602 101
1285 3486
2121 6969
3874 2681
817 2904
3028 1050
1919 9897
2388 4268
1124 2588
1455 590
2067 7026
1726 4388
2385 4679
1841 8668
3366 1512
2088 5664
616 3198
3355 1261
636 8336
1178 1959
3579 390
106 5966
3235 9907
1935 8725
3431 4049
1505 3092
3434 3568
3200 3009
1850 4355
293 2383
96 2673
2073 8377
1198 5178
3166 8478
1700 9315
981 5734
546 2037
2988 4941
1710 8697
2419 2498
2114 6290
3879 3203
2351 5467
2728 5720
3488 9057
1217 5711
3343 9383
2928 4160
4180 5482
1218 5178
3407 9009
1307 7526
3871 797
2272 5281
668 6189
751 2560
2547 7574
3609 250
1945 2480
77 7172
1104 2663
1752 135
3164 2817
3765 7286
3676 1248
725 4295
918 5159
2242 4363
102 9191
3519 711
2939 479
3044 8574
544 819
3658 1498
3873 3618
1955 300
2529 7835
902 4541
1595 5828
235 8281
223 1102
625 9893
1231 6250
2046 1818
3382 4254
3654 9667
329 5671
1958 7077
2272 1761
3457 2852
2121 7588
3138 2097
2419 9633
1302 5783
299 1964
1921 7765
413 7815
1472 1242
3416 1131
413 6649
1752 7833
3077 4046
2580 1862
2270 3808
3710 4338
1317 8985
1181 9703
3066 9928
3880 7900
2482 4547
3278 1039
255 9759
1092 2840
3406 4021
3903 5404
1752 4843
427 3132
3705 4657
2729 2963
4177 2281
1027 5527
2958 1607
752 7900
1118 8125
2160 3897
2696 6665
3223 3747
2655 2308
2019 7483
3380 8119
773 1259
3848 6478
1565 3126
4188 9860
807 6919
1323 5531
1079 7514
2750 7399
1341 5534
1978 2926
2094 9936
2921 2245
240 5174
3159 2440
3099 2146
2751 5060
1015 9680
2947 5308
2071 9549
1192 1533
3182 3808
4292 2671
3867 7068
2439 171
624 8736
688 4937
618 1053
689 1514
1584 8675
1854 803
97 1476
339 2031
4135 2299
2291 163
2278 7918
2445 6895
335 3241
3063 7992
2909 4771
999 8571
708 9455
2333 1596
3259 8660
3302 2893
2828 3238
3845 2768
882 3294
1130 2410
4319 6354
2751 8379
448 8761
1342 6469
225 1180
2714 6323
3887 9593
2978 1508
1023 6395
2748 3265
77 1178
3901 5411
936 342
2744 5065
146 2335
3183 6722
3798 1553
2052 6173
332 7072
3144 9024
2704 831
3952 9524
476 8235
2886 7705
1873 1002
4143 1164
3338 9687
650 6848
3802 7623
3968 5829
585 8632
3903 6207
1557 6709
657 1300
1864 1256
1554 8602
73 2082
3622 7875
862 7652
2721 1018
1986 2577
3375 5116
2165 7680
2287 340
2091 3284
2103 1548
2130 9943
3081 9615
2851 4588
3717 252
1572 3904
3866 9710
2226 9660
3749 6893
4279 1293
2849 3176
1445 21
4252 6788
642 6024
3645 6697
1823 5041
1399 9723
321 7559
2465 7017
3809 7378
1302 2014
3302 421
132 7097
1054 8331
2322 2991
2306 5931
3400 8577
151 9816
360 2765
1336 6735
284 9203
1412 8853
1977 6250
3822 9614
3224 9814
2045 6383
2780 4765
3967 879
1634 2968
3604 3775
1091 4422
1485 7196
1925 9630
2815 8474
377 1188
2547 1739
1321 8843
3185 6506
2764 2823
1746 6954
3602 7490
1741 7238
868 6953
503 429
1212 7828
912 765
2776 3421
3180 5511
3010 9872
2067 6768
1944 3828
155 2187
2222 6047
1956 5483
3294 3299
2348 4065
1013 4663
1874 3187
2391 7384
1910 6581
1132 820
1474 8614
2492 3256
2707 7862
2511 8047
1060 8634
2394 810
932 4723
3660 3007
1246 8036
193 4243
3911 1372
3491 6415
2692 8359
3040 3718
3034 3663
2054 6213
2662 7580
1392 70
3990 8537
1485 2826
3157 6235
3557 7260
1314 5161
215 462
1022 810
1267 3371
4002 727
501 6175
2250 2536
4094 6065
3307 8264
1952 832
1347 1180
460 6461
471 4416
3032 3601
2677 8459
763 8222
3928 7989
4374 490
2740 6415
2091 189
1522 5183
2447 2776
1529 926
3647 5036
1240 9882
199 240
1244 8811
1244 1575
2067 6285
933 4901
2531 5027
2071 987
955 559
437 5391
2891 6207
1562 4265
327 1471
2267 3999
2114 3025
2958 6375
3743 240
2939 772
1985 5385
157 7363
2816 1229
1669 1176
4087 2443
3900 550
903 2506
2544 5588
3392 6475
2749 1911
1111 7552
1366 243
1943 9322
2645 8930
233 9840
2882 9502
2824 4826
1347 1088
1118 5097
2336 5318
3365 4647
3450 5332
2944 6870
301 6057
3618 1466
4 4105
1906 5540
4456 1620
406 9546
1810 6230
4375 7562
2911 446
3892 7509
281 333
1679 2150
1591 7496
3146 2505
2876 8129
774 8026
2740 2913
1676 6244
245 774
4146 1879
3183 6855
4441 6849
3024 9337
1726 3926
4003 4305
791 9349
3893 1461
1533 8253
2947 7024
1597 2139
820 3878
1744 7927
3270 3015
1398 3700
4553 1769
1837 5322
2131 7197
4402 2867
2836 4102
3092 2257
1902 2226
840 2308
265 6816
3485 1647
3893 8103
4273 1567
312 2108
3149 1408
1109 2169
1665 8194
410 8738
2280 196
118 3993
1293 1662
3481 4110
1096 4879
4528 7699
111 6521
3318 8143
3675 5041
2080 7065
1293 3499
3471 5673
3615 3998
4452 6242
657 8326
600 1806
2865 350
3528 3720
4345 3730
3168 7767
170 787
548 3166
859 4728
2318 5960
2331 2263
1577 9751
2434 4490
4457 7070
3339 3481
933 3134
412 1999
1044 7194
4383 2530
3633 9521
2230 1282
797 3850
4058 4915
2160 7572
2174 6015
917 7960
3087 9127
4598 7331
791 38
629 7044
2469 3289
4155 6629
2035 5143
2898 6926
3263 7415
3573 5411
4159 2370
3181 1179
2136 2817
163 3849
3307 6817
3961 6144
4210 3781
2455 2012
1826 908
4063 1995
1779 2867
3185 2537
2436 6191
943 3245
101 2788
2602 6355
227 9331
4586 1056
3738 1276
3879 1295
3381 1388
1055 8513
4312 9118
1308 1778
3256 2003
831 5960
235 4327
3224 5717
1810 1931
2473 5202
1515 5687
2423 5194
1936 4309
685 9466
3349 6172
3816 253
2008 318
481 5020
3176 122
1061 2299
2225 7103
2970 2803
716 9838
333 5435
3533 373
2468 6399
641 3496
427 4997
2210 2671
3727 6579
2002 7443
3540 3940
595 1111
646 3773
1230 9754
3730 9258
1627 4045
410 5203
2769 3833
856 4384
900 1444
778 6026
1857 3911
3778 4365
2854 9682
3252 2364
4035 9976
3636 5954
1083 2648
301 703
2230 307
4574 4438
2122 3569
4370 2624
3476 4845
2571 4685
2022 2802
4145 297
1980 3095
2163 6699
1867 9878
2216 524
1727 534
1554 8924
605 2832
4325 2371
831 429
1889 749
3946 3574
3865 3901
4343 7586
3066 1418
69 435
4193 6518
2724 1293
1466 8710
2629 9094
1210 2305
2428 6249
4317 5250
1986 5818
2365 787
2289 307
3461 1376
2211 712
1814 8457
98 9379
1080 4623
3679 7558
137 9591
822 1761
1622 508
4219 9249
2003 581
1990 7633
2026 86
298 2105
2478 4173
341 1087
4724 5680
1428 9173
3903 5435
3899 4679
1381 7184
1949 5763
1592 8686
665 4535
4506 1284
2472 5588
4294 1239
1500 6552
4017 7378
2353 6107
2182 5604
1480 4841
1603 2140
3687 2028
1466 6705
753 2869
2847 7274
1506 8139
2311 2152
3640 4626
3659 2491
3909 9965
244 449
3918 4166
1933 4172
1960 4368
3697 9738
1666 9621
1195 1523
4482 103
3454 4797
2975 7005
4027 7892
1444 6242
1798 7385
3144 2765
233 9346
905 5029
4085 5945
2105 1244
3395 4174
219 8510
3575 370
2879 4302
1975 7276
163 1934
4588 9894
4487 6106
15 5309
536 8750
4227 8478
61 4142
686 3101
3121 3791
1513 4287
1753 5429
1408 7453
542 702
4709 2028
1489 2587
2749 4202
2645 8544
883 1648
1806 4509
4086 7572
4012 8775
4062 3718
2885 9872
3601 5230
2336 9078
2155 8843
2350 8768
806 4026
3764 8263
4427 8195
470 1140
2559 9251
104 6388
2592 3426
2072 2060
3728 5487
1491 7524
2437 3074
1216 5748
1852 2182
2831 7166
2441 1386
4467 2369
170 5072
525 3919
4654 9434
3283 6057
3981 5926
2778 2070
981 1340
4403 609
2039 1235
4677 3930
929 533
3433 3533
121 2994
1731 5516
4573 1949
4377 3472
3740 2738
1821 2742
2444 460
1637 5496
3013 2034
3085 4664
3950 8315
3888 3637
1019 2210
3112 2965
4397 2367
1988 4941
4170 8122
4392 2954
4587 3576
3319 3809
1265 1702
2714 1257
2137 300
118 6672
1686 7434
347 858
1694 964
1868 211
1094 2811
1733 4094
2984 5339
4404 2071
2504 3196
1331 7760
3564 6637
1983 2202
1379 8728
4159 9449
1927 7387
4570 8045
1540 4588
4142 8557
604 6994
840 1266
3951 3274
4089 5011
3543 7585
3214 6378
3100 9037
4343 2647
4709 4861
2109 7819
4424 196
4507 4721
3617 976
686 4169
1951 8310
88 1311
1672 9047
4341 402
1317 8785
4378 8279
385 2848
1637 2095
3869 6133
195 9842
3448 5891
3749 9823
839 4007
918 4460
3173 7167
2945 1621
622 8705
591 745
1382 2614
1522 3248
4 5593
4213 9424
957 1645
4843 9352
3640 7889
365 6400
3034 7670
1739 2007
3000 4010
3403 9001
229 4616
2920 59
1207 7885
2858 5454
849 6898
169 3005
1804 9887
2672 8612
3436 8929
4344 9117
1888 4827
4041 9639
4206 787
4 1310
1590 1875
4052 5143
4617 7290
4697 5224
3966 9699
377 8985
933 670
3147 6480
880 9987
1636 5850
1067 3160
3417 4028
4690 6731
4103 8181
899 1710
1791 5168
4307 2079
2444 6098
1315 1113
2091 3825
538 7680
2286 2264
430 1162
4110 5955
2689 2855
3357 5411
110 4285
95 8307
1425 7015
393 394
1685 7069
262 6941
4803 2214
3957 3426
2019 2947
830 4442
4598 3091
1542 319
3124 8112
3835 7650
3254 5913
500 1070
37 6507
1415 9957
4055 6557
4169 1387
1139 5898
4805 4642
2094 8017
1626 1194
2365 3387
3204 6501
3618 4126
1911 7425
3532 6419
2532 9736
2954 9220
898 4816
3896 9896
4659 6223
4840 5924
2734 2380
629 8829
2507 9838
264 8721
2755 9634
1692 4230
1539 2838
801 3906
3213 8435
1663 9581
441 1708
1925 3215
4411 1446
2623 133
2996 6669
1283 2297
192 5999
944 3260
104 6555
1048 3542
113 7132
2667 2427
1629 6888
677 5498
374 1477
4089 9259
2239 4864
4556 8391
3494 5043
1995 5242
3034 8501
790 2621
4380 8259
2566 1641
2386 1851
433 7072
1179 6955
3382 7824
1877 5059
1795 5375
2554 131
3427 4032
1615 9457
2277 8115
4294 540
220 5782
1249 806
3223 9699
4351 4498
1772 4561
2896 3034
3354 5020
3536 979
2670 760
4917 7430
975 3394
2401 9188
4359 9964
1568 5857
2047 8620
4587 7957
1139 4733
4656 4373
1928 4972
1948 5884
1451 7702
3215 7578
2640 2116
4353 9259
3050 3427
1783 7474
4382 2844
1702 4964
3980 6130
2862 5545
4199 7020
337 4147
4087 7076
3334 3005
1834 4427
351 9258
1439 674
1638 7472
3268 9513
4426 2982
797 6632
1142 5970
3885 4616
2219 3637
4002 1357
1740 9443
742 5554
3016 249
3994 7280
562 4186
1296 2636
4032 9384
2064 4241
461 8997
2767 8645
3873 2210
3059 3846
7 8413
715 4135
4630 3213
3606 9990
1608 1660
3213 9671
1127 8737
2689 5655
2373 873
2655 1909
2841 8772
862 5683
132 9793
2277 3817
1047 9385
2343 3409
2129 2156
1845 1883
3908 7844
563 4574
255 6207
2793 1284
1768 9858
4623 2535
3750 5926
1248 9334
3474 6879
2179 6006
2505 6186
1980 9127
445 4283
3003 9121
3805 4647
2837 4882
3945 6000
4425 4380
636 7829
3085 2793
1753 8230
3438 9660
4433 4089
3552 5538
1311 3524
714 9911
1042 8578
3629 3570
2146 7663
4625 1647
593 5661
5157 298
63 2276
4218 4989
4675 1296
2801 5346
4788 288
1736 8600
2819 7894
5156 7363
570 7295
260 3084
4080 9830
3690 1968
905 7248
2557 3907
2789 5101
4878 9259
713 3871
3075 7776
4548 8399
4936 4687
1117 6866
192 67
4292 568
363 6355
4215 754
3398 9447
343 4585
1428 7106
4917 218
1909 1170
3114 9575
460 9654
3744 2443
250 7220
2093 4709
569 4102
4756 210
1545 8652
769 7426
1876 9117
726 1227
4343 6739
913 5879
594 6691
536 3129
1064 5229
458 4103
2257 3682
401 4743
2287 9672
875 3962
1656 9086
2410 2418
4698 6817
2972 8889
3888 73
4704 5291
3283 6669
5092 3343
1689 2763
4062 3207
681 7068
4359 3318
4850 9596
70 6121
2896 7719
4740 2874
3092 1984
3498 883
255 8194
1080 3352
134 700
1778 2667
3339 5370
5014 1568
703 8504
4511 8811
4856 8466
138 3269
2035 7429
4792 2232
2947 200
4420 2148
3456 8978
640 7232
2874 9436
5220 4985
4168 645
1160 6516
4247 333
2018 4173
2634 3404
5022 9395
3225 3205
2766 2192
3737 5869
4378 2511
2210 2136
3764 3826
1219 9943
675 9036
3801 8859
1113 3189
958 5115
1082 2080
3425 3243
3740 7604
2611 399
5162 9784
1825 3037
1536 2451
3819 8820
2944 7015
3328 797
2703 9246
1774 7647
26 5956
1278 4098
10 8304
504 8393
2963 1446
2390 5941
1821 8864
3587 7080
825 1559
3635 9829
876 9556
3770 4646
2018 999
2296 7954
3913 2509
3392 6493
1867 1142
3260 4013
3558 2859
2983 6320
2796 1404
4706 4235
4966 7766
4639 7295
4486 2562
3350 4664
3421 6133
380 7260
1076 9441
829 1635
668 4893
2664 3985
2890 3093
3117 5456
3899 7311
1575 8115
798 369
2251 7826
4652 3572
2655 4522
4903 8987
4043 5373
2599 3468
3268 9654
2408 3840
2554 7454
2992 3681
2760 3017
3090 8596
4854 2897
1898 7801
4636 3669
5049 4747
1831 6651
3730 9662
2648 6570
2070 8070
53 437
3116 425
1980 6012
2782 9783
1203 9359
5040 820
4393 8508
31 8038
3256 6026
5329 7663
4187 6021
2529 3129
1843 3498
1166 6234
2086 7255
2597 9268
2447 2669
3583 2827
2714 9786
2449 4622
195 1631
4479 6371
3731 6987
4480 9882
5177 5155
1711 5414
4351 7889
4264 8556
4743 6184
3138 1507
80 2197
4968 962
3623 5175
2128 5846
4021 9777
5166 4369
3406 163
1303 5804
3897 4299
3442 6410
1246 9686
1289 5510
353 1966
1753 4377
4802 8191
3841 8723
2140 9562
1650 4822
1676 1308
1292 4733
1934 8514
2805 892
577 3078
3115 7355
4121 986
1302 4505
3349 9414
851 3908
1852 7292
4183 7349
4982 3770
1080 3409
1893 1441
3590 926
4733 9078
5031 5760
2983 2763
2092 6555
185 6092
5110 5211
1573 9441
4711 9792
4271 6656
4340 3265
247 2062
2523 9539
2545 9217
2560 369
128 8118
5099 9456
1449 1090
3086 2825
4672 778
4596 4281
1616 8077
4538 8433
4343 9412
2147 3950
4782 1772
2529 8332
5351 5262
1111 7170
3995 9063
2528 3169
2334 501
789 9875
865 4109
5092 3888
4679 5909
340 1850
1860 3237
998 2700
937 8682
3725 5396
1068 1941
2068 1817
1679 2869
4399 2380
1467 7098
5215 2216
3567 5350
3327 1442
29 4638
3599 8176
2345 1503
1232 5708
3674 5229
2445 497
5374 9137
2071 8117
4528 334
1800 7221
1050 5934
1257 6484
3472 7342
5306 2643
4743 5214
3827 6615
1053 2987
1398 6061
5229 8142
3283 5205
1882 4433
4114 587
3395 3593
3309 610
476 3656
1650 4639
2357 7505
1944 6193
2022 4991
4486 5793
887 3852
2995 8393
1018 1296
257 4395
1821 2367
4099 64
4688 8152
1539 6472
4344 8432
4159 2345
1936 3528
4965 5084
4860 9251
1443 3857
3458 459
4563 4532
223 404
3268 7468
2336 691
163 8804
5141 7362
5379 3307
303 6771
3929 2902
1216 982
3028 2850
2424 1455
129 1790
4547 5842
5088 7459
5485 546
3088 4945
3805 2515
1442 7981
50 5917
2735 7583
5068 3527
3301 8646
296 8508
1848 4228
3771 2326
2777 9136
3851 3866
4712 5002
4553 1236
4109 2263
3851 4101
1577 4711
4570 6917
4424 1635
114 8828
4491 8160
1482 3454
1112 7312
1572 8405
142 3884
4738 469
428 6171
1326 4178
5077 5244
2151 997
4990 4010
5283 1826
2928 9123
1385 7100
5510 7528
4811 1965
3995 1016
503 3427
3775 1045
5024 2565
4980 7909
4546 6146
4834 5937
2762 2071
2425 6688
2231 8774
444 2872
5409 4929
565 3741
3792 7111
2777 7179
3612 3712
1061 5810
541 926
2128 8846
4811 5922
3307 6062
4250 960
838 9649
3503 7903
2922 7304
2279 7002
3721 1268
2440 8598
3124 9108
1565 7939
4740 3213
2306 3341
1876 2383
1723 2575
5074 9467
28 5511
4516 654
1817 8905
928 8477
5298 2406
217 1563
5461 5954
702 8300
664 7853
3052 4300
4057 552
5452 5216
3448 8508
5123 7654
1129 4271
4960 8117
4294 8508
4844 4319
3237 2472
219 8854
1903 664
2037 1785
274 9855
3307 5619
2286 7941
3373 287
3377 8984
3310 3714
5102 6252
1054 8036
5096 5912
3818 2473
2627 4182
4945 3506
2737 7353
2284 9399
4597 354
5495 7377
3316 1932
2645 6161
1238 2548
5353 7497
3231 5133
2473 4942
1027 6516
3981 2051
4187 3532
5516 3689
1564 1124
1936 1716
2469 1303
1180 5432
3164 2448
3644 9731
2475 7649
2459 3232
1897 3695
3409 2485
897 9269
2752 2407
2188 4591
5638 8561
416 9098
1642 8424
383 2271
4275 1606
2595 4248
4450 5067
2373 906
5208 8383
4510 3738
1298 7611
3188 5820
4806 1837
3625 8339
66 1402
2039 4300
1030 152
4106 2481
2823 8871
1099 5638
1214 1844
5580 2958
667 3543
2854 6625
2180 1905
4403 3070
3376 2426
4124 464
65 2246
2808 3834
4391 6842
3161 5677
4244 1773
4205 8623
232 3974
3011 1516
1184 6243
986 4354
3004 4200
2161 4960
4125 2112
1250 467
555 2676
4886 1625
4398 6992
1960 9151
2669 3117
118 3519
2826 8127
4335 4187
1585 4256
4618 6695
3793 2533
5508 1909
873 8973
4485 8695
222 7258
4705 163
4805 2358
5220 9009
5410 4132
2818 3970
915 5993
1222 9696
4951 5652
5086 1892
5669 8455
5455 6592
4812 8177
2825 9036
2398 2838
1314 1019
5498 7525
1509 6714
1219 2330
1807 5480
1749 864
4023 5311
2845 1703
3227 6376
5259 1002
5615 5171
3948 4329
2542 5773
1242 3811
238 3422
4984 9554
3679 2290
5104 8669
1483 7855
5161 5325
479 1829
5270 5749
136 4092
1993 4653
2060 648
2471 3840
3901 2963
1203 8005
2597 2479
280 5547
3635 5651
4849 3757
1725 4404
2628 205
1098 9974
2133 67
2807 2931
1273 7240
3213 8326
13 4956
3656 3801
4567 2631
3921 9557
960 8383
714 8404
5501 4105
5514 3937
5162 2974
4383 2661
3877 4211
2064 1181
1456 9919
1739 509
1390 7757
3783 7680
4959 2928
1827 488
2437 7825
167 5128
2523 8382
5169 7684
1566 829
4750 4363
5390 6179
2588 3881
2823 5020
2548 1594
242 7641
4909 7440
3870 4552
1985 3649
635 2826
1699 7383
786 9500
2728 3451
3518 3637
1319 5337
5665 7460
2028 5934
3883 7748
342 9465
4381 6192
2601 3530
1362 3395
2387 5252
5273 2662
5632 7024
225 1253
745 6598
5498 6803
4170 860
5257 2903
3954 215
3516 6502
1981 5072
2739 8764
602 491
2066 2483
5491 7900
433 2061
566 5199
749 7504
5757 1108
494 3278
473 9817
5051 9370
1800 6369
1934 9986
1035 5313
4481 8612
4784 6605
1654 7800
1977 968
1307 8912
726 1107
1513 226
4146 2769
4392 3624
5515 818
1486 8514
5583 7501
10 8284
3835 7483
1258 924
2921 5101
2653 2005
843 3430
2567 4839
3960 8735
3202 7739
1511 7312
1733 5941
1289 5088
1439 308
4580 6666
966 7489
4105 5724
1705 6923
671 1840
652 7124
5766 1039
2079 1497
1024 30
2621 4904
2427 2434
889 4698
2539 1715
414 6303
3571 9431
1637 2495
4170 2614
3029 3943
1777 3850
4510 8651
24 3678
3816 6126
1503 5734
4284 7181
1128 7560
3863 9205
2566 4656
2848 5560
3415 2073
1129 861
2234 2201
5289 4247
4382 5191
788 5821
4381 7584
1802 5651
2515 8338
3815 5903
4588 2527
2079 2262
2537 8280
2149 1203
2254 6088
1268 5503
5377 8264
1615 8560
942 4774
606 4680
2820 9828
4986 3204
5847 6095
5084 4185
4278 2350
488 7073
3513 9870
2435 6674
2002 2827
2797 7089
2683 1080
2203 5576
2563 9356
4061 3271
1970 9408
1183 5342
2148 1527
413 4023
1483 5944
4904 2752
3249 1169
1447 2091
1867 316
4972 847
3465 3162
2486 4035
579 3667
3415 5032
5038 4747
1244 4642
2181 1446
3473 5682
4482 507
3617 3557
1489 1393
1536 2311
878 5111
5142 3091
903 2427
3518 2919
3486 8024
3008 2965
2891 121
1845 545
4679 3180
2519 5291
4719 6565
356 6051
204 9804
2906 1235
2559 3117
4260 7896
5655 5383
2865 2648
1724 3564
5498 9371
2260 8491
3663 4467
3363 4476
5768 7882
5839 8378
196 903
1679 6704
4772 4797
1729 2290
1749 2406
3239 6443
1630 6675
3019 8337
2976 2501
3896 3090
2291 9893
3467 6690
3581 2395
3915 230
5022 708
1989 29
3232 4277
3253 2388
2555 7566
2825 3441
1087 9122
2673 4231
5366 5598
1796 1164
5687 4426
5674 9982
1347 7746
3929 9195
267 6489
743 2801
3829 6994
2232 6814
1160 9431
1364 7876
257 9180
4550 2647
3188 8589
5223 7176
2294 9315
5234 9732
4022 2495
4358 6512
997 4851
4389 6917
3831 4711
4204 7208
5594 5259
1571 4192
1243 7544
4078 6998
1598 2891
2435 4136
4896 3700
320 8392
4594 8268
2619 6489
5152 8124
442 7345
5907 8396
3707 5246
3485 7193
3429 6276
1285 5783
2322 6867
2452 5361
3102 5025
1296 2930
1989 4704
80 4370
2318 7273
94 581
5020 9947
1073 526
2883 6658
1664 9550
2272 4162
419 2429
5753 8234
5586 459
83 6538
4855 8429
2442 3773
2607 5622
5225 2301
1971 5670
1108 7313
675 8743
3416 8376
5178 6462
4106 1756
3578 8630
787 8629
3229 3830
3330 4010
3719 6379
5988 5139
127 5031
4864 2416
2233 1463
978 8685
5605 3832
5714 5748
998 6821
3069 6269
4694 7300
950 4012
515 2768
2275 708
6030 7774
3181 8188
3092 6242
1016 7453
5826 3044
1648 4890
312 3662
1006 8048
4764 4338
2440 1736
1517 4093
2717 3985
3748 3173
366 6628
1643 1837
3230 4019
1561 5728
137 5966
227 9384
4157 4777
45 5316
1786 2950
235 9584
1482 562
2267 6448
2149 1648
2966 9973
151 8499
4809 3276
840 4370
833 3480
3214 3308
2847 1513
304 7457
5716 4488
3347 8474
3357 3903
426 8230
4476 9845
4916 731
1325 5536
3848 7352
4556 2071
251 3724
5269 8958
3319 5112
5510 7568
4896 4104
4430 9429
1845 8603
1650 1187
565 2879
3312 4805
4405 708
531 9897
3428 669
4711 5451
5481 6264
5103 6962
4457 1189
4086 4835
1971 6306
2858 6886
4947 3604
5614 5308
3814 6032
4726 8925
412 8644
5153 601
2333 2618
159 7307
207 1553
5268 8615
2887 5103
2071 1062
4248 4912
6121 9097
4520 1814
4135 6399
322 2105
3721 9489
5700 9362
1102 1403
663 159
2673 4337
3153 8455
2600 7242
21 7508
3936 1253
1261 8318
2924 9907
5125 1531
2318 414
4841 9540
5037 9804
3636 7453
2928 7232
1846 4722
850 1854
222 9533
290 3714
2201 4040
2358 4869
5909 5465
3355 2924
3378 7597
5275 6918
3556 1798
4752 2783
1487 3444
4362 4348
5098 4994
1581 5436
1005 6761
5722 4711
3538 2131
3718 2145
5756 6328
3747 275
3415 7732
77 6985
1845 9540
5502 9352
2432 5196
1410 3575
6155 4031
2757 4683
3296 2336
5138 1806
2723 8296
5550 223
4475 5654
1051 335
720 4830
450 1192
4806 3126
1502 7902
2575 1114
2304 2812
2665 5893
4902 9419
4554 4629
4734 7773
5845 8360
3144 6143
2550 5015
4257 9673
5445 3971
4942 5591
5648 6667
355 9521
2473 129
4304 2879
1162 8834
3586 2237
4390 6832
91 5181
4286 4820
5943 6299
4245 9807
1584 2300
1072 9731
705 719
1646 5985
5115 267
2759 8615
3326 4173
1380 4784
4211 5455
5407 7613
2789 2793
320 9845
304 4913
1487 9225
3383 9302
3864 858
1223 8574
5619 8217
286 9742
4752 5065
120 407
4495 5679
857 436
2195 7416
4661 9007
795 3634
299 1652
6173 6318
1316 8966
237 7743
4555 2128
2156 6737
3463 6653
3334 4857
500 5718
5650 1678
3706 9128
4292 4055
2856 7612
2926 2135
1661 5067
2276 4355
1219 9764
3721 2203
5914 9561
3326 1579
492 8447
6051 954
384 8524
57 3790
5734 7146
2648 4190
2637 3759
2588 9729
3822 2463
4816 5551
5305 7819
3119 980
151 3756
2489 8684
1009 637
86 2250
4134 5765
6214 4087
1515 9364
283 9155
5728 3272
324 143
1730 9532
3892 3586
300 3633
2779 8276
1596 8445
423 4733
1163 6816
1091 9264
2435 6770
6298 4449
4129 9074
3036 9460
2542 312
4011 3898
1303 9468
5893 5115
5894 4751
1277 457
1836 2581
4348 591
1815 1542
1825 6793
2747 7693
3074 5970
2550 7764
6202 3336
4383 979
4907 9784
4819 6095
4556 1647
903 4735
2355 1395
5621 3779
2910 8547
5471 2071
645 967
2513 6990
2971 3312
3015 5210
3660 4857
6144 1646
4811 7213
4349 8443
590 5966
3784 338
6019 196
1783 5950
5166 872
4267 4351
5992 1240
5542 9084
2746 127
5282 1152
2736 5321
4613 3191
4288 8789
262 6001
3150 6395
2221 2934
4986 7142
3749 3355
3773 9406
2155 3345
3066 1580
32 9089
5727 7733
4297 4110
3448 5431
58 9685
1053 3284
218 2520
5773 6028
5716 3160
6129 6350
3539 9061
564 1826
6213 2277
5289 2919
3085 5090
2242 1757
5196 9181
3810 2735
1636 2188
2350 4824
63 9269
2713 6028
1101 9942
2420 6139
5305 1473
867 4157
3107 6763
1521 4327
4430 7300
5315 197
5832 9935
3951 9432
4505 2700
5470 748
4764 1637
4260 8644
3333 3892
544 7443
1279 730
2647 3857
5 3504
1468 61
1736 9823
571 5829
6141 3546
3649 81
5785 2597
4091 1106
2826 6410
3895 9863
3437 8829
967 2528
1536 7489
5267 9089
6258 3166
5418 2860
1775 5942
4761 8583
575 2148
4563 218
2304 2241
2752 685
5754 4736
9 5177
1782 5746
4419 3193
2688 1360
978 3781
3986 176
5462 8191
2316 7658
892 2619
5658 5513
5402 9279
457 4155
2283 5440
128 4218
3436 7655
587 3707
2590 8927
568 9072
1046 4729
1328 1226
333 6815
5250 3996
343 7705
4557 3375
1774 2315
2233 6345
557 652
876 1952
2611 6504
256 905
5576 2051
4037 8521
5860 3037
2150 3480
4605 8857
1732 1376
45 1369
396 102
5883 4954
43 3386
5706 4801
2912 2864
4621 3719
4919 7849
3262 6792
1842 5545
3909 2717
1396 6359
3008 5931
1753 7004
3978 1093
5184 2912
34 2443
576 3742
843 8394
848 16
5245 5742
2112 6262
6445 3355
4022 5587
4736 6877
884 9041
547 2341
168 2150
6020 8739
2891 9798
5834 2962
3648 2205
5238 2295
5328 8965
5750 5483
2501 8601
5288 3401
2981 8357
1251 6530
2541 5279
4956 2790
1379 2682
1018 6110
1159 1104
6181 749
3112 8148
3803 1370
19 3437
3433 3228
3164 5402
1397 1948
4213 3491
1439 3819
80 8081
2148 1232
5327 6098
4007 6850
455 7353
2311 105
5880 9662
6120 6843
349 8939
5025 8138
3384 8892
6520 2734
85 5224
5741 9294
4630 2173
2733 9830
1170 2175
5254 5143
4569 4081
6497 1694
5412 1597
3232 1063
6102 4139
439 2620
2770 2017
1128 5554
2085 2882
4662 9398
4745 3619
776 6204
718 5109
6407 2951
1041 8948
2870 6896
643 3138
931 5844
681 5825
1477 5925
6109 8320
228 2788
1657 7020
2678 9040
199 6200
1600 7091
5290 5752
2135 3472
1015 167
3114 9821
4901 152
2088 4588
468 5927
4771 4345
3744 8530
1385 5130
4196 276
38 9071
5324 754
1717 4658
1905 8320
3612 6179
2529 5336
2031 6282
1192 1338
4718 1717
576 2094
3768 9791
3877 3117
4861 7097
1049 6
2850 2886
6183 9111
245 7324
1034 9924
1031 7167
575 1738
2698 2677
3432 4107
5983 7237
2647 9969
2957 228
6046 2997
2757 9089
4786 7947
342 3593
4868 8900
87 9325
3950 4931
2625 3324
1022 5949
5841 7275
6490 5003
5788 1716
6407 488
2378 3052
4742 2067
6577 5386
3324 9092
2532 6794
4159 5581
713 7744
6348 5269
5288 442
1909 2871
6131 4577
4159 9138
4392 8287
1498 2687
1472 9497
4729 5766
2308 1826
3840 4671
3869 8990
4037 3659
1678 930
2972 902
147 9512
4625 766
2566 2617
2561 9383
3291 9193
4972 3229
987 8187
2958 6423
3905 4228
2585 1388
529 4920
6582 8024
4271 5131
553 8528
3154 8028
242 5485
2051 3773
2235 5652
2220 4869
3754 7292
1800 5873
4364 2189
2463 5634
4710 3686
6599 6989
6139 7147
3499 337
2577 1968
1678 4128
1763 5689
3212 2406
117 4791
4196 8280
567 4070
4336 7561
4986 4477
3476 4685
1100 5250
3152 3033
1043 4141
5700 5523
2117 1087
187 4394
3485 4620
4477 4059
1845 162
3114 2905
3310 7594
157 7775
4793 3436
5923 2524
4224 2831
4081 3402
3791 2912
4819 8854
1235 6926
5899 9334
4076 9787
1861 8560
2663 6603
4639 7420
4518 3426
6153 2547
2928 7018
5389 4929
3779 3603
1527 9695
4711 918
5346 1932
4333 645
473 6220
1221 5989
5534 1738
6362 2199
1118 3699
1499 9003
1486 4126
2059 3712
3385 6245
1060 8197
500 4857
1075 7119
50 9787
6297 7216
3355 9498
5372 9021
757 5256
1522 9338
401 2929
6020 7570
5721 609
4404 5090
5910 6871
3446 495
1556 7253
5211 9617
200 7717
5704 4087
1677 5520
1297 274
2935 1981
291 5200
5344 1602
3406 26
2336 9371
877 6601
5672 3589
1735 413
6020 4279
1307 3095
3614 1243
6438 4957
1174 3145
3250 8160
265 7104
2721 1178
4455 4542
578 7755
162 6155
3569 732
63 4131
1427 4476
2167 2151
2820 5391
2298 1043
5050 9229
1652 1594
1464 3917
967 7964
2250 6259
6575 1954
3439 2120
3828 6644
4286 6101
2095 1928
1729 3672
447 2862
4253 1031
2472 6951
3280 624
2864 6472
6333 6328
4802 6309
1936 2551
4167 340
676 4416
933 1692
5908 3217
2008 338
6090 2472
5172 5843
1399 7657
3577 4376
4081 9107
4047 1404
4026 8392
5410 8292
5529 7491
4434 1384
5116 5618
3942 3239
1745 2486
5783 5362
2986 6026
5168 9590
6684 4014
4576 1430
1137 108
57 3571
4604 6402
551 4980
2992 8095
4402 3686
4871 5450
2743 8215
4915 5285
3934 3686
2917 8731
3702 4709
3888 6148
630 3733
6231 8261
1813 1229
6565 2250
4922 789
6238 621
3457 1629
5238 2091
960 7629
6027 8329
1061 4416
3621 7045
4523 9245
757 8764
1593 7872
2315 194
3586 2409
1247 39
6777 9295
2486 6536
5419 4771
3555 4790
873 90
5945 6381
1670 3747
2554 2890
842 2083
1766 7744
1617 498
2893 6044
6133 6357
225 4059
5636 7313
3454 9452
2022 1826
4282 3782
5170 2213
2387 592
254 7994
748 7233
2279 1663
1145 6129
482 8370
184 1038
2021 3263
600 4480
2574 5310
6572 1781
4120 6991
3509 5044
2577 6403
6269 7564
63 6830
4410 2864
807 3612
2917 5832
1720 5920
6569 5371
5086 1475
420 9246
3345 2693
2688 2989
1001 2025
888 5944
4853 9268
5089 7082
2352 4119
6695 5592
4461 9597
5260 2700
154 1735
2091 3292
2301 8109
534 8334
3610 584
3058 6213
3777 5061
889 6777
6384 4484
2561 2482
104 9166
5610 4877
4711 6956
6619 1852
4701 42
2155 3129
1291 7711
6647 8199
646 4896
1666 8693
4499 1136
6520 7753
1901 834
1246 1460
5178 4961
1747 7733
3221 1001
1177 8259
3477 1166
4987 8876
3379 4311
3612 1012
2663 5165
411 4727
5258 4201
391 46
2134 2951
2834 4405
4751 14
3292 909
5257 8717
1061 3586
602 1962
6686 6130
1463 9025
4979 1501
2600 8472
6210 6087
1980 3230
1562 9514
4719 9125
5822 5560
2273 2814
4439 9838
4640 69
3176 8375
1427 9139
6714 2249
3884 6461
3959 82
6453 6883
2072 5072
2114 1575
4013 4404
6611 9765
1756 4282
2233 372
2581 5169
3185 4305
1634 4362
171 3312
4970 6127
4861 8423
2812 5030
1448 9909
804 2312
1390 3876
4636 5397
6385 3759
773 4833
6218 6534
6788 4652
3989 8257
2186 8966
5002 2109
2674 3401
6577 80
5556 3910
5840 9942
4982 4338
1454 9898
3407 2742
3838 206
4881 2789
6371 3385
2035 6825
1850 2689
1959 1602
4345 3777
3016 5054
6953 6371
1919 6403
5683 4204
4406 7537
2543 4820
2837 7003
2470 196
1995 6168
4576 3637
901 222
1666 3581
345 6920
219 7191
1314 6914
2510 1924
2399 1178
4050 3270
3756 7753
4145 3871
739 9635
1304 7159
6217 8265
97 6141
2458 8131
4784 4372
6900 6666
4684 3646
3800 5547
3670 8355
4879 6794
2068 3792
3628 9009
453 8487
3608 8335
3719 4807
1283 6305
1964 6954
204 4278
1379 8170
874 2355
5713 4205
2800 3970
4980 1593
5209 573
4922 2968
5434 1577
1144 3808
5314 3906
2673 2466
1146 3279
6945 4931
5698 9755
5691 4950
5197 3296
4871 783
1003 8582
687 9892
484 7524
528 3569
3146 4387
4211 6001
3964 8691
3449 9827
808 2462
4179 3265
4719 49
6176 5152
5879 4060
1432 2276
2856 2774
312 3129
5278 3486
4299 2401
2613 541
6003 6353
5805 3598
3080 5968
300 4186
5642 518
1276 5926
4023 2099
3817 3662
1291 3143
2805 2169
4263 7
1061 4804
81 45
3945 8398
6402 122
2691 1304
1802 5301
1291 405
1604 2599
3348 9596
979 8985
4132 4316
5738 5009
5253 6267
6830 4397
141 7388
5486 7982
6265 8148
1941 3796
3234 1318
7080 5780
5675 5404
1402 6188
5095 6646
2655 1820
3709 8613
2667 5574
6095 8207
5724 7384
3312 9801
4182 6014
5319 9991
6712 560
5916 475
5193 3103
6278 5523
3968 830
3245 3451
6406 6691
3543 6467
278 2915
6609 3305
5201 7812
4933 9161
27 7525
3309 5682
4723 3517
1653 6635
5941 5258
7064 8308
1552 2926
5987 3948
3099 9618
5892 7375
4924 7255
2441 9328
6086 205
4208 1206
4088 4257
5889 5646
3498 4250
1842 4072
3609 3009
7093 219
2662 8269
2633 2468
2263 7474
6807 7888
6388 2658
159 1672
3779 7630
3609 4671
1553 8711
5001 4669
6512 6355
2337 6953
6141 9348
4598 7855
4416 8468
2025 3964
3646 8221
5877 7378
4996 8680
5180 7142
4393 581
2463 9208
5861 120
3218 6914
4305 6038
3245 6307
2325 6214
1675 4522
5299 4367
4214 529
4875 5122
1897 3740
4891 9550
3231 6057
7007 2125
7052 6247
6540 5061
7003 2743
3464 30
5268 9221
951 3720
489 191
2675 6071
2837 277
1787 6130
6534 6088
1794 3857
5153 6533
791 6864
305 8549
4423 3989
6335 113
3476 3217
2619 9338
497 8460
2362 1793
990 8544
4151 2713
394 9574
3722 2048
5789 6234
701 9454
5999 8137
1149 762
3846 820
3189 3838
4963 1613
1778 881
604 7907
5376 4565
2454 2021
1553 2020
843 3297
5463 629
6997 7232
7035 6413
2132 5934
3803 8490
4531 2200
4428 5382
3539 4992
1800 7243
4709 4359
2054 5361
1079 9718
3046 4777
3414 617
2837 4721
6885 3060
6039 1106
6594 5344
1816 7968
3165 3656
5044 8331
5716 9144
1899 2103
654 8950
4642 7791
4129 6041
5252 186
3929 4849
3152 6432
1674 6412
3014 9667
3107 4687
3219 5227
2620 7100
3354 1477
245 4724
3549 5551
5058 3527
1681 8606
6405 8796
2036 1649
3714 9805
2088 6541
160 7346
2627 8317
3457 316
4960 5299
4641 1060
5489 2944
3148 1379
6093 5652
3622 561
2685 6821
2612 9352
2969 7711
4619 4094
6462 6402
3702 8940
2833 5030
6839 4673
6549 5863
7083 2227
4221 3003
1155 5058
5267 2745
80 1147
1014 2233
5539 3339
3409 6325
5229 4066
1766 1995
1606 1529
1274 9592
3179 7739
5136 6948
2615 4892
2585 5564
2911 4568
4993 8611
6142 9442
5217 2607
4676 9983
3848 2488
1574 8891
3104 5818
6247 3450
7216 8512
5000 3354
5168 3977
7088 6365
2692 8637
4905 8242
3183 1467
3865 5860
6398 7328
196 9345
554 7551
6262 3036
2059 9063
6459 7446
1491 6269
7087 5925
4631 1352
5144 46
6573 8687
2716 1648
4115 5017
1250 8679
1699 1331
5634 7914
6918 3951
2872 7412
2237 7893
6774 3954
2249 688
3336 391
3046 2874
3765 8821
5365 819
4746 828
1506 7070
2345 4583
6663 480
3920 3581
4312 7344
2419 511
2299 1590
393 9874
6687 4729
6349 2814
4037 7464
6407 6611
7185 6792
477 4757
1699 4971
5944 6791
5469 6972
7112 9582
4387 1447
7160 4452
6782 891
3241 2647
6317 9712
299 9316
497 513
5443 4331
2081 3844
1095 4449
389 9481
878 3785
3882 9519
6776 6826
5797 8261
1595 6002
6442 5697
4308 4295
5650 1321
4159 4106
3288 2669
2766 6883
5014 7066
6296 2815
5343 6262
6689 5741
4727 7833
3614 957
5313 7789
6694 164
3622 2720
4480 5524
5684 2460
3742 797
1272 3748
400 8763
1729 8494
4956 7011
3445 60
713 1816
1745 6565
3544 3633
145 9658
1949 2767
6705 7656
5187 171
6077 3019
6981 5429
3138 4876
1199 2658
322 7950
5205 9911
7160 6948
5774 8372
3432 7058
6480 4365
6662 8979
107 3961
3591 8228
2607 2338
5306 4032
1016 7095
1760 9831
2788 9411
2487 5565
2397 5866
1498 8252
5365 6248
276 2991
3478 6736
231 6618
1824 8776
1595 3606
988 3916
2906 6419
6374 4855
5441 4706
6054 4366
3517 1512
5215 1481
4743 4080
4330 4315
788 9366
5055 828
1102 7880
6988 4744
4169 3959
5394 5478
1382 8183
6880 5258
1389 8578
1493 4510
6833 9638
5758 1463
5059 6404
2109 9019
3445 7878
3979 1533
6223 1061
7199 4954
1470 1284
2342 2082
864 2776
6385 152
6877 6641
3334 8144
584 5435
464 7302
1818 7645
7310 8131
3248 4189
2646 53
2507 4163
5210 3625
3409 6957
3514 2554
6242 913
1923 344
870 9964
914 185
6020 8542
4020 3245
2583 5960
6988 950
5249 7759
4572 9471
7207 8581
5577 6635
2062 4295
4439 4613
2265 9664
1589 5605
6340 1056
1969 9891
3488 5628
4936 7477
3452 5095
2888 3529
5991 4348
2898 2077
5863 9816
5443 6382
4715 6262
1720 5506
3450 7760
7335 8914
4603 8572
2951 7526
1782 2615
2676 6382
1667 5548
3749 9554
6886 2909
6726 4252
902 4531
7111 5891
6059 6839
830 3037
181 3475
3180 9155
3767 9110
3307 3052
4742 8436
3446 4739
6557 3216
6021 8095
1120 2358
2877 2574
3526 8221
4541 5487
6715 7057
3523 2786
4068 7230
2382 3928
6445 6518
5889 9046
2900 2857
4846 422
7003 6114
159 3888
3638 9809
1634 1833
2303 1820
5730 6815
3852 8891
1610 1098
6436 9198
2780 4856
967 2714
6233 8546
2135 2319
3820 3698
497 6608
2480 8600
3607 9270
103 4183
6417 3649
6852 1976
6802 6337
6235 3231
4220 1343
1037 1172
4726 6839
1642 7124
6608 1769
67 1836
4763 4653
2129 8329
4418 5797
6511 5760
238 8367
3211 4110
3716 8513
5439 6110
7056 6843
6858 7708
2893 4022
4126 123
4069 311
6128 4337
54 9616
4702 8374
6576 6980
6664 5623
5584 4214
5959 107
1602 6062
7122 1371
3276 1565
3310 914
2034 2607
6909 6501
646 2495
1945 5863
4423 1275
7107 1241
3483 1745
6663 4858
3597 4179
1605 9520
1260 1937
2852 8248
341 9986
3530 9374
15 4744
809 1713
997 7794
181 5511
3549 8628
6765 1801
5996 2797
7123 9631
5549 7072
279 1697
3475 1527
2364 6320
4369 3744
4802 7186
6056 8822
2104 2434
6433 6108
1924 8470
1683 2656
373 1916
2636 8594
361 9443
6002 3791
2131 8591
1352 5883
5076 6342
5354 6297
4721 1252
726 6558
6066 8594
5999 1663
4922 6134
777 4134
3420 9870
646 1203
3342 8475
5961 142
1035 2125
6134 2128
7350 859
2398 7582
5892 4720
6965 8728
390 3196
5931 2572
4393 2983
2392 4090
6566 4805
6767 9588
4971 5728
4481 9914
2765 3218
2200 1175
4761 2350
6033 8420
1990 7772
585 7418
759 4423
6875 3436
892 889
1106 6261
7417 4092
7531 1674
2099 6357
3151 7125
6501 4514
3316 314
6721 8998
7030 2323
7345 6971
2513 5
672 1449
5421 1115
4965 7653
6098 5615
6744 4761
1354 124
7565 3903
2995 711
1248 7062
185 6151
2850 6528
5714 478
4930 1457
804 2687
1615 9881
1946 7071
5450 1917
1355 6942
1740 2406
1633 3233
6140 7014
7336 3317
7448 1474
889 9802
900 8927
2052 6722
5528 447
6153 1118
7282 4962
2970 6906
6666 2020
6362 4448
5869 1792
4132 4968
7680 6916
865 4479
5248 405
7136 2473
6445 1385
2083 3436
6564 6269
4136 3575
2250 6282
1780 9686
7345 87
4484 435
4647 5555
1862 3204
3773 3208
5053 135
7075 661
3135 7335
4740 1250
4863 7792
2428 6762
1133 6806
4375 898
2888 8114
4053 1052
342 2318
6959 8108
3220 8412
4607 4114
2492 5558
5282 8051
6298 1361
2520 9671
4199 5315
2625 7774
5465 1506
5733 4660
7358 6922
4501 4062
3344 5107
802 1797
7325 2425
1230 7598
4745 2945
2597 8372
789 8619
5170 4250
1804 513
3156 1971
5454 1079
2870 2496
7285 6417
3829 8822
5937 6776
3944 5939
595 9998
4618 6785
4615 8084
3420 688
3634 7660
5640 6493
436 1649
7288 4906
5233 3091
4227 5753
6412 3121
5046 9217
2073 4827
5105 2007
6535 8820
1273 223
4196 8903
2659 3372
2300 8051
2458 1969
1884 5005
3607 5763
6376 7006
2221 7991
5227 3461
1276 1465
6524 4772
1677 4023
5190 2742
5253 4821
6027 5547
2874 9854
2011 6902
2607 7947
5824 8850
4437 5383
7655 5887
2293 5928
5704 1578
6677 5990
1070 2565
6731 2218
233 3625
5148 6570
4815 3951
6283 6070
4859 5726
1894 34
7782 7534
728 3503
3274 4045
4633 5197
7619 8752
2234 3535
4626 8374
352 6989
4923 875
5921 223
4252 1003
3417 1756
2932 6869
7425 6977
6031 6030
2885 8520
2674 2350
3679 1324
509 6310
7607 6926
5578 8419
6223 4754
4931 4221
1675 10000
1004 9694
2376 9918
3340 9765
1967 5624
4114 8701
5514 6161
4874 6782
5772 2768
4975 2528
6759 751
7320 4809
7574 267
2123 9754
3808 5302
6745 3568
3223 9231
2237 2410
3606 5572
3203 9393
326 4323
2848 7417
1760 9503
1083 7406
1463 6222
5889 3924
5474 4056
5139 6918
5297 9439
6597 8041
1039 1366
3623 104
265 2311
911 1395
7009 1340
121 1559
6927 7894
6498 2666
6287 1075
5444 7883
1184 1799
5892 6161
2326 4325
6463 531
408 8982
6642 9232
2335 4592
1496 7307
6403 1322
5278 6563
1934 7993
6223 3351
2198 5105
280 8465
1728 9040
333 2701
5989 3634
6204 4644
4260 6102
5553 7346
1953 5365
2765 3481
4718 8777
3305 4360
1054 6707
2474 54
7132 2401
6561 60
7385 114
6320 3987
6310 3860
5157 7760
1980 7505
7146 4663
1535 1177
1954 9838
2572 5705
5647 427
4594 8594
7554 8134
7221 3409
1176 184
3709 5874
3687 6583
1490 7530
7083 8868
6555 1810
4329 8716
2884 482
7823 7289
3431 3029
1372 806
1403 4473
5171 3042
2652 6318
758 6736
2553 8805
1534 1702
818 9435
1351 9660
2464 695
7284 9016
488 6390
7868 3224
46 4349
3481 8803
2392 3194
2988 7644
3327 6238
1026 3790
2038 4859
4986 1156
41 1376
7799 1513
366 4537
4665 9331
4479 5874
5675 6542
2756 6446
4577 8625
788 8464
1534 9435
4198 3986
6262 7541
3952 8678
4456 9717
5302 1490
2317 6290
6437 3891
7535 562
3404 1372
584 6726
2517 2881
4096 4081
664 2489
2291 2272
4930 1442
1609 371
3656 8170
6368 3524
5063 7854
7673 2750
2052 1542
2733 8040
2371 5018
6736 2496
672 1307
2423 3050
6537 2814
7395 528
5429 7368
880 8256
1277 4328
5614 7057
7127 7442
6421 4892
3629 8709
6853 6094
2468 704
4072 8963
2880 8061
7919 8693
3701 3628
7430 6276
4927 1963
5884 5593
4249 3799
3812 7751
6738 4335
4049 660
4902 1869
2604 7705
4594 8884
1368 167
4348 9245
5143 7576
4289 554
1799 5642
6749 1688
7017 3474
2107 319
2579 4515
5567 3072
5490 2723
1797 1005
3003 9741
2190 7900
7724 2003
2339 5408
5828 4282
101 9436
3223 391
707 3609
3636 2120
5131 8404
913 6298
3993 3442
6609 5619
89 5510
5527 5677
7093 2859
2655 2145
2604 6094
7620 5159
3672 5624
3237 1692
6685 4768
5620 5865
2135 9972
4215 7485
7217 4516
2576 9851
4754 9051
2969 5428
6627 931
1127 1026
7752 8697
1692 5362
4445 9804
707 9147
5103 5344
5834 6734
6766 8904
6298 6601
6794 5671
4292 1106
8036 4162
6108 4247
1478 2464
1686 5736
4946 2248
8042 8340
7061 5477
1079 2178
6341 8025
2808 1605
6645 8499
4272 3539
7935 5680
3670 2966
7208 5297
2128 3807
4917 2903
2807 6786
6669 3523
650 2533
3760 3305
4743 440
4127 4911
2779 3742
6280 6079
7357 3103
553 9182
236 1060
1715 3312
1499 4000
225 3901
1110 6071
960 4634
1057 1681
4990 4816
1261 3700
2063 6763
7129 6978
2377 3891
1024 2606
287 3999
3853 2610
7789 9967
3865 1738
1215 5432
1972 5992
1679 3124
7990 5173
4893 2749
2706 4425
607 9275
6583 9855
4391 4117
648 8451
2394 2234
3528 7023
8077 3434
5559 2084
4801 6835
4562 7645
2527 8286
1975 8745
6223 1465
7242 9530
7676 7151
3997 7929
1122 5341
1130 4828
798 3737
2694 2507
7566 515
6231 3303
5911 4884
4372 7704
7213 6084
1702 2116
2605 6717
978 5500
1995 3031
7254 9662
6168 6325
2594 2638
7887 4725
5544 5585
2803 1638
309 3217
2924 6746
6948 1807
2410 7009
6754 4601
3131 9591
1111 5887
6030 2100
2897 6768
414 8912
2953 1771
500 7979
8089 507
2176 6881
6711 8826
2260 150
7761 6279
6762 411
1716 8001
2888 2433
293 10
6597 1274
6666 6442
4537 1074
5026 8943
1567 6027
6591 1515
6025 7298
4311 7883
2927 1107
866 3726
4161 2728
821 211
419 8587
2061 6199
909 4751
6861 3748
2597 2690
6921 3142
8066 2900
6892 8181
5242 5201
3932 4552
1154 4683
6469 9643
5425 9143
3526 4219
6718 5604
4476 8528
7505 8665
2519 4041
7815 9313
1857 4933
6476 9418
6673 1978
1987 7941
4877 1411
7070 6667
5415 6888
1154 8347
1604 4223
7858 9656
7937 2050
5964 2770
4804 6954
3956 6477
2408 9516
922 5987
5341 4954
334 1805
4143 5154
7606 6089
5957 3705
3650 609
7978 285
6960 3761
997 4647
6252 6936
4018 2774
3365 1327
4404 9040
3276 8450
3069 9981
6773 9493
7890 8544
3796 6074
961 9049
5613 5631
2490 2967
5345 4152
656 2864
5360 571
887 438
5077 9428
5057 6747
2755 9126
1522 9852
5620 7033
5636 1571
2856 5373
6769 9732
6686 9727
2629 987
3969 2635
1011 6957
8159 286
976 162
8077 7488
3722 1928
6031 14
2342 1444
3166 6545
6194 5157
5953 1443
3950 7017
3412 2624
6714 3660
3299 500
3512 3872
2811 8390
1215 7537
5307 4986
6290 2682
8245 176
209 1845
4446 1291
394 7983
2576 5875
109 9629
1313 4081
943 2814
8004 8611
4222 2424
1705 9679
2792 6766
1640 9645
627 5541
8166 4939
5701 1536
958 1729
183 4655
5023 8434
599 854
6757 4844
5633 7981
5803 7985
4993 8388
1470 6136
7413 610
7007 382
5803 9504
2596 9291
642 6979
1653 3587
7784 4269
6267 6365
7711 2972
780 4972
6140 4985
7361 7907
7719 8437
2307 9038
4283 6699
6227 4734
2229 7062
4014 7525
4374 9357
5987 4766
3115 7593
5901 3766
3658 3274
6887 6768
2048 6328
4264 9310
4966 306
4821 2610
5926 7176
1573 7577
3124 6276
7038 3546
3384 9879
2763 7950
7962 7422
1963 4892
8115 2598
2627 1515
6093 1388
2660 6727
2036 226
8253 3081
3135 8251
3404 2011
5135 2429
1419 4751
421 9353
827 9467
671 4967
3162 4135
2401 4434
4320 360
3910 2126
7083 3412
5100 8596
2152 3981
5954 9064
2096 2522
3770 7620
4448 4990
2416 8201
74 5087
527 8463
718 6195
6591 5369
232 525
5737 9078
7707 2352
1731 8802
4715 7138
2464 8954
1620 8648
3766 6665
5342 5220
3823 9659
3645 6557
8013 7329
2770 1854
2770 3426
4394 6234
797 237
7737 3709
2683 5321
7498 8196
2409 1744
5028 4416
995 9518
4672 5819
6723 1823
1068 1263
4013 30
746 3352
1653 3172
5193 944
5237 1669
5019 2215
8175 7232
5482 369
1219 9127
4127 1292
1188 2785
4090 1936
6647 3845
5006 1278
5850 3678
196 1611
5279 6053
2775 6712
1477 4572
7106 2153
617 8255
3532 4161
1385 7381
1403 7549
8339 3560
7052 6002
3419 6856
3212 3534
5005 3478
3254 5441
2449 5733
664 1334
1656 8086
6226 6738
1016 2717
3042 3134
1534 6439
8067 8427
4375 8555
5031 4208
2810 4954
4092 5681
3981 3199
2366 8902
5463 746
7675 9017
7680 9783
2157 1152
2429 4381
7601 306
8125 6366
4917 5290
1937 518
190 6550
4597 7301
7560 6253
7538 3927
7646 6513
5604 7268
7503 6090
4031 8728
5550 2651
1034 2429
8390 3302
4913 1627
3367 9772
515 1100
2159 7525
5631 2369
4404 7897
1567 3096
756 1887
5690 7835
3220 2490
1187 6266
5932 9114
5870 8005
2775 9694
1461 5827
6399 7890
5870 6649
5431 3075
6949 8999
5820 4815
7116 2347
1213 2022
6285 5884
6277 1715
1622 1206
2132 6011
7898 6771
6272 2023
344 1070
3922 8007
4358 7283
7529 4968
7210 9631
2982 8448
3537 9259
4364 682
4777 1375
3248 5088
8390 906
5445 870
128 5083
1012 6063
6778 1361
3930 4781
767 7741
6600 9895
4572 9754
7855 4482
490 9271
1329 3898
2706 4760
31 5583
6680 8945
2631 4752
8214 6006
7834 2837
4367 8747
3188 4614
4252 8212
3909 178
3427 1231
1994 9753
6935 734
3510 6482
8428 9498
3665 7894
1488 2372
1022 2631
3822 8490
1218 8864
5061 5408
5899 6041
2026 4756
1036 8708
883 9110
4508 5765
7241 8729
4316 1423
1291 3617
7404 6510
3987 8587
1536 5252
306 9797
4466 4970
8311 9959
5882 1144
140 4484
6202 2695
6384 5024
5431 5457
3767 234
416 7755
5033 4512
7629 9205
8396 5822
522 2045
8497 2042
2584 270
7441 4036
776 2943
4048 8951
5390 7887
7213 6322
4995 2350
8255 1298
2467 1735
4863 6604
7946 464
3817 3452
7587 4583
2551 7876
2742 6343
2995 5359
2174 4664
1074 6500
2540 9671
1110 9626
3213 3973
2469 3732
7212 1
4149 6742
3731 2316
3577 5034
7950 559
8397 9300
3275 9254
1313 2555
1266 8512
7650 6789
3617 3128
8295 4602
511 5436
5609 3788
7378 8646
7816 8899
1962 4474
6301 9258
3560 3812
1550 1143
5066 7382
7310 9866
7587 3507
4094 9450
5751 9595
8481 848
3688 8971
3366 572
6290 7075
1307 6166
6902 2402
1776 717
4135 6485
482 8083
7457 2542
3353 88
2524 6480
5192 540
257 7019
8495 745
3806 6722
5629 6692
1841 2477
1821 4804
2653 9842
3829 3467
4742 6065
2186 4126
8038 8193
4126 8037
257 6513
6788 4286
1067 5285
7597 2785
7394 4058
663 6546
8145 2616
5871 245
5650 6237
5796 6662
4945 1093
1600 7060
1468 8909
3412 2016
4402 2938
3192 3699
2273 7964
2268 4972
2531 8535
5919 2182
828 6244
3258 166
7079 8712
656 3222
7485 4915
2969 7526
1693 4537
5094 9235
6408 1665
1261 233
3596 6729
6533 4673
642 2865
5696 6794
1499 1122
7041 30
7940 2375
5515 8614
4735 9615
3009 1191
4194 7944
6375 1901
3472 5067
4031 3787
7130 3033
1298 4887
1416 3507
1616 5305
6439 7671
5081 8095
514 3703
7693 926
6349 3079
5847 2377
2425 155
3614 9057
8000 5659
3452 6370
2479 8693
2295 1602
4453 1787
2407 6515
823 2261
6507 1283
2156 3234
5467 5172
361 2796
8394 956
7065 3259
3361 4588
7342 4427
1930 598
1436 916
2689 6749
2651 8123
687 638
2899 8763
2112 9367
4778 4197
5388 157
6346 6250
4311 8124
2737 6682
1420 7166
5499 2957
8314 369
2728 3871
3902 5664
5004 3041
5903 4702
6718 8190
1152 7475
1187 9910
8676 869
4131 3995
2892 8871
7809 4606
6808 8648
6165 1225
7689 7893
1977 9671
6699 7487
1074 2477
8525 7642
5005 4403
7480 1429
6769 2883
3311 5648
8619 8190
7379 1437
6662 3731
3371 6810
5233 3309
5623 3983
527 912
6167 6398
7259 7362
1385 6730
2618 3898
560 9491
392 5631
1058 2769
2529 5158
7149 8095
2180 7597
651 50
8611 8525
89 1164
1156 9243
4872 4836
8230 1621
4585 3663
5165 1363
556 5175
5017 3585
4690 8556
6392 3430
6031 995
2521 7239
6024 6626
3408 9744
3123 4161
7595 2146
2030 9973
2464 9604
6240 1848
6753 2612
4360 515
3566 7400
1667 6471
1273 3139
2749 2178
5351 1465
1074 1269
642 9270
7768 8350
1294 9730
7370 3222
3786 6575
2340 4921
6353 5113
2751 1463
6075 3029
942 3949
3339 248
7254 5205
7476 4821
6527 9504
6591 2068
119 3931
2052 4724
6447 9248
2769 1312
6243 6580
3336 4341
2580 3735
7546 7358
5138 5718
2250 21
1600 497
6800 4834
7823 7926
65 4991
8366 249
1194 3791
5861 9923
4465 9823
4147 5139
3327 6789
3080 7816
8650 1732
7382 7529
1106 2327
861 5634
6856 4023
7455 7427
383 2550
8500 837
1197 6647
8617 9483
7304 9766
4788 9759
1153 4159
297 2230
3014 918
6976 9411
6597 5583
7985 1086
3472 2119
2817 7292
8327 2669
4407 9096
4733 1977
7452 2464
7800 2946
3727 1593
979 9294
3521 1064
7897 9321
6617 9842
4519 2576
5942 1912
6689 2672
308 1981
5767 797
2534 3288
1692 5614
6014 6319
3211 9678
8691 8873
8035 9890
3263 2251
3191 8589
6380 565
849 2166
7321 861
2834 2393
8318 9776
2447 7267
7764 1855
5141 1717
2743 5372
2794 2173
947 8550
5687 7448
2844 8164
409 2082
4261 1499
8127 6588
618 6913
185 7589
554 7145
8011 235
8700 2976
8515 6390
1598 9246
5277 4048
2665 6541
1650 1992
6598 2064
1735 5285
1929 2882
6232 6693
291 3700
8498 4757
4590 5828
8038 3003
5854 5805
5979 8998
938 5916
4748 9924
366 7908
4735 3322
7808 524
432 4523
8186 3689
6883 5662
4175 8352
6602 2900
2286 4589
7823 2031
2656 1504
4545 2796
311 7176
8774 7559
4316 9187
563 9079
6946 6216
4156 880
507 8183
8347 7304
1650 6737
3780 3989
8234 422
5045 7548
8779 4716
7638 9530
6231 8836
6358 9195
8408 3050
8042 5005
5546 7055
6207 4484
5457 9500
4671 3477
4605 4276
44 7401
7298 1114
4981 592
5665 3510
4758 8731
1933 1777
3860 628
4723 6741
1569 6268
7978 9289
4397 7140
6513 1983
3039 3383
3118 6429
8253 746
240 7247
6878 4634
2369 9753
7762 8379
7502 2568
2700 5682
4052 2211
5072 7376
1789 2336
4576 9418
2616 2855
1554 8179
4317 2634
7242 1365
2422 4334
3635 9008
1559 7628
4545 5165
158 4705
2463 708
8180 439
980 3404
5383 4017
5387 8151
2809 8964
8202 2334
1303 246
6268 714
5230 3610
5957 2167
1717 7415
1131 901
7134 9503
7011 802
4996 3090
8438 6153
3484 8818
6733 1988
4755 221
5180 8263
2129 9924
3919 3204
6637 8851
7204 5888
2555 1771
3555 6890
5228 9685
2624 4081
2476 7487
6796 6824
611 2597
6715 4965
5308 826
4472 8620
7537 5723
5543 2239
3849 4818
1471 1696
7689 5958
683 9489
4510 70
8936 8490
5784 7252
1627 2006
2672 6673
8287 5018
8714 8046
4099 6578
8811 9323
7750 5262
7127 3762
740 6605
5653 5294
3812 1770
5072 9869
2709 5198
3188 9013
3961 4452
6699 3618
2248 106
6980 5401
6826 7872
1000 6935
7813 6482
7988 945
1498 8796
7896 9509
2884 7646
6454 8070
7183 3227
1491 1021
8279 2504
1478 5693
2659 6384
4253 3944
1030 9419
8745 8484
4519 5847
82 5168
3877 6624
3926 4817
107 8123
8282 8180
7353 25
2374 8686
4349 3849
1899 1056
1715 2270
849 3498
4661 9252
4538 6476
6186 6583
7989 3945
5517 5765
4862 3338
4753 3900
8684 584
1507 706
4504 7960
1360 3554
2686 6999
4844 4700
346 9391
2171 7647
7429 2003
5696 4012
6993 2348
7395 2271
7532 4726
3361 3682
7938 3064
1019 2861
3509 7949
1281 3639
4131 4070
1729 497
396 7926
4206 5428
713 2262
6279 7746
2227 9330
2241 5788
4081 2559
3951 6898
5261 414
4342 1804
7427 3116
5059 2490
6192 8870
984 6847
4116 6661
5051 6085
732 5202
5135 8859
5085 3676
8531 6427
1166 4022
2488 8398
4614 8608
7482 2155
5224 5223
6479 7663
4075 5829
383 6091
3482 2881
3129 2892
5307 2292
4507 1011
4399 6359
9002 8884
3298 6614
4898 4530
7573 2656
2687 3133
2578 1038
2064 4448
2643 8586
1038 2038
5576 8827
8827 1462
5046 1705
4924 7991
1796 674
2059 5006
5131 9761
342 1942
6846 7345
1882 7958
8451 4095
354 6823
3255 90
3265 3504
1952 3004
2652 9767
213 4816
4208 4797
8961 1178
1933 149
3694 5375
4421 6684
8369 6712
9030 1388
2365 85
4144 2632
9067 3265
7753 5687
5207 6274
7720 6624
5788 1985
36 1446
626 3647
1120 1181
3488 250
843 6429
2181 1514
7673 5054
1071 5987
4814 4578
8971 9355
6395 9707
3434 8271
6268 567
8296 3044
5445 3740
5268 8551
8489 5821
1148 8133
2847 474
8950 4765
1817 2605
2137 1021
5401 4402
8056 1408
1079 1429
2784 1333
8570 3953
4992 9563
880 5003
3456 3752
4301 6641
3715 1975
8646 5229
1451 6770
8854 4176
3012 445
464 67
320 3742
6497 625
2354 5511
5878 3135
4071 7108
2572 3195
4628 8720
7031 5008
1421 9391
9054 5515
693 1519
5297 3467
1652 57
7313 4974
5189 6555
8430 1102
1011 5530
3938 730
8973 2966
2692 4547
4777 3304
4523 6290
5145 4078
5512 6025
8963 3572
8571 2729
6134 9796
4656 511
7212 5305
8893 8101
5117 8781
3509 667
5914 6838
1192 9105
8720 5982
3979 6944
3186 1841
6438 4890
5849 2889
2980 7425
4125 1203
6441 5202
8738 1996
6393 4241
8286 801
4162 1703
572 5741
7686 6099
3219 7561
7557 9601
6793 8549
6375 5101
4906 715
4252 1982
6229 3749
603 8754
5603 8766
6901 668
7252 8304
8002 3913
4832 5961
7142 8180
1650 3138
1907 23
29 6622
6936 2387
876 924
3057 7493
4622 3321
2390 479
1661 1095
481 3689
5841 8986
2518 2003
7104 9831
762 506
6608 4497
355 9064
7256 1446
2321 7172
7183 5584
4 3043
2540 4280
1683 9766
8721 1146
1258 6048
4424 2146
3631 8676
9209 8376
5707 4970
1882 8197
6724 3042
920 1458
2874 5546
1560 6716
7178 2777
6860 6489
7098 1736
1505 4470
2074 8769
1940 6031
5700 1830
7384 2084
3127 2361
507 5751
8275 2634
8275 7643
832 8966
653 3912
1655 7160
3961 4179
5146 1147
6940 5551
8216 3750
1733 446
1931 6054
8506 207
7593 1109
3810 6004
9089 623
5042 916
4064 5487
5910 849
1350 965
1144 8467
9102 4407
8825 7523
7182 6962
864 7440
3553 5674
6323 5762
8795 3091
1489 4803
1411 6703
7680 8498
5848 5728
6122 3219
7052 5955
4607 7782
824 8943
82 8852
2004 7904
5198 8779
7207 3747
3857 8727
6601 7339
4023 6983
5984 1295
8704 258
7385 2863
971 7794
2000 6562
7018 8991
6937 1937
4734 3328
8318 7976
2041 9450
6028 6207
4961 8765
580 5571
2569 6913
450 9699
6913 568
9151 2301
1172 8194
386 1468
5648 1773
3264 5374
7846 2826
8762 7088
4616 7094
6221 660
8233 3105
3738 4031
1591 9375
6034 8514
8806 3394
2963 6642
996 354
4797 9288
664 5175
664 1794
4 6844
5514 350
7104 1496
2649 1491
61 450
5055 4294
8409 9776
5581 3850
357 678
5906 6589
3065 8367
9206 1959
5291 306
1718 3502
706 1451
1752 5827
8876 4522
1566 4383
1029 4383
7204 3523
2577 6124
5652 3470
9002 4296
1968 1862
7278 9912
4764 1956
8863 4958
546 5971
2062 2996
2419 4514
5133 2274
4222 6502
2213 494
8499 3471
8475 7126
4362 6243
5476 4153
408 2725
8212 5904
2004 1315
7658 5525
2443 1008
5078 8660
2927 4644
8425 3325
30 8008
2200 3573
4621 9921
1604 298
2357 3908
314 2333
703 6521
8983 4842
1779 9405
8356 4914
6643 5899
5916 9963
7812 2031
4437 1680
1152 8676
9207 1008
1617 2756
2959 9411
6756 2713
6817 1547
1417 212
1471 7268
599 9485
6690 8552
5682 80
7912 7997
3746 2683
4814 76
4215 1934
5187 9071
484 6182
928 5926
774 120
6919 2105
7079 98
1020 6645
5627 4427
6779 6913
116 42
2097 6804
3620 3738
7018 8178
1236 7398
1852 4645
449 6365
413 5299
2677 5670
5210 7630
6942 6512
1311 4728
1266 8617
7010 3650
5846 3709
8257 9284
2610 2198
9429 2739
960 6634
1032 6430
3284 7779
9402 2549
9039 1462
4181 1350
5616 1140
7576 6908
2939 5345
4767 3117
5889 6328
3508 5119
2478 2002
7958 8432
6120 5385
1527 7744
7030 7938
4968 7836
4088 8773
9097 5918
7605 1780
6698 4566
7589 373
3432 3589
6834 8379
8458 1535
6908 4396
5932 4251
1738 1174
5802 3806
8186 6672
2175 8866
1005 9600
2786 9058
4423 2802
4667 5780
9250 9385
453 5587
2968 2241
6389 7024
5182 879
143 1490
4154 9546
2596 3364
7000 822
8626 69
3337 1734
5394 1189
6016 2127
3720 2720
7225 7609
6544 3831
5624 8686
2045 5438
8851 2108
3943 3745
2885 4454
2585 5089
3178 4680
6491 1351
604 2478
3367 1503
7474 3385
5620 6621
2901 1636
8578 9658
6772 1636
4723 3463
3795 5685
2589 471
1199 3851
6385 6054
7263 5413
5232 7499
936 1760
5581 9964
6819 2454
8838 9280
7924 7149
547 6157
1587 2526
3574 6348
7161 3077
7477 2284
8992 1362
2631 4313
2096 8781
600 7467
8035 6455
6976 7173
2727 6266
7205 4915
3450 2385
5006 3897
8742 7097
7046 830
5642 4161
5133 7251
9235 2294
4483 4871
6303 3018
8400 841
5918 1468
9496 641
157 942
6139 7221
693 2649
6584 117
5808 9310
3817 8773
8840 453
7487 5314
2158 8183
8162 6621
9428 2322
5518 2720
3330 7286
6781 1557
4588 6697
5470 8530
6584 2716
7913 8065
954 1039
4407 514
5043 4958
2589 8278
5 5478
5090 1281
3198 3659
6121 1975
9345 8810
9157 4213
3028 2776
48 6739
622 5755
9247 3033
7511 124
4154 8445
5281 181
1447 4491
2357 1003
8307 5938
7488 2640
5118 1923
4842 7880
7840 6140
3255 7708
8312 5347
5453 5746
5170 6204
3170 3356
8710 2773
3207 9614
9351 5432
1926 5099
7703 932
8437 5969
7487 1155
1040 8225
6849 1619
777 4378
7496 1023
1325 7735
4467 4252
5540 8909
414 650
4393 8217
4691 8325
1628 4442
1157 4077
1467 2504
6421 5777
6627 9211
4439 7462
2617 1471
2711 3132
4152 2568
5777 8896
3701 9539
1492 4253
4115 1821
6903 5657
8433 6734
2151 4021
9445 4233
7847 9756
2945 8069
8197 2355
908 3591
7620 9494
5416 7974
9350 9252
62 4818
1436 2994
8489 3877
5394 7761
5208 9032
4321 4531
1568 7204
8559 3999
815 8729
5528 6461
5655 7708
7431 1653
8074 7131
1885 6026
410 8554
1298 9022
2834 7764
6927 7759
4203 122
4481 4255
8325 9373
5327 4670
1834 3394
3514 7349
1996 4708
3461 7578
5430 3319
90 1551
7963 635
837 8759
3449 6510
6258 1910
4105 317
6951 4052
2265 3651
1653 7508
8163 3896
8771 9564
6817 2965
9636 2066
4156 3540
6516 1106
4530 4220
2535 4094
3220 2677
4377 3098
8878 1528
540 8476
143 1250
2407 5549
3740 2583
6736 2085
4408 2792
2351 3941
870 2310
2794 6520
3076 8781
434 4064
339 3102
5636 2022
9213 9420
5022 3239
6009 9453
2106 3994
1785 5612
7681 9910
5244 4304
1392 7148
8595 8393
581 233
337 9746
3211 5837
2838 6332
5542 7696
973 4809
7739 9261
7512 9623
7710 6600
3116 2780
1544 7497
3507 8753
8350 2361
7423 3959
1122 9733
2008 2197
7775 9851
4926 5943
9416 8342
965 8888
7084 3463
957 7822
975 6877
6784 5107
1070 8747
6773 8210
4944 950
170 9704
6720 4200
6053 3747
1411 1149
4932 8156
2402 2114
4481 7177
1823 685
2419 4955
5772 6871
4876 6005
6018 8605
6352 8780
1221 5598
6188 2578
1575 6859
6008 4692
6054 8418
6961 1495
5536 9039
6915 6169
1711 2884
102 154
2677 9815
4709 2708
7907 9656
5219 1147
1660 2084
9361 3454
7055 4798
3017 5337
5859 8432
4397 5939
1470 4409
6939 3714
3924 1651
3561 9228
2324 6773
4641 1658
4223 1653
676 9698
8491 3496
2503 5914
4354 8498
6532 1409
8818 9000
256 7141
6045 6200
2732 698
6560 6741
3490 8043
7935 4411
8647 6041
6766 2729
6142 6019
6593 1891
2473 1669
3468 9400
8130 4110
8999 7044
2862 2199
3869 1089
6635 5481
7958 6384
7514 5990
8195 9713
8699 3004
9432 5666
9373 5831
315 3960
3162 90
5903 3862
6797 9274
3374 1117
2621 4113
426 2428
2704 607
2203 6666
1825 7737
5445 4283
7721 5447
976 571
3872 71
7681 6283
9137 1100
3977 7465
5294 7134
6239 5479
5508 9320
1052 75
2515 4502
1283 7761
2331 2155
5420 6187
6706 2774
9099 4689
3942 657
1178 8396
8333 3263
5218 1484
6093 3835
5089 965
5535 6432
5415 6565
7383 8754
2053 1042
2837 3786
2626 7521
5288 8403
6164 3807
6921 9584
8125 9005
4922 1095
3660 6892
8267 1223
643 7725
1333 9654
3299 7802
7763 70
3134 9152
6504 305
3357 5617
3438 9954
8477 4152
9855 9939
6838 6904
8039 6847
3238 7917
7655 3597
8237 7823
7047 3376
2281 6025
2658 3861
550 9338
7459 2857
5405 3976
8249 4964
4437 4639
9075 4376
9708 9699
2811 1591
9202 454
5315 165
1178 7580
548 9872
5991 9343
4744 4376
4586 5991
7349 1819
9436 678
57 4145
9457 2316
2186 7934
513 2571
4414 7528
4922 542
5098 1930
7466 858
9735 2669
6192 306
5091 506
1381 6942
7332 4806
7278 6364
4006 6241
2591 4254
39 2083
4721 6790
2130 7216
6860 4729
2594 3136
2592 6399
5791 2965
6512 7843
9431 6674
1958 3429
8752 812
6545 9973
1859 8523
395 5896
7306 3313
6389 2638
1814 9104
2505 7772
5500 9456
9666 4147
2832 1711
6840 1590
7302 7051
23 6922
1747 3943
5854 7552
6159 3087
6288 8636
2583 1228
492 5283
3021 6347
3695 4813
700 7252
5441 939
8466 5246
7300 8340
8435 4702
6163 4666
5942 9369
6792 3617
7171 7739
9577 4536
9393 9136
1266 3152
73 6149
1302 5739
9644 9052
7116 1624
5715 6080
643 9428
6766 9878
5450 1910
1603 2948
2574 6440
4644 1473
6402 5364
6450 1471
7721 8423
1679 9134
97 9978
6014 354
9455 1731
9824 3456
3879 8934
7479 6990
7026 6400
5778 605
3725 8690
7126 8927
1277 50
6657 7660
6104 4850
4914 6304
8121 7240
3851 9192
4009 7423
262 4959
8530 194
2631 4783
9849 3136
863 410
9966 5191
6845 4913
1354 8123
3910 2007
3467 7961
869 3668
3197 1325
4241 7988
8695 1850
6184 9804
1340 3395
6479 2905
6297 3806
8638 1531
8281 4674
8858 7202
5935 8546
7782 7700
9319 5841
4879 4229
