10000 1000
0 7380
1 4134
1 8238
2 5037
2 9065
3 3317
3 7955
4 9762
4 3585
5 3431
5 2793
6 8795
6 7609
7 9759
7 3625
8 8258
8 6061
9 4468
9 5181
10 6914
10 6630
11 6363
11 2532
12 6995
12 8789
13 7600
13 4528
14 9250
14 5152
15 4842
15 7323
16 8408
16 6853
17 6006
17 777
18 9438
18 3256
19 403
19 5169
20 6046
20 116
21 6829
21 3496
22 399
22 1633
23 1762
23 3299
24 4908
24 9049
25 7025
25 7166
26 9355
26 9857
27 3445
27 4375
28 6552
28 7125
29 1056
29 8356
30 1163
30 3687
31 2649
31 3338
32 5230
32 5716
33 4366
33 3709
34 6569
34 7407
35 6540
35 3796
36 5544
36 2568
37 3503
37 5121
38 2888
38 9825
39 9273
39 3014
40 6310
40 1021
41 7920
41 2828
42 6437
42 5848
43 5852
43 6514
44 5321
44 7425
45 3367
45 6847
46 882
46 5739
47 8961
47 7666
48 5256
48 9405
49 6926
49 9941
50 7176
50 5851
51 1700
51 3382
52 53
52 9528
53 6662
53 9729
54 3155
54 6798
55 6972
55 484
56 3702
56 5900
57 8128
57 8914
58 8983
58 1038
59 2955
59 8188
60 9121
60 6536
61 7333
61 8102
62 8681
62 1936
63 6227
63 5175
64 6015
64 8062
65 2007
65 4931
66 4332
66 3057
67 6953
67 5450
68 8396
68 6827
69 3928
69 2828
70 8528
70 507
71 894
71 8685
72 4140
72 6402
73 8104
73 7072
74 3774
74 124
75 4780
75 5055
76 1271
76 4530
77 582
77 6782
78 4057
78 9014
79 5788
79 8673
80 3395
80 574
81 9458
81 2662
82 5901
82 8124
83 8264
83 1897
84 2282
84 212
85 9276
85 727
86 1733
86 8246
87 6271
87 9358
88 7103
88 5287
89 870
89 5956
90 2037
90 4557
91 4168
91 6228
92 276
92 4642
93 9325
93 2629
94 6354
94 6138
95 1276
95 3884
96 5575
96 3083
97 8713
97 6944
98 6358
98 3849
99 8482
99 4326
100 4264
100 8350
101 6287
101 2813
102 2485
102 2217
103 2697
103 9965
104 6543
104 6379
105 6331
105 538
106 6873
106 7551
107 6705
107 8399
108 279
108 4851
109 9172
109 1681
110 714
110 6866
111 1517
111 4596
112 5373
112 1887
113 6037
113 9513
114 4803
114 5878
115 1090
115 9111
116 4755
116 3530
117 1533
117 2999
118 2391
118 7701
119 464
119 2008
120 2397
120 485
121 2320
121 136
122 3921
122 5759
123 7110
123 5202
124 3888
124 1158
125 4538
125 1922
126 6597
126 9052
127 2439
127 2212
128 3241
128 3684
129 3405
129 5195
130 641
130 7391
131 981
131 1890
132 4656
132 2191
133 1125
133 8394
134 8618
134 1556
135 8042
135 4017
136 2478
136 4846
137 8089
137 5872
138 8720
138 5113
139 7482
139 2407
140 3870
140 5389
141 2303
141 7818
142 1772
142 2809
143 1448
143 5250
144 4842
144 7498
145 5383
145 3136
146 4443
146 2879
147 5855
147 3807
148 2929
148 9238
149 640
149 1819
150 7119
150 993
151 278
151 8914
152 325
152 1458
153 9885
153 6217
154 2272
154 7300
155 2139
155 7904
156 6300
156 447
157 3637
157 7888
158 675
158 3088
159 7753
159 2275
160 3145
160 4561
161 6124
161 7923
162 5400
162 2681
163 2782
163 8470
164 2190
164 1176
165 2356
165 6839
166 7290
166 7484
167 3729
167 3729
168 4822
168 7630
169 4158
169 5218
170 9862
170 4962
171 5764
171 4162
172 3862
172 2401
173 8429
173 3835
174 8141
174 5080
175 5765
175 4609
176 3917
176 8762
177 3446
177 4424
178 7477
178 6252
179 4517
179 1208
180 3066
180 2413
181 1280
181 273
182 4411
182 5507
183 9836
183 2248
184 2814
184 2811
185 7803
185 9084
186 2776
186 9355
187 6967
187 2615
188 9674
188 8164
189 5072
189 465
190 5444
190 4072
191 2301
191 6156
192 4909
192 5953
193 1740
193 5104
194 4430
194 6250
195 5856
195 5042
196 9736
196 2650
197 9931
197 8006
198 6723
198 5525
199 2337
199 9598
200 1094
200 7666
201 1271
201 9720
202 8896
202 9151
203 8562
203 7324
204 6788
204 1912
205 8599
205 1588
206 7999
206 9844
207 783
207 8461
208 2460
208 2446
209 1393
209 755
210 6829
210 5134
211 6408
211 8538
212 7888
212 910
213 5969
213 2195
214 9163
214 5819
215 8045
215 3700
216 8415
216 8114
217 5747
217 506
218 1721
218 5583
219 4277
219 4633
220 8945
220 3972
221 4528
221 4581
222 7540
222 3243
223 8269
223 3645
224 2665
224 3810
225 7906
225 1009
226 5686
226 692
227 9371
227 7385
228 1450
228 8913
229 3954
229 7883
230 9624
230 5353
231 7618
231 150
232 5007
232 7892
233 7087
233 784
234 8077
234 82
235 5782
235 9334
236 7926
236 8967
237 2658
237 4633
238 150
238 5574
239 1602
239 101
240 1996
240 948
241 3412
241 5965
242 4746
242 2679
243 131
243 256
244 9661
244 9602
245 5085
245 3101
246 5748
246 7597
247 6315
247 4521
248 2656
248 550
249 4674
249 3590
250 6816
250 4458
251 3850
251 9991
252 3476
252 199
253 3252
253 798
254 1092
254 3205
255 6024
255 7741
256 8565
256 6706
257 5603
257 8700
258 558
258 7012
259 5306
259 9023
260 4107
260 2899
261 5092
261 7481
262 209
262 2441
263 6219
263 2132
264 5009
264 4013
265 2063
265 4897
266 8871
266 6987
267 1993
267 8695
268 5234
268 781
269 1589
269 5688
270 7424
270 6558
271 6894
271 9933
272 9382
272 1100
273 1531
273 5798
274 4978
274 1235
275 5280
275 6682
276 8322
276 171
277 788
277 1914
278 6720
278 4405
279 9928
279 6759
280 7612
280 5052
281 1935
281 1884
282 4105
282 3602
283 6583
283 5337
284 1949
284 2450
285 7439
285 7373
286 9544
286 6745
287 2095
287 7651
288 6839
288 5956
289 6656
289 1632
290 9267
290 1112
291 7297
291 5776
292 3768
292 7087
293 952
293 7492
294 5626
294 3962
295 1929
295 4750
296 765
296 1801
297 8161
297 8056
298 6521
298 6937
299 2051
299 1445
300 4358
300 2800
301 2352
301 8868
302 7067
302 513
303 934
303 5144
304 3872
304 6410
305 1856
305 7707
306 4198
306 2815
307 3391
307 2509
308 3260
308 7301
309 1551
309 1477
310 3072
310 3587
311 7961
311 2297
312 7754
312 6328
313 6339
313 5148
314 331
314 5102
315 2422
315 3913
316 4416
316 4848
317 6510
317 5892
318 7275
318 4095
319 5703
319 7982
320 1304
320 5708
321 5388
321 1363
322 5260
322 6779
323 2881
323 312
324 7003
324 8158
325 6902
325 1614
326 2453
326 9768
327 8411
327 5941
328 7125
328 4711
329 8026
329 7278
330 2744
330 2967
331 4371
331 8991
332 3243
332 19
333 7755
333 5182
334 9659
334 4346
335 896
335 871
336 8242
336 2946
337 7915
337 3069
338 6551
338 4547
339 6590
339 9871
340 2557
340 9911
341 5019
341 6071
342 7557
342 8702
343 6389
343 7032
344 1254
344 4289
345 2356
345 7842
346 8984
346 5534
347 7838
347 6997
348 872
348 7704
349 5985
349 9969
350 5629
350 389
351 805
351 1994
352 4831
352 1246
353 4566
353 7747
354 6735
354 4803
355 8403
355 360
356 9810
356 1732
357 8065
357 2729
358 1448
358 5796
359 2146
359 1046
360 1117
360 2950
361 1889
361 2398
362 3077
362 3231
363 2933
363 852
364 5745
364 9025
365 5234
365 3556
366 555
366 3995
367 9938
367 3441
368 197
368 7257
369 1621
369 4598
370 6878
370 5815
371 8374
371 6124
372 898
372 1104
373 4173
373 1916
374 3242
374 7523
375 1832
375 2342
376 6235
376 3183
377 8728
377 8415
378 4674
378 5173
379 400
379 7120
380 7691
380 3930
381 4546
381 9989
382 7024
382 1599
383 7875
383 1393
384 9206
384 3234
385 5390
385 9542
386 7358
386 4008
387 5950
387 871
388 5352
388 6044
389 9458
389 3079
390 7454
390 2614
391 2386
391 7402
392 4471
392 8727
393 2043
393 9295
394 4352
394 7033
395 5470
395 2600
396 8065
396 5695
397 3209
397 9432
398 7241
398 4393
399 3161
399 8110
400 6596
400 6664
401 1171
401 1366
402 5188
402 2191
403 7928
403 7347
404 2913
404 8314
405 3441
405 8301
406 5386
406 226
407 3407
407 2563
408 7620
408 2157
409 7986
409 9484
410 1206
410 8464
411 4998
411 6176
412 4677
412 7520
413 5711
413 4322
414 7182
414 7046
415 1694
415 6725
416 4968
416 2463
417 3441
417 984
418 6998
418 6621
419 2256
419 4572
420 8109
420 8909
421 9911
421 9787
422 3175
422 9978
423 8065
423 4406
424 488
424 2590
425 2267
425 5038
426 7845
426 4857
427 1744
427 8099
428 7532
428 3212
429 2652
429 8697
430 279
430 5249
431 9777
431 7375
432 3208
432 8408
433 1131
433 2441
434 6414
434 6637
435 5283
435 1367
436 311
436 6120
437 4441
437 6837
438 5865
438 1269
439 2987
439 9368
440 2335
440 8279
441 3893
441 9451
442 30
442 794
443 7527
443 3678
444 5150
444 7470
445 4400
445 8341
446 9379
446 4072
447 8293
447 6423
448 6559
448 1905
449 5052
449 2144
450 1732
450 6482
451 2854
451 9476
452 9340
452 1416
453 7590
453 3221
454 71
454 7540
455 8475
455 2314
456 2597
456 3679
457 1123
457 2432
458 9948
458 8002
459 2885
459 1712
460 4974
460 8144
461 8875
461 3607
462 2172
462 5285
463 8459
463 8513
464 8765
464 8004
465 4833
465 2494
466 4366
466 4723
467 1133
467 2141
468 5948
468 7110
469 8959
469 252
470 2013
470 6167
471 5534
471 5980
472 9177
472 8666
473 3315
473 7509
474 5266
474 8511
475 6100
475 3815
476 1940
476 6242
477 1776
477 5918
478 1329
478 8381
479 3688
479 6657
480 9126
480 3459
481 5770
481 8730
482 6750
482 6185
483 8579
483 8719
484 9576
484 4453
485 3931
485 1448
486 1446
486 4330
487 7514
487 532
488 6932
488 1521
489 9189
489 9074
490 4154
490 6693
491 1108
491 543
492 5226
492 2653
493 8495
493 6449
494 9926
494 2125
495 9338
495 4686
496 9535
496 4233
497 2439
497 6751
498 8146
498 8910
499 6059
499 4016
500 5872
500 3149
501 8578
501 7276
502 33
502 3726
503 8431
503 7521
504 560
504 9238
505 6957
505 2730
506 68
506 1525
507 2775
507 4797
508 1326
508 2241
509 1220
509 4958
510 5215
510 4797
511 5789
511 6523
512 6635
512 5124
513 213
513 8219
514 8731
514 6204
515 6634
515 7506
516 9245
516 8826
517 4379
517 4613
518 3684
518 2572
519 3182
519 410
520 2635
520 7724
521 8207
521 2713
522 5249
522 640
523 2799
523 1426
524 7405
524 8000
525 87
525 9607
526 9285
526 7222
527 3124
527 3770
528 9915
528 2870
529 350
529 8636
530 437
530 7033
531 4858
531 269
532 8969
532 5116
533 5177
533 6926
534 1910
534 9521
535 5684
535 3382
536 1250
536 6731
537 8865
537 4339
538 8917
538 2897
539 3176
539 2533
540 894
540 6366
541 2470
541 690
542 1465
542 5497
543 5755
543 6135
544 5866
544 9763
545 9333
545 5151
546 5771
546 5655
547 6404
547 5509
548 7072
548 8690
549 3935
549 2492
550 9874
550 4797
551 2682
551 3057
552 8562
552 9658
553 3296
553 7473
554 4912
554 7151
555 9552
555 3681
556 8554
556 1055
557 3608
557 7782
558 1023
558 6404
559 5425
559 7255
560 2190
560 9420
561 5303
561 6525
562 5551
562 2479
563 1539
563 2696
564 9738
564 4557
565 4418
565 3195
566 8097
566 2255
567 5115
567 7796
568 7648
568 5022
569 3852
569 3296
570 3170
570 2855
571 2504
571 6166
572 493
572 4100
573 7720
573 9129
574 1134
574 4103
575 188
575 2021
576 8673
576 6593
577 4387
577 1770
578 4142
578 563
579 4552
579 5586
580 5327
580 838
581 3895
581 1774
582 8025
582 7239
583 4913
583 4727
584 6577
584 3672
585 6886
585 2479
586 7859
586 2652
587 4766
587 5045
588 7439
588 5337
589 5232
589 4430
590 9022
590 4479
591 3213
591 7265
592 2022
592 2829
593 1537
593 2979
594 293
594 8599
595 5159
595 5828
596 8253
596 4245
597 5361
597 8875
598 8315
598 3133
599 881
599 847
600 8523
600 7923
601 4508
601 7578
602 805
602 7030
603 8850
603 8078
604 9452
604 5653
605 4016
605 2643
606 4101
606 3748
607 2204
607 1165
608 3423
608 2930
609 3749
609 6601
610 7389
610 1029
611 790
611 5545
612 5215
612 1446
613 9676
613 8059
614 4579
614 3769
615 59
615 6649
616 5392
616 7906
617 1997
617 1085
618 2321
618 5423
619 9547
619 861
620 9780
620 5463
621 897
621 7598
622 642
622 2039
623 4902
623 7439
624 115
624 3277
625 1673
625 4741
626 4969
626 9461
627 6774
627 412
628 1220
628 7424
629 5761
629 6119
630 3683
630 9046
631 1079
631 7867
632 9426
632 4096
633 7884
633 6687
634 3237
634 6511
635 557
635 5052
636 5719
636 4018
637 3853
637 9084
638 8741
638 3745
639 3706
639 2696
640 9060
640 955
641 3631
641 3743
642 9617
642 7793
643 602
643 157
644 2560
644 3757
645 2572
645 6564
646 3539
646 1576
647 8594
647 4430
648 1625
648 8057
649 14
649 6032
650 7520
650 8108
651 9858
651 7707
652 8727
652 7597
653 3334
653 6962
654 5216
654 752
655 9356
655 7622
656 6484
656 6833
657 507
657 3234
658 8967
658 6653
659 6729
659 1995
660 7130
660 1944
661 5236
661 5734
662 876
662 6072
663 6559
663 6978
664 4665
664 4365
665 7990
665 3319
666 132
666 5707
667 5819
667 645
668 4529
668 3409
669 3846
669 7524
670 6526
670 5541
671 4202
671 4773
672 4222
672 3394
673 6965
673 7927
674 5774
674 8617
675 6200
675 21
676 5049
676 1839
677 2396
677 41
678 157
678 3807
679 5891
679 3895
680 6615
680 3996
681 2084
681 3187
682 7457
682 9704
683 7994
683 5877
684 9056
684 9239
685 9518
685 9161
686 2367
686 9060
687 4355
687 102
688 8857
688 8321
689 723
689 3715
690 2156
690 6927
691 6081
691 8995
692 9523
692 1869
693 5857
693 2256
694 3038
694 3274
695 6098
695 2382
696 9986
696 3412
697 3379
697 4067
698 516
698 2119
699 8439
699 6143
700 3350
700 548
701 5126
701 3527
702 2052
702 2974
703 7536
703 5684
704 1472
704 9232
705 6090
705 261
706 7254
706 8637
707 1171
707 4619
708 5787
708 3882
709 4920
709 2488
710 5852
710 4960
711 3133
711 1476
712 6357
712 9792
713 6822
713 2713
714 1795
714 9091
715 3829
715 9332
716 3728
716 827
717 8851
717 497
718 9517
718 7411
719 9826
719 1562
720 564
720 8008
721 6762
721 230
722 1919
722 1480
723 5054
723 3272
724 301
724 9689
725 473
725 1134
726 5703
726 9383
727 9462
727 7859
728 1488
728 7090
729 8650
729 1671
730 8385
730 2105
731 6312
731 2167
732 4108
732 9639
733 9824
733 4564
734 7085
734 6303
735 5539
735 8716
736 938
736 5230
737 9983
737 6740
738 4566
738 521
739 9270
739 1566
740 8207
740 1254
741 7410
741 3522
742 6831
742 8575
743 5044
743 9375
744 653
744 3400
745 6172
745 3293
746 6929
746 7243
747 2558
747 4822
748 5616
748 5579
749 6178
749 8694
750 8381
750 3860
751 4481
751 6858
752 7800
752 4958
753 5178
753 2658
754 2484
754 6134
755 2537
755 4179
756 6412
756 4819
757 7488
757 6950
758 7847
758 9089
759 9
759 7378
760 7703
760 5571
761 914
761 6949
762 180
762 9447
763 5472
763 6283
764 3199
764 9695
765 4830
765 263
766 4823
766 5983
767 9966
767 9556
768 3055
768 9785
769 8724
769 7157
770 2809
770 5064
771 8103
771 3040
772 6007
772 5701
773 7940
773 3734
774 1435
774 7754
775 8779
775 1869
776 478
776 3723
777 4684
777 5410
778 3300
778 3708
779 2637
779 6778
780 4002
780 7760
781 1839
781 6327
782 6294
782 9169
783 5773
783 8903
784 1365
784 5778
785 4873
785 3925
786 973
786 226
787 6453
787 3583
788 9840
788 2295
789 2421
789 1726
790 2437
790 1278
791 1864
791 9622
792 349
792 9799
793 1935
793 5713
794 5987
794 4
795 6268
795 9758
796 8551
796 619
797 9631
797 7021
798 5507
798 4846
799 5359
799 2267
800 6979
800 9358
801 1592
801 6757
802 1576
802 2515
803 6406
803 454
804 3165
804 98
805 9069
805 2387
806 2215
806 1810
807 6396
807 1233
808 4227
808 625
809 4985
809 8242
810 3935
810 834
811 6852
811 9943
812 4177
812 7966
813 40
813 1231
814 6644
814 4268
815 4628
815 2289
816 3985
816 5906
817 6365
817 3670
818 4920
818 9411
819 96
819 9995
820 2447
820 5375
821 9418
821 479
822 6972
822 395
823 3318
823 5335
824 7047
824 6047
825 8757
825 3418
826 1939
826 7345
827 994
827 8824
828 1396
828 5748
829 380
829 4643
830 5127
830 9104
831 4212
831 6368
832 3145
832 8734
833 2296
833 9748
834 5014
834 9729
835 9425
835 6603
836 662
836 9603
837 2517
837 5894
838 8705
838 3662
839 7120
839 3273
840 9164
840 996
841 3094
841 2911
842 6756
842 5107
843 3999
843 5252
844 9489
844 7363
845 670
845 4892
846 5191
846 8940
847 2854
847 1523
848 3567
848 9470
849 9149
849 6323
850 1230
850 8048
851 8021
851 4844
852 3849
852 4428
853 4937
853 1166
854 11
854 955
855 2565
855 4424
856 443
856 3469
857 2712
857 2726
858 6371
858 4556
859 1300
859 1553
860 5660
860 7259
861 7106
861 6150
862 1199
862 9679
863 8850
863 9865
864 4806
864 6968
865 9504
865 4589
866 9348
866 9109
867 3549
867 795
868 4573
868 6853
869 7177
869 8432
870 6891
870 4509
871 3461
871 8124
872 1431
872 4575
873 6087
873 5314
874 9970
874 4373
875 8708
875 8238
876 6446
876 4741
877 5626
877 6569
878 196
878 5662
879 2121
879 562
880 7973
880 6776
881 4266
881 8242
882 8632
882 1753
883 3622
883 4552
884 231
884 8267
885 2196
885 6210
886 5959
886 6806
887 1757
887 2408
888 8225
888 8390
889 9480
889 4947
890 6399
890 6035
891 7407
891 9641
892 1713
892 6750
893 2582
893 9506
894 9785
894 1322
895 4205
895 5483
896 4431
896 5008
897 4539
897 6258
898 6976
898 3362
899 8619
899 9991
900 663
900 5362
901 2638
901 3117
902 5805
902 2000
903 3884
903 1857
904 1875
904 9921
905 1419
905 4239
906 6852
906 4076
907 3927
907 8181
908 3598
908 8598
909 9358
909 4403
910 9494
910 6533
911 3203
911 3472
912 7463
912 9892
913 2247
913 4575
914 6154
914 9730
915 2946
915 6746
916 6730
916 5984
917 3170
917 4625
918 5034
918 3674
919 8328
919 1395
920 7393
920 7376
921 2949
921 6102
922 5840
922 5535
923 6506
923 3217
924 316
924 7249
925 2339
925 7683
926 715
926 1399
927 3085
927 486
928 2250
928 362
929 8740
929 1067
930 9028
930 8375
931 5289
931 2148
932 6498
932 8269
933 6782
933 8764
934 2913
934 3746
935 2422
935 7224
936 5537
936 4359
937 2066
937 4461
938 7360
938 2088
939 7364
939 5628
940 3166
940 6081
941 5742
941 1014
942 3243
942 9912
943 6286
943 7724
944 4461
944 9991
945 694
945 4834
946 9812
946 5415
947 5235
947 8034
948 8604
948 5308
949 5810
949 32
950 1761
950 2810
951 3200
951 9886
952 8099
952 9572
953 4590
953 2893
954 7102
954 2521
955 5207
955 9998
956 7727
956 3702
957 1756
957 1348
958 4221
958 7184
959 958
959 4358
960 5790
960 3853
961 1538
961 4667
962 4697
962 5665
963 427
963 4091
964 4996
964 8608
965 4348
965 5242
966 4824
966 4513
967 7962
967 46
968 1218
968 8995
969 7850
969 2047
970 3964
970 825
971 1138
971 8028
972 8981
972 6539
973 1850
973 3325
974 9399
974 2005
975 1973
975 3214
976 4478
976 7865
977 1654
977 6326
978 53
978 8710
979 956
979 6129
980 1232
980 9190
981 1497
981 9142
982 6911
982 6161
983 263
983 5405
984 6081
984 906
985 2849
985 9580
986 7402
986 4597
987 708
987 4091
988 8887
988 6293
989 536
989 5312
990 5006
990 2984
991 8989
991 1361
992 6738
992 5858
993 4590
993 9593
994 1921
994 9291
995 7029
995 5528
996 4350
996 5315
997 7599
997 5013
998 3352
998 5984
999 864
999 7690
1000 5336
1000 7335
1001 6160
1001 6268
1002 4266
1002 2427
1003 1908
1003 4990
1004 2146
1004 7872
1005 564
1005 9284
1006 1203
1006 5426
1007 8121
1007 7036
1008 5826
1008 5731
1009 375
1009 544
1010 6582
1010 7528
1011 5006
1011 2013
1012 2961
1012 9474
1013 274
1013 7606
1014 3515
1014 3580
1015 7644
1015 8957
1016 1572
1016 8895
1017 4410
1017 3633
1018 69
1018 3864
1019 2583
1019 196
1020 9749
1020 3521
1021 1449
1021 8052
1022 4129
1022 5796
1023 6971
1023 9275
1024 7504
1024 4097
1025 9100
1025 6791
1026 9503
1026 3264
1027 5250
1027 3163
1028 117
1028 9476
1029 2472
1029 2249
1030 7098
1030 8394
1031 3171
1031 722
1032 2710
1032 7656
1033 431
1033 9942
1034 8054
1034 4072
1035 3798
1035 3747
1036 7422
1036 5323
1037 3689
1037 1333
1038 3034
1038 2790
1039 9690
1039 1543
1040 4673
1040 8096
1041 7461
1041 1789
1042 9616
1042 6373
1043 2433
1043 321
1044 292
1044 8284
1045 8065
1045 5383
1046 8355
1046 4275
1047 4245
1047 4505
1048 5609
1048 9951
1049 5348
1049 7503
1050 2906
1050 8483
1051 5539
1051 5961
1052 4503
1052 4119
1053 3764
1053 410
1054 4028
1054 3409
1055 8522
1055 3346
1056 9344
1056 519
1057 177
1057 5453
1058 2526
1058 5284
1059 5625
1059 6776
1060 6877
1060 2222
1061 3100
1061 1573
1062 5644
1062 6672
1063 1153
1063 2420
1064 5085
1064 8492
1065 3619
1065 4373
1066 443
1066 3673
1067 336
1067 2540
1068 5961
1068 8860
1069 2106
1069 5787
1070 1232
1070 4561
1071 4734
1071 59
1072 6838
1072 9931
1073 4140
1073 3105
1074 405
1074 4290
1075 3306
1075 4570
1076 4567
1076 6107
1077 9887
1077 6493
1078 5782
1078 2174
1079 3946
1079 8565
1080 1610
1080 1321
1081 2264
1081 2628
1082 7331
1082 820
1083 9621
1083 8241
1084 7235
1084 8367
1085 6118
1085 3613
1086 6955
1086 4033
1087 3842
1087 5810
1088 9021
1088 5680
1089 1458
1089 9500
1090 1162
1090 9213
1091 9212
1091 3799
1092 765
1092 3363
1093 9849
1093 9572
1094 9603
1094 1094
1095 9947
1095 6988
1096 8980
1096 3851
1097 4644
1097 9753
1098 1298
1098 9235
1099 6774
1099 5601
1100 3998
1100 4479
1101 1647
1101 4066
1102 3259
1102 6489
1103 8300
1103 2641
1104 4505
1104 1684
1105 8888
1105 1529
1106 1958
1106 5300
1107 7720
1107 1785
1108 6126
1108 7214
1109 2076
1109 5309
1110 6347
1110 9183
1111 5395
1111 6068
1112 9380
1112 1455
1113 480
1113 5714
1114 6502
1114 8184
1115 9846
1115 5858
1116 8917
1116 5880
1117 5043
1117 6919
1118 241
1118 9085
1119 2393
1119 7056
1120 6672
1120 8173
1121 8544
1121 3035
1122 9322
1122 8444
1123 7592
1123 5202
1124 552
1124 5807
1125 1185
1125 3026
1126 4166
1126 6168
1127 8228
1127 7074
1128 1758
1128 3885
1129 1530
1129 1802
1130 1903
1130 3337
1131 6419
1131 9771
1132 2989
1132 8282
1133 2328
1133 8835
1134 1254
1134 2200
1135 4781
1135 7053
1136 3175
1136 2891
1137 897
1137 7720
1138 2002
1138 7306
1139 8501
1139 3141
1140 1593
1140 1263
1141 3199
1141 3451
1142 1421
1142 4251
1143 6174
1143 9346
1144 3317
1144 5506
1145 6675
1145 8007
1146 725
1146 6570
1147 6343
1147 6538
1148 5910
1148 8796
1149 6454
1149 4595
1150 7026
1150 4017
1151 684
1151 127
1152 3749
1152 1967
1153 7212
1153 3097
1154 8641
1154 9746
1155 4644
1155 6520
1156 1849
1156 2043
1157 7088
1157 1597
1158 6018
1158 7735
1159 5250
1159 5496
1160 3185
1160 207
1161 8524
1161 7255
1162 6129
1162 4814
1163 4000
1163 5737
1164 4468
1164 3915
1165 1483
1165 9944
1166 7569
1166 6431
1167 8367
1167 1694
1168 6636
1168 7696
1169 2049
1169 1033
1170 5313
1170 9076
1171 7205
1171 6916
1172 9982
1172 914
1173 8550
1173 8474
1174 5593
1174 5727
1175 3002
1175 8969
1176 4537
1176 8840
1177 7638
1177 7460
1178 7424
1178 7763
1179 9814
1179 600
1180 5300
1180 2849
1181 5393
1181 3225
1182 4825
1182 8689
1183 8586
1183 7884
1184 9928
1184 2038
1185 214
1185 4879
1186 9679
1186 2716
1187 2210
1187 8590
1188 5043
1188 6070
1189 7157
1189 8767
1190 5721
1190 4586
1191 5614
1191 6525
1192 8547
1192 1822
1193 2415
1193 57
1194 1784
1194 4752
1195 3455
1195 2988
1196 2516
1196 6027
1197 6436
1197 4156
1198 337
1198 3380
1199 610
1199 4146
1200 9298
1200 408
1201 7326
1201 1585
1202 6540
1202 4670
1203 3544
1203 9590
1204 1790
1204 4420
1205 5766
1205 1136
1206 6981
1206 2365
1207 3001
1207 9900
1208 6704
1208 2533
1209 2399
1209 7478
1210 3138
1210 2359
1211 2442
1211 7311
1212 6792
1212 6050
1213 1451
1213 2581
1214 2437
1214 2982
1215 290
1215 1009
1216 9046
1216 5769
1217 4413
1217 7724
1218 6884
1218 630
1219 9806
1219 1000
1220 6164
1220 7770
1221 6538
1221 7045
1222 5297
1222 254
1223 7747
1223 9980
1224 8684
1224 4265
1225 9943
1225 4253
1226 5725
1226 652
1227 5871
1227 8762
1228 5932
1228 4909
1229 4680
1229 8136
1230 8431
1230 5667
1231 1926
1231 7343
1232 5336
1232 2488
1233 175
1233 8345
1234 8997
1234 7875
1235 4905
1235 5944
1236 7330
1236 892
1237 488
1237 6062
1238 3561
1238 9372
1239 6753
1239 8861
1240 233
1240 97
1241 5873
1241 6351
1242 6597
1242 1642
1243 9880
1243 23
1244 4850
1244 2217
1245 6803
1245 3056
1246 6619
1246 352
1247 7706
1247 3604
1248 8125
1248 205
1249 1694
1249 9654
1250 8935
1250 1352
1251 1185
1251 17
1252 9120
1252 7003
1253 1869
1253 394
1254 3382
1254 1140
1255 385
1255 394
1256 7619
1256 1695
1257 8
1257 7467
1258 7368
1258 3853
1259 5783
1259 92
1260 545
1260 3085
1261 5295
1261 4116
1262 4811
1262 9454
1263 2290
1263 3400
1264 2877
1264 3704
1265 6151
1265 1429
1266 2317
1266 490
1267 1500
1267 4705
1268 9659
1268 8395
1269 9361
1269 2617
1270 8627
1270 537
1271 2058
1271 6247
1272 2517
1272 231
1273 350
1273 5899
1274 9262
1274 8031
1275 9980
1275 3274
1276 1613
1276 8917
1277 6288
1277 8306
1278 7282
1278 4643
1279 8854
1279 5236
1280 9659
1280 7515
1281 6596
1281 8876
1282 5888
1282 7994
1283 4509
1283 3976
1284 5254
1284 5911
1285 498
1285 8825
1286 3895
1286 1109
1287 5863
1287 8427
1288 561
1288 5476
1289 1235
1289 9058
1290 3484
1290 4443
1291 5339
1291 4494
1292 9024
1292 3489
1293 4189
1293 4059
1294 6662
1294 6492
1295 5470
1295 6284
1296 4013
1296 8847
1297 6891
1297 2896
1298 8786
1298 1481
1299 7344
1299 1656
1300 6484
1300 4331
1301 6567
1301 1732
1302 3237
1302 9863
1303 9693
1303 4147
1304 3444
1304 3185
1305 3912
1305 2507
1306 2767
1306 4452
1307 3903
1307 9065
1308 1579
1308 6130
1309 3628
1309 3285
1310 9928
1310 4057
1311 7312
1311 9984
1312 1231
1312 8619
1313 7627
1313 948
1314 4467
1314 6912
1315 4222
1315 4494
1316 3116
1316 6037
1317 6822
1317 7309
1318 473
1318 1663
1319 5467
1319 4059
1320 5407
1320 2379
1321 5225
1321 7655
1322 5131
1322 4859
1323 6295
1323 5027
1324 5137
1324 9177
1325 2279
1325 2662
1326 3097
1326 8779
1327 9107
1327 519
1328 1226
1328 2744
1329 4092
1329 3275
1330 5132
1330 2868
1331 960
1331 8632
1332 4367
1332 8144
1333 9579
1333 3601
1334 9686
1334 6575
1335 4808
1335 2739
1336 2216
1336 3677
1337 1022
1337 7866
1338 1976
1338 3191
1339 3380
1339 1574
1340 5752
1340 2629
1341 6893
1341 66
1342 1120
1342 9362
1343 7973
1343 1183
1344 9929
1344 4490
1345 603
1345 6286
1346 9392
1346 6253
1347 5980
1347 5193
1348 6849
1348 9686
1349 6397
1349 1233
1350 9221
1350 6758
1351 8339
1351 7557
1352 9831
1352 2683
1353 8744
1353 8794
1354 5026
1354 9107
1355 8277
1355 5245
1356 4243
1356 687
1357 1917
1357 2332
1358 6241
1358 7405
1359 8656
1359 9949
1360 2035
1360 6720
1361 1900
1361 1105
1362 2324
1362 4508
1363 3170
1363 1040
1364 825
1364 4985
1365 883
1365 2963
1366 354
1366 4352
1367 779
1367 8632
1368 9892
1368 3208
1369 3695
1369 3931
1370 9685
1370 2929
1371 7177
1371 6838
1372 4614
1372 2587
1373 1738
1373 9760
1374 5136
1374 9157
1375 435
1375 4455
1376 5626
1376 6163
1377 4766
1377 461
1378 3060
1378 1137
1379 7434
1379 2066
1380 9182
1380 1877
1381 4382
1381 7726
1382 6489
1382 1378
1383 3655
1383 2589
1384 9796
1384 2811
1385 2350
1385 8015
1386 108
1386 9859
1387 6360
1387 4950
1388 2398
1388 9797
1389 2691
1389 8598
1390 1742
1390 4924
1391 6772
1391 8227
1392 8009
1392 9364
1393 2921
1393 6083
1394 6219
1394 3087
1395 1285
1395 8901
1396 214
1396 1309
1397 5372
1397 1451
1398 5961
1398 9213
1399 793
1399 2572
1400 3914
1400 4035
1401 1192
1401 901
1402 8989
1402 8732
1403 5830
1403 7491
1404 1140
1404 8622
1405 5798
1405 1049
1406 5605
1406 8589
1407 6507
1407 5703
1408 5875
1408 9320
1409 6234
1409 2802
1410 1320
1410 5721
1411 4085
1411 7045
1412 9043
1412 6215
1413 9804
1413 6160
1414 9512
1414 7524
1415 5829
1415 8292
1416 8609
1416 6548
1417 729
1417 6517
1418 862
1418 251
1419 4253
1419 7098
1420 6117
1420 3354
1421 8807
1421 6364
1422 3863
1422 9303
1423 1330
1423 3269
1424 3486
1424 6405
1425 6130
1425 5947
1426 131
1426 876
1427 836
1427 4749
1428 1700
1428 3757
1429 7225
1429 5501
1430 9216
1430 10000
1431 1415
1431 3991
1432 3519
1432 8594
1433 2740
1433 6540
1434 1799
1434 4893
1435 8639
1435 1773
1436 9559
1436 9167
1437 1559
1437 5635
1438 126
1438 5164
1439 1121
1439 6778
1440 7686
1440 1639
1441 5077
1441 9376
1442 1444
1442 3649
1443 7734
1443 8917
1444 8043
1444 3610
1445 1356
1445 2416
1446 7819
1446 4015
1447 7962
1447 5496
1448 3691
1448 5841
1449 3732
1449 2144
1450 6061
1450 6408
1451 4398
1451 9463
1452 4768
1452 4835
1453 4987
1453 6422
1454 7270
1454 4064
1455 2976
1455 5469
1456 117
1456 9140
1457 133
1457 4043
1458 2969
1458 9548
1459 7668
1459 9874
1460 3448
1460 5814
1461 2309
1461 1994
1462 850
1462 3867
1463 4222
1463 4283
1464 7687
1464 8119
1465 8784
1465 8313
1466 8949
1466 3513
1467 3057
1467 2436
1468 9324
1468 8153
1469 9324
1469 1832
1470 1121
1470 9800
1471 1246
1471 921
1472 9622
1472 1491
1473 5988
1473 9525
1474 1787
1474 1028
1475 7807
1475 1365
1476 6648
1476 3654
1477 2589
1477 5767
1478 285
1478 8238
1479 490
1479 7664
1480 8847
1480 3328
1481 6488
1481 2799
1482 6250
1482 4548
1483 7853
1483 8482
1484 2515
1484 977
1485 3895
1485 6284
1486 9052
1486 1875
1487 6198
1487 161
1488 832
1488 5972
1489 5581
1489 5931
1490 2933
1490 5831
1491 8838
1491 7780
1492 385
1492 2892
1493 2753
1493 8371
1494 5645
1494 5168
1495 9752
1495 742
1496 2775
1496 3720
1497 7140
1497 5724
1498 2021
1498 7649
1499 8454
1499 9246
1500 3660
1500 5971
1501 7866
1501 4014
1502 9719
1502 5951
1503 7881
1503 8775
1504 551
1504 7377
1505 3417
1505 8517
1506 4651
1506 6823
1507 941
1507 8525
1508 4421
1508 9214
1509 1268
1509 4863
1510 1279
1510 1778
1511 8343
1511 5298
1512 2171
1512 6911
1513 4623
1513 3989
1514 4497
1514 5321
1515 9498
1515 50
1516 3528
1516 5855
1517 3677
1517 5556
1518 5788
1518 9824
1519 9423
1519 1393
1520 5701
1520 4875
1521 6437
1521 4573
1522 3407
1522 7428
1523 9731
1523 7011
1524 8856
1524 1037
1525 4197
1525 6698
1526 5589
1526 5981
1527 6339
1527 5075
1528 551
1528 8925
1529 1897
1529 9886
1530 7747
1530 2292
1531 9922
1531 1635
1532 4693
1532 2251
1533 9515
1533 9964
1534 1456
1534 6707
1535 6304
1535 1811
1536 2829
1536 8039
1537 6567
1537 9807
1538 5508
1538 1183
1539 7481
1539 2554
1540 6918
1540 6060
1541 731
1541 3282
1542 3608
1542 5217
1543 186
1543 9884
1544 4669
1544 1789
1545 9297
1545 2192
1546 5309
1546 5436
1547 5197
1547 9041
1548 2660
1548 1233
1549 5204
1549 4519
1550 3663
1550 7291
1551 6233
1551 1052
1552 9622
1552 9438
1553 3878
1553 808
1554 873
1554 6470
1555 7603
1555 615
1556 7148
1556 6386
1557 9792
1557 160
1558 3170
1558 4483
1559 8896
1559 2615
1560 1052
1560 2351
1561 4518
1561 4847
1562 2519
1562 561
1563 9506
1563 9793
1564 224
1564 4043
1565 7299
1565 329
1566 5183
1566 9997
1567 4226
1567 9239
1568 6381
1568 3051
1569 3342
1569 7717
1570 2077
1570 4128
1571 5798
1571 8988
1572 2664
1572 2566
1573 7236
1573 7752
1574 1441
1574 6071
1575 7387
1575 7899
1576 2308
1576 5118
1577 1059
1577 6819
1578 772
1578 194
1579 9289
1579 6927
1580 4628
1580 2196
1581 5737
1581 8010
1582 5636
1582 1840
1583 4148
1583 7801
1584 2443
1584 791
1585 2792
1585 1245
1586 5156
1586 3167
1587 7189
1587 3432
1588 6294
1588 8798
1589 3896
1589 4997
1590 993
1590 9414
1591 4675
1591 196
1592 6415
1592 5193
1593 1329
1593 8665
1594 2343
1594 1570
1595 7968
1595 6985
1596 1311
1596 5461
1597 2059
1597 1133
1598 5723
1598 1802
1599 6928
1599 4427
1600 1581
1600 5448
1601 414
1601 5108
1602 9709
1602 6602
1603 1889
1603 629
1604 9280
1604 2108
1605 6393
1605 6553
1606 5787
1606 8533
1607 8985
1607 135
1608 4818
1608 5989
1609 5100
1609 5980
1610 5082
1610 4268
1611 9870
1611 7614
1612 2942
1612 1472
1613 6720
1613 5045
1614 5405
1614 7792
1615 5908
1615 7053
1616 2505
1616 7360
1617 4274
1617 2165
1618 60
1618 9742
1619 3061
1619 8949
1620 1064
1620 8428
1621 6152
1621 9450
1622 8979
1622 1733
1623 1200
1623 9495
1624 6567
1624 5575
1625 6605
1625 7930
1626 4820
1626 2655
1627 8783
1627 3390
1628 2060
1628 9413
1629 1506
1629 3693
1630 7219
1630 7504
1631 5152
1631 3249
1632 4435
1632 3353
1633 1205
1633 9425
1634 1416
1634 2827
1635 4612
1635 4110
1636 1933
1636 3445
1637 9146
1637 383
1638 9081
1638 9123
1639 561
1639 2130
1640 5829
1640 9176
1641 6190
1641 461
1642 991
1642 9754
1643 3732
1643 2388
1644 5967
1644 9303
1645 6998
1645 5325
1646 6785
1646 9138
1647 3087
1647 3736
1648 5031
1648 1797
1649 1626
1649 6142
1650 7274
1650 9200
1651 7209
1651 6910
1652 4350
1652 8803
1653 3363
1653 5984
1654 8033
1654 4098
1655 5297
1655 7322
1656 9151
1656 1881
1657 8399
1657 7259
1658 7677
1658 6751
1659 3966
1659 4136
1660 1753
1660 3281
1661 9024
1661 1953
1662 6616
1662 2215
1663 4793
1663 3094
1664 216
1664 9850
1665 3664
1665 6134
1666 1677
1666 8782
1667 7393
1667 3377
1668 3556
1668 6886
1669 3243
1669 7905
1670 4293
1670 2446
1671 9383
1671 299
1672 401
1672 2206
1673 3197
1673 2451
1674 5680
1674 2490
1675 7760
1675 5163
1676 671
1676 9011
1677 8220
1677 9417
1678 9052
1678 7939
1679 3582
1679 1767
1680 2589
1680 7171
1681 3140
1681 5281
1682 1877
1682 5249
1683 976
1683 4616
1684 6185
1684 1633
1685 4435
1685 1189
1686 4131
1686 1188
1687 2737
1687 50
1688 1872
1688 9806
1689 1721
1689 1099
1690 6653
1690 5270
1691 4375
1691 6277
1692 6114
1692 9851
1693 2657
1693 4269
1694 8959
1694 9151
1695 7141
1695 2260
1696 9171
1696 8506
1697 4795
1697 6871
1698 2136
1698 78
1699 5958
1699 8845
1700 5175
1700 1625
1701 6764
1701 7895
1702 7004
1702 8200
1703 7374
1703 1166
1704 4374
1704 7456
1705 3098
1705 7632
1706 2294
1706 2950
1707 2160
1707 802
1708 9679
1708 409
1709 6570
1709 5775
1710 1584
1710 3508
1711 9979
1711 2128
1712 7523
1712 7162
1713 9300
1713 8013
1714 5696
1714 8039
1715 6199
1715 6252
1716 231
1716 1136
1717 2025
1717 7067
1718 5388
1718 8810
1719 5663
1719 5982
1720 3412
1720 3369
1721 7035
1721 1249
1722 5629
1722 6086
1723 4893
1723 338
1724 3371
1724 5226
1725 3738
1725 1559
1726 9365
1726 4444
1727 4817
1727 3858
1728 6684
1728 4842
1729 5008
1729 5632
1730 6804
1730 9714
1731 2925
1731 1061
1732 6718
1732 2198
1733 3390
1733 8698
1734 1136
1734 1194
1735 1823
1735 7472
1736 7273
1736 5321
1737 5446
1737 5408
1738 4777
1738 4616
1739 8670
1739 8520
1740 982
1740 7416
1741 2049
1741 181
1742 4449
1742 5166
1743 9399
1743 8743
1744 6052
1744 588
1745 9306
1745 392
1746 5098
1746 9226
1747 3844
1747 5302
1748 3804
1748 2547
1749 5356
1749 656
1750 1566
1750 2070
1751 2043
1751 1228
1752 6392
1752 6508
1753 1524
1753 8269
1754 4385
1754 4271
1755 3504
1755 6484
1756 8145
1756 2724
1757 4646
1757 7781
1758 2377
1758 3547
1759 4157
1759 5839
1760 3407
1760 5068
1761 3721
1761 5731
1762 277
1762 5214
1763 3257
1763 191
1764 7721
1764 4715
1765 734
1765 2303
1766 5161
1766 1603
1767 4197
1767 2229
1768 7533
1768 6630
1769 8030
1769 9670
1770 7515
1770 9509
1771 5485
1771 452
1772 3365
1772 8760
1773 7543
1773 4558
1774 9482
1774 5871
1775 8288
1775 4988
1776 391
1776 7580
1777 3752
1777 1683
1778 7840
1778 4782
1779 4055
1779 7239
1780 8613
1780 9623
1781 7962
1781 3013
1782 4821
1782 9634
1783 7706
1783 2996
1784 1335
1784 4686
1785 1076
1785 3941
1786 8762
1786 4367
1787 2073
1787 4561
1788 1786
1788 5972
1789 677
1789 7597
1790 8992
1790 8700
1791 5419
1791 1291
1792 420
1792 5652
1793 909
1793 8427
1794 3519
1794 6583
1795 2504
1795 3957
1796 6308
1796 820
1797 2907
1797 943
1798 7442
1798 2887
1799 3307
1799 7993
1800 7431
1800 4692
1801 9282
1801 9196
1802 9325
1802 2290
1803 1229
1803 895
1804 8904
1804 5051
1805 9992
1805 1810
1806 5659
1806 3162
1807 1709
1807 4745
1808 9562
1808 702
1809 4830
1809 3394
1810 699
1810 6100
1811 3084
1811 802
1812 2890
1812 3250
1813 5511
1813 9911
1814 3037
1814 6109
1815 8162
1815 9145
1816 9598
1816 4630
1817 311
1817 4599
1818 376
1818 8192
1819 8668
1819 4549
1820 9220
1820 9266
1821 6482
1821 8834
1822 3956
1822 8020
1823 9808
1823 4108
1824 1319
1824 7862
1825 3588
1825 7435
1826 1217
1826 5499
1827 1699
1827 8036
1828 7839
1828 162
1829 6063
1829 5392
1830 9564
1830 9071
1831 1715
1831 8104
1832 8140
1832 9876
1833 3692
1833 7653
1834 5179
1834 9650
1835 6056
1835 7509
1836 737
1836 2173
1837 9417
1837 3236
1838 3990
1838 2712
1839 6114
1839 4245
1840 8742
1840 8200
1841 7928
1841 1445
1842 5473
1842 5388
1843 1131
1843 3551
1844 9480
1844 420
1845 8415
1845 934
1846 1835
1846 4283
1847 7803
1847 7483
1848 6107
1848 4717
1849 9689
1849 3562
1850 3477
1850 8732
1851 8169
1851 9262
1852 5528
1852 1374
1853 138
1853 2843
1854 82
1854 8401
1855 3877
1855 681
1856 7220
1856 4636
1857 851
1857 8588
1858 1351
1858 2619
1859 6237
1859 6959
1860 6920
1860 6500
1861 2697
1861 985
1862 764
1862 572
1863 9454
1863 4197
1864 3218
1864 9673
1865 9194
1865 139
1866 9662
1866 9220
1867 9250
1867 5158
1868 8428
1868 1572
1869 5395
1869 5577
1870 6149
1870 105
1871 3530
1871 8723
1872 665
1872 1604
1873 8037
1873 610
1874 5892
1874 7507
1875 9267
1875 2586
1876 6697
1876 7448
1877 9092
1877 5424
1878 9318
1878 4552
1879 7475
1879 5957
1880 4444
1880 2125
1881 9589
1881 4236
1882 6938
1882 8696
1883 9481
1883 4063
1884 7028
1884 708
1885 6148
1885 1290
1886 3710
1886 3700
1887 1924
1887 10000
1888 216
1888 4717
1889 3741
1889 7936
1890 9116
1890 5282
1891 1927
1891 458
1892 1442
1892 3760
1893 7885
1893 7968
1894 3133
1894 3090
1895 6803
1895 5107
1896 6624
1896 8213
1897 8435
1897 6495
1898 9214
1898 1094
1899 9098
1899 2840
1900 9373
1900 910
1901 7705
1901 1285
1902 1781
1902 8145
1903 1167
1903 2016
1904 7982
1904 1595
1905 8319
1905 229
1906 3028
1906 613
1907 2193
1907 1649
1908 6748
1908 2353
1909 2111
1909 9379
1910 7738
1910 9603
1911 9879
1911 4655
1912 417
1912 5603
1913 8755
1913 2003
1914 1658
1914 2411
1915 5041
1915 3677
1916 6194
1916 759
1917 3389
1917 6149
1918 6543
1918 4885
1919 5193
1919 9983
1920 2112
1920 9541
1921 6294
1921 1058
1922 7828
1922 5065
1923 5272
1923 3311
1924 9769
1924 7030
1925 2456
1925 4764
1926 1774
1926 524
1927 6665
1927 7695
1928 477
1928 2669
1929 7490
1929 8204
1930 4428
1930 1586
1931 1307
1931 2753
1932 1953
1932 2150
1933 6130
1933 7293
1934 6952
1934 475
1935 5699
1935 3831
1936 3733
1936 5881
1937 8865
1937 2806
1938 9981
1938 9769
1939 4043
1939 7272
1940 1115
1940 29
1941 6016
1941 830
1942 9129
1942 1954
1943 3562
1943 892
1944 1370
1944 4701
1945 9597
1945 7659
1946 7847
1946 6101
1947 8096
1947 7218
1948 4482
1948 6420
1949 2807
1949 9408
1950 1506
1950 5633
1951 6871
1951 7837
1952 5850
1952 6993
1953 6848
1953 4418
1954 4257
1954 3161
1955 7668
1955 2682
1956 3285
1956 4962
1957 1533
1957 9955
1958 3105
1958 2780
1959 5322
1959 3889
1960 8098
1960 1322
1961 7324
1961 6387
1962 9480
1962 1507
1963 9160
1963 767
1964 2542
1964 4173
1965 7085
1965 2372
1966 1396
1966 1639
1967 564
1967 2110
1968 4251
1968 2171
1969 292
1969 5521
1970 6008
1970 2935
1971 3987
1971 5173
1972 408
1972 2546
1973 5437
1973 5070
1974 3272
1974 2978
1975 9791
1975 3578
1976 1831
1976 9467
1977 9480
1977 8507
1978 1535
1978 3351
1979 1809
1979 444
1980 9568
1980 8469
1981 4429
1981 5038
1982 6792
1982 8027
1983 5055
1983 749
1984 7397
1984 4798
1985 4076
1985 3066
1986 2084
1986 9223
1987 9756
1987 8301
1988 9843
1988 4887
1989 4518
1989 2377
1990 7392
1990 4953
1991 8742
1991 3550
1992 9992
1992 19
1993 3578
1993 5964
1994 4416
1994 3039
1995 3586
1995 7455
1996 435
1996 8640
1997 7472
1997 798
1998 8902
1998 3547
1999 2841
1999 9685
2000 9888
2000 2817
2001 8304
2001 6172
2002 8427
2002 4435
2003 1813
2003 5106
2004 3726
2004 2803
2005 2851
2005 4577
2006 7075
2006 6659
2007 1998
2007 5443
2008 4521
2008 1839
2009 4410
2009 5135
2010 8286
2010 6206
2011 4727
2011 2957
2012 8367
2012 202
2013 6832
2013 450
2014 5175
2014 4557
2015 3656
2015 3408
2016 4560
2016 270
2017 7656
2017 2923
2018 4424
2018 1671
2019 3575
2019 4074
2020 7787
2020 9715
2021 8612
2021 9733
2022 3144
2022 4989
2023 2107
2023 1078
2024 3976
2024 8867
2025 9039
2025 7017
2026 2076
2026 2906
2027 1602
2027 7206
2028 9847
2028 8214
2029 6246
2029 8207
2030 9437
2030 3891
2031 2632
2031 1722
2032 595
2032 4907
2033 4828
2033 9234
2034 6663
2034 1919
2035 8904
2035 5247
2036 2096
2036 6441
2037 6023
2037 6628
2038 9257
2038 9565
2039 6560
2039 9310
2040 7571
2040 5996
2041 6696
2041 3212
2042 6298
2042 9766
2043 6548
2043 1944
2044 5978
2044 7294
2045 6760
2045 3488
2046 617
2046 4021
2047 5417
2047 8879
2048 5917
2048 7521
2049 1810
2049 2893
2050 8198
2050 3335
2051 6219
2051 1883
2052 9724
2052 1821
2053 7214
2053 5227
2054 2298
2054 3741
2055 718
2055 6325
2056 1581
2056 6007
2057 6128
2057 6770
2058 4338
2058 7943
2059 2383
2059 7274
2060 3178
2060 8542
2061 339
2061 744
2062 3455
2062 1873
2063 8667
2063 4070
2064 9846
2064 3581
2065 1021
2065 6121
2066 9741
2066 4378
2067 5053
2067 2540
2068 8315
2068 6601
2069 5891
2069 2756
2070 110
2070 2589
2071 6610
2071 6300
2072 6583
2072 1863
2073 9460
2073 9710
2074 1464
2074 3193
2075 1536
2075 185
2076 6405
2076 9462
2077 9202
2077 6219
2078 3022
2078 1879
2079 398
2079 306
2080 2667
2080 3340
2081 2567
2081 7633
2082 8708
2082 3145
2083 726
2083 619
2084 47
2084 9080
2085 7314
2085 6033
2086 5597
2086 8958
2087 9108
2087 5715
2088 1795
2088 8541
2089 5662
2089 5688
2090 390
2090 5077
2091 1990
2091 5094
2092 5638
2092 6659
2093 2705
2093 1646
2094 2773
2094 8555
2095 6991
2095 4430
2096 5961
2096 3851
2097 4807
2097 5213
2098 4280
2098 3570
2099 1249
2099 5647
2100 9780
2100 8578
2101 1881
2101 350
2102 6843
2102 8213
2103 2115
2103 7196
2104 9003
2104 6328
2105 8785
2105 9355
2106 2793
2106 3468
2107 4482
2107 2730
2108 6254
2108 5682
2109 2228
2109 5782
2110 2347
2110 9950
2111 5188
2111 6988
2112 5918
2112 8244
2113 1315
2113 7407
2114 8004
2114 1368
2115 8851
2115 9577
2116 4710
2116 1086
2117 7092
2117 4171
2118 1533
2118 7968
2119 8150
2119 6276
2120 5478
2120 5461
2121 4619
2121 4067
2122 3589
2122 84
2123 7091
2123 1273
2124 3531
2124 9080
2125 2095
2125 115
2126 5631
2126 1919
2127 1442
2127 8482
2128 2304
2128 1660
2129 8492
2129 9762
2130 1473
2130 3970
2131 9308
2131 5026
2132 7320
2132 3963
2133 9536
2133 4878
2134 5775
2134 9550
2135 8725
2135 8870
2136 8608
2136 2456
2137 687
2137 1788
2138 8187
2138 1062
2139 73
2139 6220
2140 5244
2140 8152
2141 282
2141 9906
2142 2663
2142 4362
2143 3358
2143 1610
2144 2759
2144 1200
2145 7520
2145 1831
2146 820
2146 9933
2147 5109
2147 4554
2148 6298
2148 1796
2149 8785
2149 3598
2150 3930
2150 9077
2151 1726
2151 6470
2152 4913
2152 3711
2153 5526
2153 7202
2154 1406
2154 894
2155 3163
2155 2917
2156 4421
2156 7787
2157 1958
2157 3673
2158 8303
2158 2048
2159 5895
2159 2494
2160 2701
2160 2167
2161 6288
2161 5220
2162 1054
2162 1588
2163 6158
2163 291
2164 3103
2164 6071
2165 3416
2165 6689
2166 3082
2166 3958
2167 6061
2167 5935
2168 2750
2168 6112
2169 3837
2169 6888
2170 1561
2170 5463
2171 7040
2171 1731
2172 396
2172 2173
2173 5767
2173 323
2174 7650
2174 4511
2175 1597
2175 6663
2176 249
2176 3721
2177 3991
2177 1489
2178 850
2178 4674
2179 252
2179 6819
2180 1840
2180 7192
2181 8971
2181 4909
2182 9527
2182 1463
2183 8140
2183 3700
2184 2772
2184 8593
2185 4783
2185 3373
2186 4040
2186 9564
2187 4671
2187 127
2188 2534
2188 3601
2189 4660
2189 6289
2190 7486
2190 8278
2191 1427
2191 8587
2192 36
2192 5734
2193 7153
2193 6918
2194 9903
2194 3934
2195 4486
2195 465
2196 9671
2196 7296
2197 4183
2197 306
2198 5382
2198 7618
2199 8754
2199 345
2200 2154
2200 1100
2201 3466
2201 600
2202 9530
2202 4721
2203 667
2203 8616
2204 3974
2204 9691
2205 1811
2205 3433
2206 5261
2206 9498
2207 6520
2207 2217
2208 3386
2208 2634
2209 5807
2209 1515
2210 7476
2210 4379
2211 8290
2211 368
2212 8402
2212 5396
2213 6746
2213 6989
2214 3473
2214 9396
2215 5952
2215 870
2216 5068
2216 5037
2217 2547
2217 9460
2218 3641
2218 1654
2219 2040
2219 4098
2220 3979
2220 5149
2221 6668
2221 8863
2222 5832
2222 9152
2223 9197
2223 5803
2224 7897
2224 2820
2225 3055
2225 8964
2226 8725
2226 2677
2227 6457
2227 5521
2228 3193
2228 9948
2229 1880
2229 4254
2230 2397
2230 91
2231 9967
2231 9345
2232 7803
2232 1148
2233 4529
2233 6849
2234 6081
2234 9266
2235 9356
2235 8614
2236 139
2236 5576
2237 2272
2237 4856
2238 3871
2238 3836
2239 5769
2239 9569
2240 1566
2240 8991
2241 7104
2241 3582
2242 2914
2242 5404
2243 2380
2243 7871
2244 4741
2244 537
2245 6544
2245 9713
2246 8531
2246 5009
2247 4014
2247 3374
2248 4968
2248 1789
2249 7838
2249 8174
2250 6772
2250 1569
2251 5484
2251 2219
2252 1240
2252 8569
2253 6060
2253 6244
2254 942
2254 3617
2255 3152
2255 1278
2256 5106
2256 7744
2257 9688
2257 4081
2258 4299
2258 4666
2259 602
2259 9148
2260 7574
2260 4986
2261 5840
2261 6880
2262 1617
2262 7264
2263 8128
2263 3310
2264 9063
2264 3742
2265 2287
2265 9901
2266 4145
2266 5220
2267 157
2267 5675
2268 9700
2268 6404
2269 3747
2269 4768
2270 3317
2270 5948
2271 8250
2271 3756
2272 6795
2272 790
2273 8718
2273 9816
2274 3643
2274 503
2275 7353
2275 2483
2276 406
2276 7555
2277 513
2277 1628
2278 5123
2278 745
2279 7276
2279 3626
2280 7576
2280 6215
2281 8667
2281 4554
2282 7689
2282 2494
2283 508
2283 1323
2284 9194
2284 8617
2285 2004
2285 1840
2286 1400
2286 1348
2287 6984
2287 3025
2288 3012
2288 5479
2289 3385
2289 8087
2290 9113
2290 8398
2291 9399
2291 5727
2292 6022
2292 5602
2293 9000
2293 6211
2294 3303
2294 1447
2295 134
2295 9540
2296 3096
2296 5796
2297 7551
2297 2478
2298 2470
2298 5730
2299 8579
2299 2668
2300 1458
2300 9592
2301 5659
2301 3362
2302 5695
2302 7046
2303 6346
2303 4852
2304 1110
2304 4143
2305 2781
2305 4832
2306 2449
2306 9545
2307 5140
2307 1089
2308 5148
2308 3272
2309 9116
2309 4707
2310 7047
2310 9595
2311 2595
2311 4500
2312 3485
2312 9639
2313 9204
2313 4893
2314 2258
2314 9743
2315 3378
2315 5559
2316 6327
2316 1050
2317 46
2317 3062
2318 5553
2318 6039
2319 2294
2319 248
2320 9847
2320 2524
2321 1405
2321 7929
2322 3061
2322 3487
2323 4103
2323 6184
2324 3213
2324 1032
2325 9648
2325 3651
2326 3033
2326 5386
2327 7154
2327 5300
2328 8086
2328 2498
2329 1096
2329 2384
2330 9691
2330 9027
2331 8671
2331 2287
2332 6687
2332 4567
2333 4124
2333 3088
2334 2050
2334 7293
2335 2219
2335 5757
2336 5399
2336 9484
2337 4304
2337 4948
2338 1981
2338 5393
2339 4386
2339 3012
2340 6388
2340 4167
2341 2149
2341 4935
2342 6348
2342 493
2343 3296
2343 5010
2344 7447
2344 4696
2345 4608
2345 4551
2346 7385
2346 4114
2347 8692
2347 4488
2348 5407
2348 6934
2349 5546
2349 7813
2350 7319
2350 2640
2351 4011
2351 7448
2352 258
2352 1151
2353 8253
2353 6833
2354 881
2354 9144
2355 5067
2355 7341
2356 8278
2356 1175
2357 2032
2357 745
2358 279
2358 6267
2359 2779
2359 6986
2360 8187
2360 4971
2361 8979
2361 7381
2362 5623
2362 8235
2363 9612
2363 510
2364 4560
2364 9469
2365 2833
2365 9130
2366 6298
2366 8729
2367 7264
2367 2632
2368 726
2368 9601
2369 681
2369 2650
2370 9240
2370 823
2371 6178
2371 1256
2372 2071
2372 9161
2373 7894
2373 6123
2374 4900
2374 7787
2375 5200
2375 8918
2376 3738
2376 4729
2377 952
2377 6302
2378 6708
2378 7730
2379 6258
2379 6939
2380 8105
2380 8622
2381 6638
2381 5295
2382 4048
2382 1051
2383 2863
2383 9023
2384 9852
2384 7271
2385 9811
2385 6434
2386 7194
2386 307
2387 5170
2387 3187
2388 7988
2388 4582
2389 7079
2389 2225
2390 6419
2390 9856
2391 5992
2391 9788
2392 7441
2392 4216
2393 7014
2393 7447
2394 8014
2394 4222
2395 1984
2395 4521
2396 9393
2396 8466
2397 7613
2397 3728
2398 1556
2398 104
2399 9808
2399 2033
2400 7180
2400 7713
2401 6200
2401 6193
2402 3544
2402 8708
2403 6111
2403 8432
2404 4068
2404 8657
2405 8849
2405 5570
2406 9796
2406 3222
2407 3445
2407 9340
2408 7255
2408 9176
2409 33
2409 5552
2410 3652
2410 41
2411 6025
2411 9871
2412 1478
2412 7244
2413 7879
2413 387
2414 1637
2414 4664
2415 9991
2415 7798
2416 4512
2416 1335
2417 6295
2417 6741
2418 3773
2418 2822
2419 5524
2419 3398
2420 6852
2420 5924
2421 890
2421 1973
2422 3527
2422 292
2423 2227
2423 2845
2424 5283
2424 720
2425 487
2425 3334
2426 3984
2426 3916
2427 8204
2427 720
2428 3061
2428 7764
2429 8007
2429 3908
2430 8356
2430 9325
2431 9845
2431 4673
2432 8401
2432 1445
2433 3435
2433 1454
2434 3581
2434 7951
2435 4606
2435 9280
2436 7573
2436 28
2437 3870
2437 9342
2438 9320
2438 1254
2439 2115
2439 9357
2440 3699
2440 4280
2441 976
2441 2193
2442 1929
2442 7134
2443 6253
2443 1433
2444 6334
2444 6998
2445 3370
2445 5683
2446 2629
2446 8301
2447 5408
2447 820
2448 1719
2448 3338
2449 3679
2449 5692
2450 5602
2450 4438
2451 9202
2451 1430
2452 779
2452 8330
2453 6979
2453 4991
2454 2608
2454 9899
2455 5131
2455 477
2456 9566
2456 4509
2457 329
2457 9486
2458 6139
2458 3507
2459 1226
2459 1115
2460 8187
2460 3774
2461 8782
2461 2932
2462 7204
2462 7970
2463 9674
2463 1499
2464 9889
2464 5493
2465 625
2465 7951
2466 4631
2466 891
2467 1248
2467 5329
2468 4235
2468 672
2469 3981
2469 1777
2470 6448
2470 6679
2471 2354
2471 9808
2472 6929
2472 1179
2473 6664
2473 8256
2474 3486
2474 8518
2475 5568
2475 6639
2476 7028
2476 4986
2477 5922
2477 3405
2478 3569
2478 1783
2479 7142
2479 6506
2480 7307
2480 6743
2481 6623
2481 9840
2482 8222
2482 3958
2483 2043
2483 9252
2484 3608
2484 3756
2485 4390
2485 392
2486 4768
2486 8412
2487 4976
2487 3799
2488 8206
2488 7740
2489 753
2489 9535
2490 825
2490 1662
2491 6817
2491 6402
2492 7752
2492 5716
2493 7403
2493 3169
2494 4127
2494 6967
2495 5599
2495 2142
2496 7093
2496 3435
2497 5702
2497 7768
2498 3986
2498 2680
2499 463
2499 911
2500 2961
2500 5309
2501 2627
2501 748
2502 303
2502 6604
2503 5322
2503 483
2504 2503
2504 4359
2505 3244
2505 1122
2506 1291
2506 2773
2507 8669
2507 6495
2508 2962
2508 6498
2509 7407
2509 4673
2510 2753
2510 9336
2511 4523
2511 7575
2512 2872
2512 634
2513 1724
2513 3587
2514 482
2514 7190
2515 6502
2515 7176
2516 4224
2516 6888
2517 9404
2517 2826
2518 1854
2518 6820
2519 820
2519 5072
2520 2689
2520 8107
2521 1454
2521 6786
2522 5680
2522 7705
2523 5394
2523 5795
2524 780
2524 1908
2525 3192
2525 4202
2526 6169
2526 8959
2527 485
2527 9671
2528 3290
2528 8788
2529 2566
2529 7414
2530 3076
2530 7783
2531 6192
2531 8891
2532 5882
2532 525
2533 7885
2533 3425
2534 6302
2534 1277
2535 6873
2535 9827
2536 5243
2536 4289
2537 9804
2537 8628
2538 5207
2538 9738
2539 5258
2539 1815
2540 5675
2540 16
2541 9706
2541 3887
2542 1939
2542 6488
2543 6241
2543 1010
2544 6553
2544 2225
2545 6569
2545 2156
2546 8700
2546 3812
2547 8439
2547 5259
2548 7221
2548 1283
2549 3108
2549 7487
2550 4628
2550 5911
2551 7902
2551 6267
2552 8868
2552 3544
2553 5745
2553 2504
2554 437
2554 3402
2555 9673
2555 9343
2556 2319
2556 4611
2557 7898
2557 1294
2558 8151
2558 7287
2559 6801
2559 492
2560 4316
2560 77
2561 9577
2561 7151
2562 8947
2562 2068
2563 4516
2563 8042
2564 8002
2564 6500
2565 6079
2565 3937
2566 9741
2566 6360
2567 9228
2567 5449
2568 9955
2568 6402
2569 1064
2569 2313
2570 3730
2570 5237
2571 6824
2571 5402
2572 2749
2572 9007
2573 3010
2573 1350
2574 3142
2574 3716
2575 1086
2575 4898
2576 8780
2576 8057
2577 6375
2577 6412
2578 2713
2578 9195
2579 4442
2579 4619
2580 4558
2580 2190
2581 1478
2581 5167
2582 7172
2582 6973
2583 6405
2583 2421
2584 7479
2584 4613
2585 426
2585 6409
2586 5288
2586 9798
2587 5754
2587 8187
2588 8177
2588 7140
2589 9595
2589 4396
2590 1318
2590 7213
2591 2650
2591 79
2592 4616
2592 2998
2593 1833
2593 4718
2594 9664
2594 250
2595 3895
2595 3938
2596 4509
2596 4031
2597 4689
2597 3084
2598 1917
2598 5074
2599 3831
2599 2551
2600 454
2600 2949
2601 9230
2601 3247
2602 9868
2602 9648
2603 5043
2603 2638
2604 8875
2604 7622
2605 3726
2605 1524
2606 2225
2606 5792
2607 6474
2607 2694
2608 6381
2608 4164
2609 869
2609 381
2610 1695
2610 839
2611 9834
2611 6907
2612 8732
2612 9331
2613 5886
2613 2515
2614 2355
2614 2613
2615 7686
2615 5865
2616 4393
2616 1269
2617 6982
2617 70
2618 3605
2618 8560
2619 2393
2619 3791
2620 7372
2620 2817
2621 8812
2621 9971
2622 2613
2622 8265
2623 8777
2623 1360
2624 2379
2624 7137
2625 6510
2625 25
2626 4793
2626 1617
2627 8333
2627 31
2628 9545
2628 8165
2629 2950
2629 7045
2630 4373
2630 9139
2631 6062
2631 9774
2632 476
2632 8804
2633 1500
2633 3977
2634 4864
2634 4439
2635 4801
2635 6286
2636 9795
2636 4515
2637 8872
2637 8408
2638 5918
2638 676
2639 1969
2639 7212
2640 5963
2640 5524
2641 2371
2641 8621
2642 6468
2642 7100
2643 360
2643 6606
2644 7625
2644 1511
2645 3282
2645 5844
2646 153
2646 548
2647 5853
2647 8251
2648 7627
2648 4301
2649 754
2649 5142
2650 8743
2650 4793
2651 3921
2651 2793
2652 6257
2652 8415
2653 8022
2653 9601
2654 1289
2654 8854
2655 8813
2655 889
2656 4005
2656 5600
2657 8366
2657 5834
2658 6363
2658 5679
2659 3831
2659 2400
2660 9725
2660 327
2661 5172
2661 4394
2662 5762
2662 4939
2663 8824
2663 489
2664 1759
2664 2623
2665 3022
2665 9285
2666 9799
2666 3631
2667 8308
2667 4489
2668 268
2668 3809
2669 5317
2669 5681
2670 333
2670 1375
2671 7249
2671 4203
2672 3606
2672 5773
2673 7598
2673 5141
2674 1832
2674 7761
2675 9346
2675 2799
2676 8568
2676 679
2677 8412
2677 8923
2678 3542
2678 8580
2679 3501
2679 7277
2680 8174
2680 5186
2681 7785
2681 8778
2682 6165
2682 3504
2683 9943
2683 951
2684 7291
2684 43
2685 406
2685 9285
2686 9981
2686 278
2687 6387
2687 6256
2688 6485
2688 6105
2689 3629
2689 8310
2690 2123
2690 809
2691 5569
2691 8617
2692 9591
2692 4848
2693 859
2693 4492
2694 7973
2694 5968
2695 1103
2695 4447
2696 6263
2696 2387
2697 1789
2697 3620
2698 9733
2698 9472
2699 600
2699 3169
2700 4725
2700 6466
2701 8159
2701 6236
2702 7617
2702 8262
2703 2667
2703 2279
2704 1516
2704 3044
2705 8755
2705 3828
2706 9163
2706 4233
2707 1698
2707 7499
2708 9348
2708 11
2709 8525
2709 6878
2710 5486
2710 1605
2711 8664
2711 1516
2712 1924
2712 3838
2713 7621
2713 8280
2714 7104
2714 3841
2715 8238
2715 4862
2716 9245
2716 8446
2717 6467
2717 1756
2718 6925
2718 4800
2719 5854
2719 5958
2720 8635
2720 7281
2721 2064
2721 695
2722 6912
2722 3599
2723 5920
2723 8817
2724 8783
2724 5428
2725 174
2725 4107
2726 1316
2726 5836
2727 7552
2727 9714
2728 6320
2728 4866
2729 1637
2729 7346
2730 2300
2730 6700
2731 1011
2731 3706
2732 1525
2732 8388
2733 5782
2733 904
2734 1380
2734 4452
2735 226
2735 8928
2736 9903
2736 3026
2737 5613
2737 2898
2738 9031
2738 4339
2739 6506
2739 8386
2740 3569
2740 6724
2741 2687
2741 294
2742 4711
2742 5341
2743 8148
2743 1055
2744 3263
2744 8923
2745 8383
2745 9089
2746 1371
2746 7061
2747 4642
2747 1269
2748 1685
2748 5448
2749 7224
2749 1140
2750 3647
2750 3138
2751 8372
2751 1786
2752 7320
2752 5091
2753 1096
2753 1970
2754 6378
2754 6738
2755 3590
2755 8209
2756 4581
2756 3665
2757 2475
2757 598
2758 1880
2758 9391
2759 2507
2759 4385
2760 6708
2760 992
2761 5212
2761 3875
2762 1642
2762 339
2763 9974
2763 5343
2764 4191
2764 2156
2765 9299
2765 1922
2766 6979
2766 6200
2767 8269
2767 7858
2768 9167
2768 3087
2769 3062
2769 8877
2770 1635
2770 7742
2771 2233
2771 104
2772 7964
2772 3804
2773 4368
2773 9738
2774 9774
2774 5735
2775 7835
2775 1149
2776 6675
2776 4691
2777 6719
2777 8986
2778 5489
2778 6004
2779 2969
2779 6968
2780 5111
2780 279
2781 5960
2781 395
2782 7609
2782 2414
2783 3019
2783 3877
2784 8525
2784 1351
2785 728
2785 1312
2786 7927
2786 2174
2787 3022
2787 5864
2788 2995
2788 1663
2789 115
2789 4078
2790 1680
2790 945
2791 8130
2791 1398
2792 7982
2792 1936
2793 9578
2793 2642
2794 1483
2794 4565
2795 1391
2795 1293
2796 4169
2796 9547
2797 9554
2797 4342
2798 561
2798 9032
2799 660
2799 7987
2800 2303
2800 6806
2801 6918
2801 6269
2802 1989
2802 2215
2803 7304
2803 6534
2804 266
2804 8665
2805 1334
2805 3042
2806 4070
2806 6852
2807 7929
2807 4548
2808 709
2808 8197
2809 842
2809 7460
2810 1773
2810 948
2811 518
2811 4806
2812 2432
2812 5742
2813 93
2813 3550
2814 4969
2814 2734
2815 7039
2815 3899
2816 5901
2816 1850
2817 2175
2817 7254
2818 8946
2818 5614
2819 2606
2819 3337
2820 5019
2820 5440
2821 9696
2821 5921
2822 3890
2822 3245
2823 7387
2823 7143
2824 9661
2824 1561
2825 9845
2825 273
2826 9175
2826 9822
2827 611
2827 7876
2828 1912
2828 5515
2829 2122
2829 3908
2830 7668
2830 5343
2831 2820
2831 2279
2832 1105
2832 1941
2833 2340
2833 7343
2834 7373
2834 6134
2835 8186
2835 1160
2836 3227
2836 3162
2837 2319
2837 6388
2838 6437
2838 8220
2839 7403
2839 5265
2840 8616
2840 3408
2841 214
2841 9075
2842 323
2842 5161
2843 4772
2843 657
2844 2904
2844 4734
2845 7959
2845 7914
2846 4831
2846 3183
2847 9852
2847 1373
2848 7451
2848 761
2849 9083
2849 5180
2850 419
2850 1708
2851 4487
2851 4313
2852 1911
2852 2783
2853 2289
2853 2398
2854 2821
2854 1733
2855 2365
2855 7063
2856 5148
2856 8258
2857 9008
2857 1674
2858 5331
2858 9271
2859 3813
2859 1466
2860 2950
2860 8881
2861 8742
2861 7142
2862 8136
2862 2416
2863 1612
2863 4844
2864 8521
2864 4681
2865 5879
2865 7515
2866 8168
2866 4580
2867 3198
2867 2973
2868 3380
2868 149
2869 4620
2869 8824
2870 1909
2870 651
2871 1028
2871 2396
2872 8404
2872 8100
2873 3718
2873 55
2874 7529
2874 690
2875 4282
2875 8385
2876 9038
2876 7069
2877 1966
2877 8139
2878 130
2878 2021
2879 3858
2879 8201
2880 8395
2880 3300
2881 2380
2881 3014
2882 5181
2882 5132
2883 5189
2883 4385
2884 5434
2884 5233
2885 5487
2885 9043
2886 2727
2886 6096
2887 6066
2887 9746
2888 2682
2888 5495
2889 8464
2889 3776
2890 4655
2890 3385
2891 6113
2891 6759
2892 4678
2892 9480
2893 3992
2893 5034
2894 2302
2894 4448
2895 2507
2895 8973
2896 8170
2896 3364
2897 100
2897 622
2898 8131
2898 7926
2899 3309
2899 8
2900 2038
2900 9007
2901 4698
2901 7860
2902 230
2902 579
2903 7687
2903 3527
2904 6461
2904 7221
2905 9758
2905 5030
2906 9405
2906 6383
2907 2043
2907 1567
2908 5609
2908 8064
2909 3839
2909 9071
2910 6541
2910 8220
2911 8309
2911 2069
2912 8305
2912 6988
2913 5835
2913 4957
2914 5539
2914 6133
2915 5646
2915 3902
2916 4082
2916 1237
2917 9750
2917 6288
2918 7914
2918 8796
2919 6169
2919 5682
2920 9462
2920 5842
2921 6421
2921 5420
2922 3403
2922 7657
2923 2303
2923 3992
2924 6901
2924 1610
2925 6602
2925 1469
2926 219
2926 3341
2927 1047
2927 9248
2928 9723
2928 9766
2929 1678
2929 3214
2930 1940
2930 6094
2931 7227
2931 402
2932 2522
2932 7313
2933 6840
2933 8093
2934 7101
2934 7597
2935 6330
2935 402
2936 3052
2936 3063
2937 6606
2937 7741
2938 4300
2938 9867
2939 7987
2939 1706
2940 2218
2940 1538
2941 8831
2941 336
2942 9824
2942 9793
2943 6809
2943 2056
2944 6899
2944 3459
2945 2341
2945 547
2946 7345
2946 998
2947 6901
2947 2179
2948 7443
2948 7700
2949 7450
2949 2913
2950 6340
2950 7309
2951 9953
2951 2859
2952 9711
2952 7809
2953 4225
2953 8704
2954 2593
2954 9290
2955 4032
2955 635
2956 8185
2956 9862
2957 6636
2957 8585
2958 7706
2958 1706
2959 9046
2959 262
2960 6561
2960 6693
2961 7448
2961 5817
2962 3263
2962 1454
2963 150
2963 7652
2964 8400
2964 6642
2965 3055
2965 3483
2966 7107
2966 9431
2967 7208
2967 7
2968 1944
2968 7008
2969 1975
2969 8082
2970 6960
2970 1027
2971 9737
2971 2388
2972 4060
2972 8680
2973 5690
2973 1244
2974 2447
2974 5404
2975 8262
2975 479
2976 2679
2976 5647
2977 3636
2977 1617
2978 4451
2978 8865
2979 2884
2979 9523
2980 4586
2980 9424
2981 9784
2981 3270
2982 962
2982 3531
2983 9837
2983 3616
2984 6421
2984 3907
2985 8627
2985 5397
2986 3609
2986 8910
2987 849
2987 5749
2988 2958
2988 5432
2989 3748
2989 492
2990 7272
2990 5534
2991 1058
2991 8751
2992 1714
2992 5636
2993 1187
2993 2980
2994 6454
2994 2147
2995 7256
2995 8349
2996 1347
2996 5761
2997 9948
2997 9795
2998 5062
2998 7541
2999 9997
2999 7022
3000 7994
3000 7655
3001 2583
3001 2769
3002 3054
3002 5612
3003 128
3003 2194
3004 4927
3004 4644
3005 3584
3005 9197
3006 8691
3006 86
3007 8169
3007 9176
3008 6483
3008 1589
3009 639
3009 3336
3010 3583
3010 7089
3011 67
3011 9032
3012 3902
3012 6501
3013 9936
3013 3052
3014 3956
3014 8468
3015 7523
3015 5051
3016 490
3016 8440
3017 6489
3017 5501
3018 2359
3018 5859
3019 7161
3019 9134
3020 8716
3020 7925
3021 4785
3021 9952
3022 6122
3022 7303
3023 487
3023 706
3024 4853
3024 4605
3025 5486
3025 6556
3026 8198
3026 8571
3027 7525
3027 6097
3028 3254
3028 262
3029 4918
3029 6779
3030 8105
3030 4752
3031 3335
3031 5769
3032 4028
3032 7384
3033 9292
3033 2289
3034 633
3034 3261
3035 5220
3035 45
3036 1840
3036 7678
3037 9277
3037 8048
3038 3674
3038 3329
3039 2781
3039 7640
3040 9296
3040 9439
3041 6207
3041 1235
3042 3178
3042 2116
3043 1875
3043 4733
3044 2847
3044 8457
3045 4859
3045 2271
3046 6878
3046 6173
3047 6571
3047 9989
3048 4976
3048 9684
3049 7137
3049 9809
3050 3213
3050 2998
3051 2524
3051 6160
3052 4481
3052 2745
3053 1462
3053 8658
3054 4681
3054 602
3055 5317
3055 5958
3056 7267
3056 5687
3057 4200
3057 6597
3058 2793
3058 1151
3059 8157
3059 4468
3060 6740
3060 1110
3061 8375
3061 1319
3062 1891
3062 4327
3063 3225
3063 6405
3064 7047
3064 5677
3065 8594
3065 1277
3066 3026
3066 9258
3067 2140
3067 4147
3068 6130
3068 2937
3069 3022
3069 9856
3070 7512
3070 371
3071 4933
3071 4036
3072 4614
3072 8694
3073 3928
3073 1200
3074 7428
3074 9841
3075 9537
3075 6946
3076 8116
3076 3884
3077 7816
3077 2943
3078 8380
3078 9248
3079 4800
3079 3507
3080 4537
3080 2234
3081 1541
3081 8944
3082 776
3082 1586
3083 9077
3083 7595
3084 7303
3084 1695
3085 1934
3085 6779
3086 2176
3086 4336
3087 4044
3087 586
3088 3012
3088 2446
3089 2783
3089 4317
3090 7511
3090 3207
3091 583
3091 9218
3092 3297
3092 8155
3093 3380
3093 45
3094 384
3094 9439
3095 8711
3095 7277
3096 903
3096 5987
3097 8596
3097 2155
3098 7059
3098 5235
3099 8716
3099 3621
3100 8481
3100 4834
3101 4603
3101 935
3102 4258
3102 1418
3103 6738
3103 8410
3104 382
3104 6821
3105 1008
3105 2473
3106 2587
3106 4158
3107 8771
3107 9692
3108 7150
3108 9207
3109 1343
3109 5638
3110 3595
3110 6365
3111 9985
3111 7668
3112 8040
3112 7969
3113 5568
3113 9796
3114 1540
3114 3790
3115 6380
3115 9073
3116 526
3116 6023
3117 7676
3117 7559
3118 9346
3118 185
3119 466
3119 6125
3120 466
3120 8350
3121 5390
3121 8920
3122 6435
3122 1513
3123 1994
3123 3399
3124 4971
3124 1245
3125 4804
3125 882
3126 7186
3126 1251
3127 536
3127 9111
3128 1431
3128 8122
3129 7580
3129 2006
3130 4776
3130 8296
3131 2337
3131 6694
3132 3843
3132 7104
3133 7984
3133 1072
3134 5351
3134 8566
3135 684
3135 3444
3136 418
3136 634
3137 4395
3137 7101
3138 4090
3138 6066
3139 716
3139 8433
3140 1495
3140 7085
3141 7114
3141 4066
3142 1983
3142 1418
3143 7661
3143 179
3144 5905
3144 2096
3145 5276
3145 2892
3146 2647
3146 2592
3147 5572
3147 4809
3148 5328
3148 6861
3149 2439
3149 193
3150 4789
3150 5272
3151 4638
3151 646
3152 6119
3152 6453
3153 7009
3153 3569
3154 3438
3154 3751
3155 1604
3155 196
3156 4216
3156 1452
3157 3193
3157 2154
3158 607
3158 9284
3159 6342
3159 3
3160 5092
3160 9010
3161 1651
3161 6290
3162 372
3162 5382
3163 7441
3163 80
3164 4519
3164 3892
3165 3282
3165 3270
3166 7061
3166 6097
3167 666
3167 7754
3168 5180
3168 4548
3169 6426
3169 341
3170 5174
3170 925
3171 9895
3171 4494
3172 5872
3172 6203
3173 751
3173 5743
3174 7056
3174 8273
3175 2505
3175 1497
3176 7593
3176 7442
3177 2689
3177 6785
3178 4278
3178 7580
3179 8507
3179 8573
3180 6431
3180 5686
3181 1887
3181 6626
3182 182
3182 9002
3183 4874
3183 5833
3184 5774
3184 8707
3185 9617
3185 1357
3186 5654
3186 884
3187 7216
3187 656
3188 7014
3188 3840
3189 2473
3189 2121
3190 1232
3190 5927
3191 7549
3191 7151
3192 3466
3192 445
3193 239
3193 4540
3194 9164
3194 2485
3195 8001
3195 5983
3196 3697
3196 1591
3197 3723
3197 7234
3198 2500
3198 6871
3199 5432
3199 1516
3200 5447
3200 3188
3201 4446
3201 1953
3202 37
3202 7087
3203 7756
3203 8337
3204 534
3204 6727
3205 5335
3205 8586
3206 170
3206 2756
3207 9514
3207 9863
3208 4454
3208 8865
3209 4372
3209 2434
3210 1139
3210 4499
3211 3927
3211 2747
3212 7942
3212 3761
3213 4314
3213 9990
3214 5859
3214 9535
3215 6226
3215 9863
3216 2978
3216 7130
3217 8743
3217 2887
3218 2693
3218 4829
3219 8865
3219 5828
3220 2012
3220 4574
3221 7874
3221 4979
3222 3510
3222 9593
3223 7711
3223 6036
3224 2633
3224 7616
3225 6104
3225 5398
3226 7342
3226 960
3227 1676
3227 9729
3228 6803
3228 6894
3229 1564
3229 1520
3230 6046
3230 1052
3231 580
3231 3097
3232 8513
3232 6701
3233 5384
3233 9911
3234 567
3234 214
3235 1742
3235 2508
3236 6282
3236 6579
3237 6003
3237 3390
3238 881
3238 9227
3239 9161
3239 6669
3240 9695
3240 3659
3241 4892
3241 5285
3242 4954
3242 1652
3243 5389
3243 9429
3244 490
3244 2008
3245 2805
3245 5013
3246 4434
3246 7356
3247 5847
3247 8427
3248 1057
3248 4143
3249 1193
3249 7411
3250 4465
3250 2734
3251 2135
3251 5914
3252 6299
3252 115
3253 1208
3253 3629
3254 5379
3254 1068
3255 3692
3255 1110
3256 8142
3256 4993
3257 6705
3257 8173
3258 2838
3258 6860
3259 3100
3259 1644
3260 340
3260 8758
3261 3486
3261 4584
3262 609
3262 3674
3263 8735
3263 923
3264 9765
3264 9202
3265 4197
3265 3095
3266 2136
3266 9758
3267 7608
3267 4551
3268 9738
3268 4808
3269 3308
3269 7559
3270 1433
3270 2688
3271 8978
3271 2005
3272 2441
3272 3470
3273 6780
3273 5212
3274 3463
3274 8188
3275 3672
3275 4528
3276 758
3276 7548
3277 2083
3277 9897
3278 3004
3278 4814
3279 7963
3279 4412
3280 4792
3280 2405
3281 9502
3281 8058
3282 7839
3282 6612
3283 3468
3283 3941
3284 5035
3284 2822
3285 7032
3285 6617
3286 178
3286 8630
3287 1497
3287 8710
3288 24
3288 9864
3289 894
3289 6114
3290 9166
3290 6508
3291 6354
3291 6966
3292 6422
3292 567
3293 8480
3293 6148
3294 211
3294 1038
3295 7709
3295 9382
3296 8322
3296 6699
3297 6243
3297 1640
3298 6947
3298 1120
3299 6723
3299 1756
3300 5532
3300 58
3301 1087
3301 8033
3302 1678
3302 968
3303 1396
3303 8885
3304 9549
3304 9004
3305 4248
3305 491
3306 640
3306 1142
3307 8786
3307 3157
3308 3905
3308 4043
3309 5806
3309 8109
3310 9983
3310 2711
3311 3330
3311 1534
3312 1635
3312 5380
3313 1034
3313 2161
3314 2846
3314 5140
3315 9238
3315 5017
3316 8270
3316 7576
3317 8161
3317 1835
3318 9567
3318 7318
3319 800
3319 9888
3320 2201
3320 1853
3321 626
3321 7777
3322 3098
3322 4242
3323 5166
3323 2155
3324 3490
3324 2338
3325 3335
3325 1822
3326 4618
3326 463
3327 5445
3327 8428
3328 405
3328 7743
3329 8959
3329 2457
3330 3663
3330 8322
3331 7936
3331 2393
3332 8396
3332 7319
3333 7618
3333 7269
3334 4688
3334 3305
3335 174
3335 8847
3336 3892
3336 469
3337 4289
3337 9267
3338 7161
3338 9913
3339 8638
3339 1858
3340 776
3340 2617
3341 3912
3341 503
3342 3472
3342 9439
3343 4149
3343 5952
3344 7827
3344 8692
3345 1072
3345 3810
3346 3261
3346 3462
3347 4308
3347 2092
3348 3230
3348 6994
3349 9103
3349 8711
3350 6044
3350 4126
3351 5257
3351 7660
3352 8833
3352 6141
3353 8670
3353 988
3354 3597
3354 7278
3355 886
3355 2329
3356 7882
3356 8993
3357 511
3357 7789
3358 3942
3358 5238
3359 9663
3359 2009
3360 2895
3360 5864
3361 9121
3361 2127
3362 3023
3362 457
3363 1982
3363 9071
3364 3746
3364 5798
3365 2146
3365 6209
3366 1796
3366 2722
3367 9846
3367 6466
3368 1958
3368 5727
3369 4168
3369 6809
3370 4899
3370 6685
3371 4745
3371 7974
3372 6754
3372 7240
3373 3065
3373 3555
3374 4228
3374 8770
3375 9294
3375 4813
3376 5511
3376 1745
3377 5939
3377 2095
3378 8868
3378 3436
3379 2095
3379 4027
3380 3391
3380 9867
3381 5983
3381 4173
3382 2161
3382 4774
3383 7538
3383 4349
3384 2929
3384 7636
3385 4993
3385 5517
3386 2167
3386 5531
3387 1247
3387 7923
3388 7707
3388 906
3389 2684
3389 5003
3390 56
3390 3907
3391 1015
3391 5815
3392 3326
3392 690
3393 4869
3393 1162
3394 8996
3394 5112
3395 8131
3395 9812
3396 5933
3396 5576
3397 8129
3397 6557
3398 4210
3398 7575
3399 4018
3399 71
3400 6670
3400 3808
3401 2588
3401 7291
3402 8237
3402 2532
3403 2459
3403 2408
3404 2399
3404 8384
3405 622
3405 8679
3406 6778
3406 3124
3407 5307
3407 4810
3408 6223
3408 8039
3409 8995
3409 1362
3410 1162
3410 8281
3411 3631
3411 9430
3412 1804
3412 9806
3413 8968
3413 6979
3414 8522
3414 8302
3415 6699
3415 7171
3416 6237
3416 9233
3417 8073
3417 9927
3418 4483
3418 4998
3419 7253
3419 9087
3420 5432
3420 3803
3421 376
3421 8609
3422 6263
3422 5740
3423 4957
3423 6073
3424 7955
3424 2200
3425 5907
3425 8303
3426 1386
3426 4606
3427 2945
3427 4114
3428 4774
3428 344
3429 8265
3429 1733
3430 362
3430 1408
3431 2619
3431 4322
3432 7303
3432 8462
3433 5290
3433 176
3434 446
3434 4081
3435 5817
3435 4302
3436 4471
3436 2485
3437 8141
3437 1005
3438 9826
3438 989
3439 9083
3439 3482
3440 6043
3440 3395
3441 4880
3441 1645
3442 2756
3442 2186
3443 3842
3443 8431
3444 4586
3444 2837
3445 8343
3445 2824
3446 8630
3446 1210
3447 3432
3447 4345
3448 2759
3448 5316
3449 4886
3449 8818
3450 1722
3450 1445
3451 6738
3451 6983
3452 3229
3452 8700
3453 2627
3453 6759
3454 2079
3454 3134
3455 8433
3455 6928
3456 7808
3456 8683
3457 129
3457 8475
3458 652
3458 8378
3459 6008
3459 2549
3460 4829
3460 5898
3461 7913
3461 9506
3462 973
3462 1117
3463 4765
3463 181
3464 9964
3464 2948
3465 8864
3465 6516
3466 5232
3466 338
3467 7183
3467 1189
3468 3036
3468 4803
3469 2691
3469 6365
3470 7619
3470 6012
3471 273
3471 1611
3472 5886
3472 8773
3473 7417
3473 8057
3474 1281
3474 8957
3475 1747
3475 8014
3476 150
3476 3056
3477 4687
3477 385
3478 1724
3478 4275
3479 7181
3479 438
3480 3299
3480 8784
3481 2977
3481 9474
3482 4401
3482 9633
3483 1817
3483 6601
3484 3281
3484 7071
3485 7940
3485 3475
3486 3728
3486 4009
3487 6472
3487 8135
3488 9735
3488 2954
3489 5764
3489 7109
3490 8704
3490 7352
3491 1902
3491 6111
3492 7213
3492 6846
3493 5625
3493 4159
3494 4533
3494 1715
3495 5303
3495 8861
3496 138
3496 8124
3497 7033
3497 1374
3498 726
3498 3861
3499 4775
3499 7740
3500 3112
3500 1186
3501 3185
3501 8494
3502 2614
3502 1414
3503 3923
3503 6743
3504 7627
3504 1600
3505 7482
3505 137
3506 1725
3506 7436
3507 4679
3507 2540
3508 9142
3508 3195
3509 124
3509 3405
3510 837
3510 5145
3511 5938
3511 3484
3512 7030
3512 9368
3513 2854
3513 8702
3514 410
3514 7387
3515 648
3515 6728
3516 466
3516 2047
3517 7211
3517 9856
3518 5343
3518 1173
3519 2201
3519 9094
3520 9691
3520 1753
3521 659
3521 7001
3522 8585
3522 9840
3523 3078
3523 6547
3524 8406
3524 3339
3525 6584
3525 948
3526 4220
3526 8396
3527 5740
3527 3282
3528 2765
3528 2227
3529 5086
3529 8730
3530 9679
3530 229
3531 3380
3531 7464
3532 3036
3532 2003
3533 9890
3533 3208
3534 2861
3534 7796
3535 4074
3535 6451
3536 6020
3536 277
3537 5328
3537 8292
3538 8804
3538 2351
3539 8623
3539 5481
3540 7145
3540 6395
3541 4334
3541 4384
3542 1696
3542 8194
3543 4723
3543 5290
3544 8166
3544 8563
3545 704
3545 776
3546 3956
3546 6103
3547 6279
3547 2631
3548 454
3548 4371
3549 6939
3549 6370
3550 4167
3550 6990
3551 9965
3551 1392
3552 671
3552 8411
3553 623
3553 1260
3554 1015
3554 8601
3555 1245
3555 3210
3556 3974
3556 3683
3557 3065
3557 7181
3558 5444
3558 6217
3559 5470
3559 2120
3560 4195
3560 8999
3561 5786
3561 9549
3562 7754
3562 5514
3563 4308
3563 9550
3564 8837
3564 2671
3565 8773
3565 9090
3566 8091
3566 1782
3567 2624
3567 2736
3568 4285
3568 8635
3569 2020
3569 9852
3570 9642
3570 4701
3571 1013
3571 3047
3572 8631
3572 9791
3573 7854
3573 6873
3574 8752
3574 6633
3575 718
3575 7209
3576 5880
3576 8247
3577 7637
3577 665
3578 9803
3578 5236
3579 27
3579 7105
3580 1021
3580 3081
3581 8784
3581 6915
3582 9334
3582 7063
3583 5632
3583 9909
3584 1704
3584 183
3585 4011
3585 3228
3586 4599
3586 3066
3587 5437
3587 5649
3588 7183
3588 7473
3589 439
3589 9153
3590 5859
3590 6192
3591 2262
3591 1472
3592 5820
3592 7946
3593 6995
3593 1268
3594 1744
3594 6667
3595 5313
3595 9115
3596 4198
3596 9594
3597 4514
3597 5796
3598 2521
3598 2610
3599 5810
3599 3868
3600 2491
3600 6743
3601 2337
3601 7529
3602 3236
3602 3961
3603 96
3603 3579
3604 4352
3604 8798
3605 1193
3605 987
3606 8670
3606 2703
3607 7427
3607 3185
3608 7059
3608 1838
3609 8205
3609 992
3610 3047
3610 590
3611 5122
3611 5297
3612 3809
3612 9659
3613 8477
3613 9257
3614 8479
3614 7370
3615 6979
3615 8991
3616 7498
3616 4804
3617 7032
3617 4076
3618 3091
3618 5523
3619 8040
3619 8278
3620 5839
3620 636
3621 6470
3621 6185
3622 4308
3622 6236
3623 6269
3623 9477
3624 5605
3624 8926
3625 8833
3625 2068
3626 7880
3626 2619
3627 1789
3627 9005
3628 6941
3628 6739
3629 1831
3629 7748
3630 9189
3630 467
3631 3555
3631 4798
3632 2965
3632 1204
3633 399
3633 1851
3634 4689
3634 9878
3635 8959
3635 6623
3636 9581
3636 1068
3637 8262
3637 1846
3638 7319
3638 251
3639 5012
3639 322
3640 8400
3640 6819
3641 6382
3641 9640
3642 701
3642 8322
3643 7125
3643 2746
3644 7042
3644 4538
3645 4603
3645 2522
3646 9867
3646 1251
3647 5143
3647 4692
3648 1629
3648 1995
3649 1541
3649 4392
3650 4497
3650 1526
3651 4235
3651 8509
3652 3691
3652 3121
3653 2413
3653 1391
3654 3270
3654 5072
3655 3568
3655 5151
3656 8288
3656 1205
3657 1543
3657 9959
3658 1109
3658 6556
3659 4840
3659 7206
3660 7151
3660 977
3661 1767
3661 2569
3662 9345
3662 1114
3663 1444
3663 5292
3664 2543
3664 2410
3665 7667
3665 1195
3666 5533
3666 4241
3667 3742
3667 6097
3668 6464
3668 2517
3669 6416
3669 8378
3670 8140
3670 7145
3671 3642
3671 5018
3672 8374
3672 2195
3673 7036
3673 4270
3674 8031
3674 102
3675 5783
3675 2046
3676 8586
3676 4020
3677 282
3677 8957
3678 6983
3678 3670
3679 5584
3679 4311
3680 7317
3680 2168
3681 9008
3681 4229
3682 9316
3682 1665
3683 6144
3683 5359
3684 5249
3684 5483
3685 4637
3685 6619
3686 7742
3686 8082
3687 6335
3687 7584
3688 2333
3688 4470
3689 9307
3689 4643
3690 89
3690 5279
3691 9963
3691 9661
3692 2459
3692 8469
3693 4367
3693 7433
3694 8086
3694 7630
3695 2236
3695 6086
3696 2641
3696 1637
3697 8933
3697 2041
3698 4499
3698 5944
3699 483
3699 6065
3700 7764
3700 7918
3701 4444
3701 2903
3702 3092
3702 3852
3703 8747
3703 9762
3704 2623
3704 9596
3705 2043
3705 2027
3706 7803
3706 5027
3707 8600
3707 7447
3708 5948
3708 14
3709 9200
3709 4376
3710 6117
3710 8878
3711 5207
3711 6535
3712 5868
3712 487
3713 3222
3713 9678
3714 7980
3714 5648
3715 5354
3715 1669
3716 5784
3716 7659
3717 4315
3717 5684
3718 3107
3718 9024
3719 6586
3719 5257
3720 6046
3720 407
3721 6335
3721 6755
3722 2302
3722 8799
3723 7609
3723 6171
3724 4663
3724 9275
3725 1792
3725 4442
3726 1503
3726 2059
3727 1252
3727 6423
3728 4930
3728 7477
3729 6040
3729 2955
3730 4361
3730 9718
3731 5646
3731 7318
3732 6203
3732 6966
3733 2561
3733 3759
3734 5243
3734 9019
3735 8947
3735 2015
3736 1797
3736 5230
3737 940
3737 5967
3738 3502
3738 8860
3739 785
3739 5631
3740 2595
3740 7945
3741 2667
3741 1010
3742 8346
3742 6314
3743 2741
3743 285
3744 1656
3744 3143
3745 836
3745 3975
3746 4916
3746 9628
3747 4054
3747 2639
3748 3327
3748 3487
3749 6613
3749 5219
3750 6948
3750 108
3751 8728
3751 9475
3752 132
3752 211
3753 6131
3753 6922
3754 1473
3754 6234
3755 1010
3755 7567
3756 4020
3756 8247
3757 5763
3757 4691
3758 4780
3758 8868
3759 9960
3759 4615
3760 4412
3760 9863
3761 1455
3761 4930
3762 5840
3762 8067
3763 7499
3763 7718
3764 9522
3764 5335
3765 2913
3765 192
3766 432
3766 4996
3767 4209
3767 8658
3768 1490
3768 4107
3769 2450
3769 9985
3770 8319
3770 7523
3771 1861
3771 2919
3772 3685
3772 5246
3773 5375
3773 7727
3774 4690
3774 4543
3775 6727
3775 6142
3776 9826
3776 345
3777 1618
3777 3210
3778 936
3778 3245
3779 5886
3779 4478
3780 3072
3780 9676
3781 6110
3781 895
3782 8979
3782 5040
3783 1472
3783 9110
3784 1924
3784 9588
3785 3930
3785 2899
3786 6134
3786 5590
3787 5342
3787 5081
3788 107
3788 3607
3789 2696
3789 9288
3790 164
3790 2864
3791 101
3791 2954
3792 7815
3792 7454
3793 8477
3793 3460
3794 2314
3794 709
3795 4191
3795 5344
3796 1678
3796 9748
3797 179
3797 4746
3798 8840
3798 6715
3799 9014
3799 8102
3800 5186
3800 7512
3801 2298
3801 4879
3802 2738
3802 7879
3803 8068
3803 675
3804 6925
3804 7537
3805 5847
3805 8902
3806 7597
3806 4280
3807 5373
3807 6683
3808 197
3808 9359
3809 1740
3809 8171
3810 8780
3810 3416
3811 5780
3811 5194
3812 1548
3812 7361
3813 5153
3813 9296
3814 9719
3814 5209
3815 8956
3815 8883
3816 192
3816 8375
3817 7632
3817 6386
3818 1537
3818 7035
3819 6467
3819 6032
3820 43
3820 3156
3821 6756
3821 3487
3822 9632
3822 7950
3823 7261
3823 8495
3824 7342
3824 7804
3825 4769
3825 4048
3826 8866
3826 9842
3827 429
3827 5746
3828 3949
3828 6842
3829 9958
3829 2237
3830 9420
3830 504
3831 3398
3831 8276
3832 2817
3832 4072
3833 19
3833 6369
3834 890
3834 7
3835 7175
3835 6440
3836 1538
3836 4095
3837 5476
3837 3244
3838 9296
3838 7717
3839 5065
3839 7027
3840 3643
3840 1980
3841 440
3841 7797
3842 1779
3842 8895
3843 9896
3843 253
3844 3676
3844 7801
3845 1200
3845 6716
3846 7372
3846 7020
3847 697
3847 3656
3848 8606
3848 9865
3849 3621
3849 1312
3850 3763
3850 206
3851 3054
3851 5419
3852 1921
3852 4225
3853 5973
3853 2061
3854 257
3854 5026
3855 8116
3855 4001
3856 266
3856 8535
3857 7228
3857 173
3858 4162
3858 3898
3859 1982
3859 8577
3860 2852
3860 1071
3861 3468
3861 1350
3862 8971
3862 1804
3863 150
3863 8112
3864 876
3864 7301
3865 9227
3865 4053
3866 2821
3866 7790
3867 4162
3867 18
3868 9410
3868 9710
3869 3903
3869 1029
3870 6788
3870 3325
3871 6785
3871 845
3872 687
3872 3414
3873 9630
3873 489
3874 7502
3874 7924
3875 5747
3875 7827
3876 339
3876 1016
3877 3363
3877 700
3878 8115
3878 1362
3879 2904
3879 3808
3880 7698
3880 2619
3881 1012
3881 8848
3882 8199
3882 9599
3883 8699
3883 5096
3884 4591
3884 8008
3885 6095
3885 6663
3886 5449
3886 4339
3887 9312
3887 2326
3888 2649
3888 836
3889 3531
3889 9048
3890 8687
3890 6236
3891 3835
3891 2213
3892 5811
3892 3187
3893 7187
3893 118
3894 4216
3894 4570
3895 4945
3895 1306
3896 3424
3896 9942
3897 7677
3897 242
3898 4750
3898 6483
3899 1430
3899 1759
3900 1269
3900 2656
3901 7592
3901 7414
3902 7399
3902 8749
3903 6012
3903 5039
3904 9516
3904 3430
3905 8547
3905 3107
3906 5639
3906 2165
3907 2807
3907 4752
3908 8493
3908 2713
3909 1384
3909 1941
3910 209
3910 2524
3911 9963
3911 8735
3912 4211
3912 5951
3913 8009
3913 5517
3914 4103
3914 6608
3915 540
3915 9992
3916 8575
3916 4528
3917 2044
3917 8849
3918 1585
3918 9666
3919 5866
3919 5697
3920 501
3920 1868
3921 6748
3921 441
3922 1340
3922 5079
3923 1076
3923 7144
3924 1473
3924 1840
3925 668
3925 9146
3926 2187
3926 653
3927 2018
3927 5772
3928 6157
3928 1655
3929 5268
3929 484
3930 8237
3930 7615
3931 5626
3931 6179
3932 1034
3932 8559
3933 9091
3933 4036
3934 8316
3934 8390
3935 3605
3935 7384
3936 7743
3936 1091
3937 9483
3937 4947
3938 8249
3938 62
3939 3828
3939 6807
3940 4157
3940 5605
3941 3861
3941 9661
3942 7137
3942 2957
3943 3911
3943 9928
3944 4984
3944 360
3945 157
3945 2487
3946 4442
3946 9773
3947 3698
3947 9390
3948 3864
3948 6968
3949 9773
3949 5729
3950 8999
3950 7155
3951 8799
3951 5872
3952 9116
3952 8906
3953 2137
3953 5069
3954 8873
3954 3957
3955 2804
3955 3003
3956 7504
3956 5499
3957 6321
3957 6690
3958 8480
3958 5333
3959 1351
3959 9327
3960 33
3960 4835
3961 3593
3961 1074
3962 6422
3962 1878
3963 2197
3963 2498
3964 2250
3964 2734
3965 3981
3965 8211
3966 9692
3966 7231
3967 6074
3967 3173
3968 534
3968 5144
3969 2121
3969 4660
3970 8073
3970 2952
3971 8643
3971 9059
3972 6802
3972 315
3973 6934
3973 7148
3974 176
3974 1075
3975 2724
3975 8630
3976 9784
3976 1148
3977 9817
3977 2186
3978 2979
3978 9938
3979 3447
3979 6530
3980 4181
3980 1752
3981 5547
3981 2041
3982 2108
3982 9489
3983 829
3983 8782
3984 4283
3984 6632
3985 2253
3985 9352
3986 5698
3986 6847
3987 8292
3987 1055
3988 873
3988 1440
3989 1008
3989 394
3990 184
3990 7417
3991 5396
3991 2996
3992 3244
3992 9818
3993 7892
3993 9818
3994 6635
3994 5785
3995 3253
3995 3479
3996 9623
3996 3485
3997 9339
3997 3959
3998 8130
3998 2087
3999 3419
3999 3149
4000 7663
4000 5571
4001 7087
4001 103
4002 7514
4002 9644
4003 2712
4003 6223
4004 736
4004 9414
4005 4846
4005 6902
4006 5491
4006 6717
4007 6045
4007 2499
4008 2827
4008 130
4009 4645
4009 4069
4010 5793
4010 7161
4011 7262
4011 7920
4012 6766
4012 8404
4013 4756
4013 5502
4014 3896
4014 1164
4015 8087
4015 7359
4016 5842
4016 4772
4017 7858
4017 8714
4018 7615
4018 8587
4019 4707
4019 3260
4020 1693
4020 8327
4021 4993
4021 737
4022 7769
4022 1028
4023 2219
4023 859
4024 6014
4024 8602
4025 8539
4025 881
4026 2122
4026 5337
4027 7157
4027 8863
4028 2267
4028 7027
4029 709
4029 7683
4030 4863
4030 4656
4031 6043
4031 8069
4032 9289
4032 9570
4033 589
4033 3669
4034 2106
4034 3855
4035 7730
4035 3372
4036 6742
4036 4250
4037 9128
4037 5746
4038 4515
4038 1602
4039 8241
4039 868
4040 2107
4040 4755
4041 6279
4041 1235
4042 9328
4042 4423
4043 4904
4043 5064
4044 7375
4044 2841
4045 6093
4045 2996
4046 2597
4046 9178
4047 8431
4047 7365
4048 1759
4048 1119
4049 5215
4049 7942
4050 4151
4050 9086
4051 2014
4051 7021
4052 4695
4052 5473
4053 8913
4053 868
4054 2735
4054 1015
4055 1236
4055 2414
4056 7002
4056 4822
4057 470
4057 4467
4058 1117
4058 819
4059 9081
4059 1693
4060 9114
4060 4784
4061 1438
4061 7195
4062 5306
4062 6499
4063 3935
4063 1114
4064 5842
4064 6421
4065 6547
4065 9456
4066 7671
4066 99
4067 9929
4067 6016
4068 5915
4068 4454
4069 387
4069 277
4070 6347
4070 1038
4071 5647
4071 7224
4072 4385
4072 7528
4073 3508
4073 3236
4074 267
4074 8657
4075 672
4075 8669
4076 7922
4076 2988
4077 1700
4077 1613
4078 1909
4078 5623
4079 9742
4079 6270
4080 2627
4080 3735
4081 9978
4081 2586
4082 9531
4082 6378
4083 7053
4083 494
4084 2092
4084 6121
4085 9027
4085 705
4086 7064
4086 4650
4087 1368
4087 707
4088 6866
4088 7346
4089 1063
4089 3222
4090 9661
4090 451
4091 929
4091 6916
4092 9310
4092 5489
4093 3100
4093 3523
4094 3469
4094 9503
4095 3536
4095 9034
4096 9933
4096 1790
4097 2415
4097 8447
4098 1080
4098 2427
4099 20
4099 1617
4100 575
4100 3440
4101 7831
4101 6659
4102 7055
4102 9732
4103 3306
4103 667
4104 3896
4104 6128
4105 2751
4105 4065
4106 262
4106 9402
4107 7624
4107 2885
4108 662
4108 2573
4109 2491
4109 4013
4110 5277
4110 4965
4111 1597
4111 7970
4112 5325
4112 7970
4113 8378
4113 5434
4114 636
4114 814
4115 1584
4115 5587
4116 6503
4116 6083
4117 5762
4117 9988
4118 345
4118 2474
4119 3749
4119 5052
4120 344
4120 3202
4121 5841
4121 5845
4122 4750
4122 9715
4123 2584
4123 7597
4124 8060
4124 9291
4125 1007
4125 4877
4126 6984
4126 5592
4127 72
4127 2281
4128 7545
4128 5104
4129 9565
4129 8083
4130 8548
4130 9012
4131 256
4131 9963
4132 3531
4132 9786
4133 3075
4133 5027
4134 1189
4134 6220
4135 8184
4135 9414
4136 7467
4136 7911
4137 5659
4137 7978
4138 8133
4138 5730
4139 4275
4139 2348
4140 8483
4140 599
4141 8459
4141 5622
4142 3942
4142 6842
4143 1816
4143 967
4144 464
4144 1362
4145 7538
4145 7442
4146 3716
4146 9096
4147 2549
4147 5376
4148 1358
4148 8717
4149 8624
4149 8026
4150 8028
4150 9897
4151 3672
4151 8999
4152 2416
4152 3837
4153 8984
4153 3718
4154 6800
4154 2312
4155 3810
4155 9206
4156 3570
4156 9835
4157 9754
4157 9516
4158 8927
4158 1962
4159 1463
4159 3275
4160 9961
4160 3137
4161 4697
4161 8613
4162 1244
4162 7691
4163 7047
4163 7839
4164 9489
4164 4287
4165 4299
4165 9896
4166 7704
4166 5922
4167 259
4167 2572
4168 1142
4168 2862
4169 3961
4169 7526
4170 2424
4170 9063
4171 4729
4171 3088
4172 8620
4172 4108
4173 8709
4173 572
4174 9182
4174 8932
4175 1296
4175 6172
4176 5998
4176 1135
4177 357
4177 1767
4178 9981
4178 3955
4179 1201
4179 511
4180 5550
4180 6639
4181 5333
4181 496
4182 2892
4182 1728
4183 3909
4183 7533
4184 8254
4184 1084
4185 4218
4185 2660
4186 6130
4186 5000
4187 1487
4187 9871
4188 6358
4188 8826
4189 4683
4189 1602
4190 7723
4190 7346
4191 1709
4191 9279
4192 4750
4192 5320
4193 1116
4193 149
4194 2272
4194 4762
4195 3919
4195 5535
4196 954
4196 9604
4197 5562
4197 4984
4198 888
4198 4650
4199 612
4199 555
4200 1142
4200 2325
4201 5017
4201 8359
4202 4345
4202 4276
4203 6049
4203 84
4204 1211
4204 5019
4205 1698
4205 241
4206 3018
4206 4614
4207 1429
4207 1149
4208 6906
4208 1824
4209 309
4209 3780
4210 9259
4210 73
4211 4904
4211 3790
4212 4350
4212 2092
4213 7184
4213 9011
4214 3214
4214 1102
4215 9360
4215 3474
4216 4041
4216 618
4217 7832
4217 6563
4218 2687
4218 3189
4219 7850
4219 5323
4220 8486
4220 908
4221 4211
4221 7474
4222 4842
4222 1144
4223 5405
4223 77
4224 1726
4224 4046
4225 6353
4225 8105
4226 2923
4226 1065
4227 6741
4227 2546
4228 1353
4228 3384
4229 1795
4229 3829
4230 3067
4230 798
4231 7675
4231 5904
4232 1417
4232 4865
4233 9962
4233 1508
4234 5779
4234 354
4235 3945
4235 1708
4236 4756
4236 3739
4237 4333
4237 1989
4238 3216
4238 663
4239 1886
4239 3443
4240 7240
4240 8799
4241 6178
4241 8684
4242 6306
4242 2048
4243 822
4243 4062
4244 3357
4244 5422
4245 8487
4245 1245
4246 4409
4246 4853
4247 8000
4247 713
4248 6853
4248 2931
4249 1808
4249 3390
4250 3469
4250 5904
4251 2648
4251 4659
4252 5738
4252 7834
4253 6204
4253 7501
4254 7101
4254 1846
4255 221
4255 3325
4256 6539
4256 2526
4257 3327
4257 4466
4258 7654
4258 366
4259 3221
4259 7155
4260 2315
4260 4467
4261 7103
4261 5556
4262 7113
4262 5341
4263 873
4263 6625
4264 6156
4264 5655
4265 9656
4265 1244
4266 6939
4266 1114
4267 8942
4267 1140
4268 2337
4268 3595
4269 4765
4269 5869
4270 1471
4270 2423
4271 4113
4271 7778
4272 6059
4272 6871
4273 4795
4273 172
4274 720
4274 5004
4275 834
4275 3938
4276 8435
4276 9947
4277 3157
4277 8155
4278 5495
4278 3553
4279 6209
4279 2221
4280 2329
4280 4885
4281 7310
4281 8953
4282 1472
4282 2405
4283 9370
4283 8339
4284 2995
4284 7084
4285 1463
4285 8118
4286 1404
4286 9166
4287 8982
4287 4767
4288 8331
4288 2643
4289 1276
4289 9159
4290 6774
4290 7963
4291 5987
4291 9009
4292 7956
4292 4007
4293 3134
4293 1641
4294 3521
4294 5866
4295 3760
4295 3824
4296 4928
4296 9789
4297 9649
4297 1238
4298 7300
4298 1022
4299 2100
4299 4856
4300 4440
4300 9751
4301 6685
4301 7688
4302 5991
4302 3690
4303 216
4303 5320
4304 6266
4304 5271
4305 3679
4305 1174
4306 5168
4306 6352
4307 1502
4307 6243
4308 2882
4308 9138
4309 5247
4309 7833
4310 7564
4310 2447
4311 3678
4311 3447
4312 4669
4312 8479
4313 6413
4313 8527
4314 8971
4314 8258
4315 9385
4315 1720
4316 425
4316 225
4317 1129
4317 7437
4318 3444
4318 2807
4319 1157
4319 6593
4320 9955
4320 3741
4321 6622
4321 742
4322 9678
4322 6051
4323 1262
4323 7758
4324 1104
4324 7344
4325 5270
4325 9495
4326 5607
4326 6721
4327 5655
4327 7515
4328 3395
4328 6061
4329 4639
4329 3329
4330 2764
4330 2995
4331 4204
4331 985
4332 7766
4332 6755
4333 7263
4333 6233
4334 208
4334 4985
4335 1394
4335 7089
4336 5274
4336 3724
4337 2457
4337 6373
4338 6412
4338 1180
4339 984
4339 3678
4340 7475
4340 8731
4341 1070
4341 2785
4342 8010
4342 7879
4343 1975
4343 7019
4344 6984
4344 8818
4345 3929
4345 514
4346 6937
4346 304
4347 9693
4347 8392
4348 1821
4348 6305
4349 3938
4349 1749
4350 8885
4350 9549
4351 8774
4351 748
4352 3786
4352 4395
4353 7960
4353 3270
4354 6923
4354 5635
4355 4225
4355 6736
4356 7142
4356 1283
4357 6102
4357 3202
4358 4067
4358 8657
4359 5176
4359 9789
4360 7287
4360 9695
4361 2700
4361 3395
4362 4433
4362 8472
4363 5872
4363 8845
4364 6561
4364 8270
4365 8316
4365 9248
4366 5059
4366 164
4367 1357
4367 6996
4368 994
4368 2552
4369 2277
4369 7403
4370 5704
4370 5069
4371 2391
4371 6371
4372 3959
4372 2666
4373 7956
4373 2639
4374 9630
4374 2162
4375 320
4375 6778
4376 7125
4376 3332
4377 3002
4377 4108
4378 7078
4378 8453
4379 9748
4379 8472
4380 2316
4380 5344
4381 7269
4381 2653
4382 5860
4382 1474
4383 7533
4383 4357
4384 3526
4384 7551
4385 5485
4385 1366
4386 5755
4386 858
4387 2913
4387 7457
4388 4037
4388 865
4389 2864
4389 9915
4390 4208
4390 7360
4391 5247
4391 6396
4392 7852
4392 5873
4393 2592
4393 5244
4394 1001
4394 3131
4395 1543
4395 9340
4396 8824
4396 1502
4397 5524
4397 815
4398 4801
4398 4207
4399 8668
4399 8356
4400 6538
4400 7181
4401 3965
4401 5124
4402 6709
4402 6128
4403 9821
4403 3940
4404 75
4404 730
4405 5398
4405 942
4406 1158
4406 161
4407 7356
4407 7070
4408 4540
4408 7175
4409 9736
4409 9761
4410 5705
4410 2694
4411 8731
4411 3187
4412 7047
4412 6491
4413 6989
4413 4967
4414 3899
4414 3488
4415 4587
4415 5853
4416 4768
4416 5548
4417 9984
4417 8604
4418 8180
4418 4320
4419 2974
4419 4030
4420 1540
4420 1090
4421 9503
4421 2390
4422 9104
4422 6010
4423 2169
4423 4040
4424 501
4424 1024
4425 1714
4425 400
4426 1100
4426 9625
4427 7376
4427 5924
4428 8372
4428 5029
4429 4478
4429 3541
4430 2046
4430 3911
4431 7205
4431 4767
4432 4537
4432 8912
4433 7658
4433 3536
4434 7396
4434 1789
4435 6696
4435 4858
4436 9506
4436 8705
4437 6340
4437 1831
4438 3621
4438 7035
4439 5894
4439 5071
4440 1416
4440 7571
4441 649
4441 9674
4442 1189
4442 3352
4443 1303
4443 6567
4444 8155
4444 1335
4445 172
4445 3139
4446 3274
4446 9299
4447 9193
4447 4239
4448 2273
4448 6087
4449 2383
4449 1110
4450 4444
4450 3982
4451 4994
4451 5849
4452 3412
4452 6745
4453 4390
4453 8725
4454 1034
4454 5840
4455 8457
4455 3759
4456 1652
4456 8188
4457 6137
4457 3903
4458 6651
4458 7594
4459 8039
4459 6739
4460 4995
4460 7392
4461 134
4461 4675
4462 84
4462 7964
4463 5024
4463 3919
4464 6249
4464 4231
4465 3860
4465 2313
4466 9695
4466 9211
4467 2623
4467 8656
4468 3225
4468 7952
4469 9075
4469 4182
4470 7477
4470 4284
4471 2086
4471 9744
4472 9061
4472 256
4473 2676
4473 2921
4474 9771
4474 3928
4475 3208
4475 7319
4476 9533
4476 7765
4477 6491
4477 2785
4478 8244
4478 4848
4479 1216
4479 8579
4480 240
4480 4168
4481 3850
4481 6201
4482 197
4482 4699
4483 98
4483 487
4484 5900
4484 7682
4485 7036
4485 8971
4486 4456
4486 2682
4487 7298
4487 7419
4488 1278
4488 1287
4489 3785
4489 4925
4490 4501
4490 7207
4491 1347
4491 9278
4492 3824
4492 1362
4493 3056
4493 3338
4494 897
4494 9076
4495 4359
4495 8619
4496 7156
4496 5448
4497 5937
4497 8050
4498 8671
4498 5216
4499 2885
4499 9300
4500 5237
4500 2639
4501 894
4501 4532
4502 5571
4502 5895
4503 6282
4503 352
4504 6413
4504 6313
4505 2219
4505 2983
4506 3353
4506 1623
4507 4091
4507 4425
4508 5066
4508 1328
4509 6969
4509 4273
4510 2657
4510 8464
4511 7452
4511 1647
4512 714
4512 9974
4513 3519
4513 419
4514 5469
4514 4137
4515 7823
4515 1503
4516 1615
4516 4581
4517 3217
4517 6041
4518 3706
4518 3204
4519 2939
4519 8767
4520 8869
4520 3218
4521 4357
4521 4088
4522 7414
4522 7284
4523 1251
4523 5725
4524 2604
4524 5739
4525 2537
4525 8537
4526 9752
4526 8173
4527 8696
4527 2083
4528 5300
4528 7535
4529 6582
4529 3076
4530 9592
4530 7981
4531 3256
4531 3530
4532 7683
4532 4018
4533 455
4533 9099
4534 9855
4534 5618
4535 5012
4535 8137
4536 5310
4536 1498
4537 1346
4537 6070
4538 5673
4538 8752
4539 5780
4539 2229
4540 8857
4540 3946
4541 2237
4541 4836
4542 5039
4542 8498
4543 8075
4543 7776
4544 5560
4544 2205
4545 5850
4545 2569
4546 240
4546 8730
4547 9811
4547 8512
4548 2024
4548 1472
4549 4427
4549 2336
4550 6085
4550 1792
4551 5934
4551 7037
4552 8304
4552 1556
4553 4912
4553 9942
4554 726
4554 2372
4555 6403
4555 5467
4556 3153
4556 6178
4557 9152
4557 8256
4558 1951
4558 4375
4559 1283
4559 6005
4560 292
4560 533
4561 2039
4561 879
4562 9227
4562 1843
4563 4928
4563 7063
4564 4668
4564 8309
4565 1881
4565 2548
4566 4083
4566 3403
4567 6725
4567 9875
4568 6678
4568 8351
4569 6426
4569 846
4570 5216
4570 7324
4571 8277
4571 7754
4572 5992
4572 4257
4573 7091
4573 6952
4574 2560
4574 8539
4575 2080
4575 1443
4576 5542
4576 728
4577 1878
4577 5864
4578 2950
4578 7774
4579 4276
4579 554
4580 4185
4580 8303
4581 8358
4581 5059
4582 2448
4582 2600
4583 6344
4583 8864
4584 405
4584 275
4585 9418
4585 7410
4586 7643
4586 5368
4587 57
4587 8616
4588 5028
4588 9356
4589 9695
4589 4558
4590 3572
4590 2554
4591 7371
4591 3163
4592 3824
4592 6761
4593 3910
4593 6300
4594 8825
4594 9440
4595 6287
4595 6806
4596 3150
4596 4081
4597 5666
4597 7466
4598 8504
4598 7686
4599 7380
4599 6399
4600 7682
4600 3082
4601 9444
4601 3217
4602 9380
4602 9076
4603 1562
4603 3160
4604 8575
4604 1309
4605 9982
4605 7036
4606 1019
4606 2966
4607 6862
4607 9439
4608 8849
4608 3205
4609 5406
4609 6677
4610 3779
4610 7536
4611 4914
4611 255
4612 5775
4612 6292
4613 9989
4613 3378
4614 7052
4614 2297
4615 5847
4615 1233
4616 5961
4616 7766
4617 6612
4617 7042
4618 2999
4618 989
4619 3255
4619 7014
4620 4945
4620 339
4621 8531
4621 6754
4622 3656
4622 4757
4623 3863
4623 9546
4624 7046
4624 3129
4625 326
4625 2925
4626 5083
4626 3360
4627 1348
4627 2101
4628 5938
4628 6244
4629 7530
4629 6788
4630 7983
4630 6699
4631 4585
4631 5195
4632 9553
4632 202
4633 6094
4633 5974
4634 1876
4634 5900
4635 9097
4635 7988
4636 2751
4636 9390
4637 2347
4637 2864
4638 9290
4638 4578
4639 5406
4639 3974
4640 4597
4640 7940
4641 4874
4641 6828
4642 8360
4642 7149
4643 3672
4643 8761
4644 1311
4644 1933
4645 4562
4645 5023
4646 6857
4646 5223
4647 4686
4647 4868
4648 6948
4648 4985
4649 9867
4649 8674
4650 7640
4650 9281
4651 1528
4651 7260
4652 4332
4652 9229
4653 7764
4653 9594
4654 5904
4654 1178
4655 286
4655 3874
4656 6194
4656 5205
4657 2901
4657 9609
4658 9289
4658 5996
4659 3590
4659 3269
4660 6073
4660 4698
4661 2175
4661 2204
4662 4973
4662 3881
4663 3807
4663 2865
4664 2339
4664 691
4665 1014
4665 2366
4666 3310
4666 6759
4667 3859
4667 8568
4668 4529
4668 8447
4669 984
4669 8354
4670 3487
4670 839
4671 3385
4671 8774
4672 977
4672 2999
4673 8322
4673 5842
4674 6453
4674 971
4675 3756
4675 1730
4676 6325
4676 6050
4677 4735
4677 8169
4678 1935
4678 2012
4679 368
4679 2535
4680 3422
4680 3159
4681 845
4681 4006
4682 4202
4682 1869
4683 7059
4683 3429
4684 5171
4684 6955
4685 9182
4685 3815
4686 183
4686 2275
4687 7485
4687 559
4688 338
4688 6752
4689 7491
4689 6816
4690 5528
4690 9900
4691 7849
4691 236
4692 9261
4692 7318
4693 4147
4693 4298
4694 6172
4694 3381
4695 772
4695 4406
4696 3720
4696 6538
4697 7098
4697 8930
4698 8811
4698 4134
4699 1011
4699 1231
4700 6231
4700 6356
4701 9231
4701 1441
4702 7645
4702 1281
4703 4236
4703 4555
4704 3555
4704 7504
4705 155
4705 4817
4706 7461
4706 5426
4707 4175
4707 5450
4708 648
4708 1170
4709 3058
4709 7954
4710 8379
4710 1622
4711 4438
4711 6151
4712 5584
4712 3021
4713 8614
4713 1449
4714 6308
4714 8264
4715 9240
4715 6590
4716 9884
4716 2612
4717 6595
4717 9637
4718 8236
4718 6750
4719 7120
4719 6682
4720 8039
4720 7022
4721 1518
4721 3626
4722 1771
4722 8148
4723 4283
4723 9619
4724 128
4724 4374
4725 5106
4725 2166
4726 5818
4726 4937
4727 1802
4727 91
4728 4371
4728 133
4729 9924
4729 4752
4730 6290
4730 2311
4731 4401
4731 2825
4732 9484
4732 7931
4733 2014
4733 8252
4734 7007
4734 2608
4735 53
4735 2155
4736 571
4736 565
4737 1980
4737 7151
4738 4750
4738 5125
4739 315
4739 8772
4740 9303
4740 2569
4741 1387
4741 2665
4742 494
4742 3132
4743 5993
4743 921
4744 4724
4744 5819
4745 7073
4745 6113
4746 3853
4746 7640
4747 5700
4747 5979
4748 3927
4748 9549
4749 990
4749 7987
4750 6612
4750 8064
4751 5674
4751 7271
4752 2047
4752 1300
4753 1410
4753 6214
4754 1918
4754 8903
4755 7060
4755 7655
4756 1662
4756 7042
4757 1007
4757 2873
4758 7403
4758 8981
4759 2435
4759 1229
4760 5363
4760 2444
4761 1678
4761 1568
4762 1782
4762 9879
4763 46
4763 1642
4764 1428
4764 8142
4765 9707
4765 126
4766 4228
4766 3244
4767 7049
4767 5510
4768 1688
4768 1036
4769 3255
4769 1781
4770 1478
4770 3446
4771 5495
4771 7335
4772 6761
4772 9883
4773 1886
4773 1647
4774 4764
4774 6537
4775 5303
4775 418
4776 3731
4776 1827
4777 4950
4777 4631
4778 4630
4778 4447
4779 2958
4779 1056
4780 1051
4780 9874
4781 8592
4781 8959
4782 1207
4782 1379
4783 509
4783 5686
4784 6282
4784 5099
4785 9290
4785 2189
4786 2748
4786 3686
4787 9224
4787 3705
4788 9146
4788 3995
4789 2833
4789 9034
4790 3239
4790 1246
4791 8102
4791 869
4792 4445
4792 4665
4793 1953
4793 1986
4794 4760
4794 8608
4795 150
4795 2378
4796 1562
4796 9948
4797 2929
4797 360
4798 9293
4798 1011
4799 6378
4799 6971
4800 6220
4800 2749
4801 9567
4801 1241
4802 814
4802 9684
4803 1764
4803 3773
4804 8480
4804 3830
4805 8408
4805 9971
4806 6961
4806 3243
4807 2814
4807 6095
4808 2394
4808 2966
4809 8638
4809 287
4810 8493
4810 8448
4811 4182
4811 9879
4812 1914
4812 810
4813 7104
4813 5927
4814 82
4814 5351
4815 8032
4815 1633
4816 1516
4816 8426
4817 8672
4817 3597
4818 2894
4818 9759
4819 9893
4819 4284
4820 7826
4820 5355
4821 3463
4821 3521
4822 5978
4822 3825
4823 8828
4823 4758
4824 7620
4824 1865
4825 613
4825 7404
4826 8803
4826 2969
4827 5407
4827 8932
4828 1572
4828 338
4829 627
4829 2726
4830 8900
4830 7575
4831 7201
4831 6308
4832 9048
4832 5459
4833 9813
4833 4643
4834 6916
4834 4412
4835 7341
4835 501
4836 2756
4836 5890
4837 7754
4837 2724
4838 1916
4838 3755
4839 418
4839 4459
4840 2066
4840 682
4841 4832
4841 9204
4842 6205
4842 5079
4843 778
4843 3149
4844 6940
4844 1892
4845 5756
4845 9559
4846 3417
4846 1747
4847 699
4847 7393
4848 196
4848 1487
4849 316
4849 7324
4850 6712
4850 4510
4851 1604
4851 7082
4852 1020
4852 9880
4853 6312
4853 8373
4854 966
4854 318
4855 3616
4855 6482
4856 7707
4856 6967
4857 7536
4857 8334
4858 5107
4858 6935
4859 76
4859 6087
4860 16
4860 9685
4861 59
4861 3125
4862 4181
4862 2418
4863 889
4863 6036
4864 8366
4864 986
4865 6186
4865 6264
4866 5907
4866 7754
4867 1928
4867 2416
4868 7768
4868 4273
4869 9214
4869 5041
4870 9472
4870 5236
4871 3911
4871 8923
4872 9275
4872 2020
4873 7570
4873 4809
4874 9151
4874 2963
4875 2175
4875 9475
4876 211
4876 2652
4877 7946
4877 6237
4878 8450
4878 9873
4879 4668
4879 8167
4880 6998
4880 9172
4881 9766
4881 298
4882 9626
4882 2237
4883 3145
4883 3965
4884 2757
4884 5217
4885 768
4885 1501
4886 7169
4886 8508
4887 3921
4887 6805
4888 9465
4888 8069
4889 3351
4889 1645
4890 5149
4890 1375
4891 152
4891 2935
4892 3267
4892 6115
4893 8874
4893 4674
4894 7122
4894 2656
4895 6879
4895 4301
4896 8066
4896 1839
4897 524
4897 4306
4898 2258
4898 3957
4899 6342
4899 8693
4900 4949
4900 5358
4901 3092
4901 602
4902 5894
4902 5256
4903 2710
4903 1314
4904 2959
4904 5054
4905 2439
4905 4999
4906 2071
4906 3644
4907 809
4907 2863
4908 6619
4908 6132
4909 2100
4909 8086
4910 8713
4910 7986
4911 8479
4911 7267
4912 3638
4912 6521
4913 292
4913 1037
4914 5668
4914 964
4915 145
4915 550
4916 2228
4916 3020
4917 1283
4917 9344
4918 2470
4918 5240
4919 5121
4919 8309
4920 1425
4920 2946
4921 6109
4921 8952
4922 5412
4922 9872
4923 4795
4923 9897
4924 8382
4924 150
4925 9111
4925 2970
4926 5504
4926 6072
4927 2882
4927 6172
4928 7256
4928 49
4929 408
4929 5090
4930 774
4930 7365
4931 8516
4931 6668
4932 8160
4932 1789
4933 1075
4933 5661
4934 1531
4934 894
4935 4681
4935 4781
4936 3983
4936 5792
4937 5940
4937 4626
4938 4998
4938 3898
4939 9363
4939 7143
4940 9608
4940 8827
4941 9679
4941 6286
4942 382
4942 431
4943 3640
4943 5824
4944 9112
4944 1566
4945 5723
4945 370
4946 2959
4946 2647
4947 2423
4947 5929
4948 4251
4948 7453
4949 5819
4949 564
4950 9701
4950 8821
4951 7667
4951 2662
4952 6876
4952 6593
4953 3414
4953 3622
4954 9545
4954 7674
4955 8375
4955 585
4956 7256
4956 2928
4957 8719
4957 4554
4958 9419
4958 8258
4959 5221
4959 2696
4960 6644
4960 6322
4961 715
4961 1747
4962 8767
4962 8061
4963 7847
4963 5108
4964 5204
4964 2895
4965 2681
4965 6873
4966 6034
4966 7732
4967 1325
4967 2949
4968 4311
4968 7591
4969 1003
4969 7714
4970 6428
4970 292
4971 4308
4971 4714
4972 2693
4972 9688
4973 403
4973 2993
4974 6679
4974 4547
4975 4777
4975 9234
4976 2976
4976 5157
4977 6766
4977 7344
4978 7059
4978 889
4979 7645
4979 4716
4980 1392
4980 2751
4981 3336
4981 272
4982 5299
4982 107
4983 3742
4983 4423
4984 4688
4984 4455
4985 8466
4985 6018
4986 2855
4986 4681
4987 2599
4987 3859
4988 6930
4988 9757
4989 3815
4989 5437
4990 2706
4990 4766
4991 238
4991 6823
4992 2651
4992 7925
4993 4000
4993 2630
4994 7419
4994 1855
4995 8066
4995 542
4996 344
4996 7788
4997 889
4997 5259
4998 6257
4998 622
4999 6722
4999 5183
5000 5433
