10000 1000
0 7380
1 4134
1 8238
1 5037
1 9065
1 3317
2 7955
2 9762
2 3585
2 3431
2 2793
3 8795
3 7609
3 9759
3 3625
3 8258
4 6061
4 4468
4 5181
4 6914
4 6630
5 6363
5 2532
5 6995
5 8789
5 7600
6 4528
6 9250
6 5152
6 4842
6 7323
7 8408
7 6853
7 6006
7 777
7 9438
8 3256
8 403
8 5169
8 6046
8 116
9 6829
9 3496
9 399
9 1633
9 1762
10 3299
10 4908
10 9049
10 7025
10 7166
11 9355
11 9857
11 3445
11 4375
11 6552
12 7125
12 1056
12 8356
12 1163
12 3687
13 2649
13 3338
13 5230
13 5716
13 4366
14 3709
14 6569
14 7407
14 6540
14 3796
15 5544
15 2568
15 3503
15 5121
15 2888
16 9825
16 9273
16 3014
16 6310
16 1021
17 7920
17 2828
17 6437
17 5848
17 5852
18 6514
18 5321
18 7425
18 3367
18 6847
19 882
19 5739
19 8961
19 7666
19 5256
20 9405
20 6926
20 9941
20 7176
20 5851
21 1700
21 3382
21 53
21 9528
21 6662
22 9729
22 3155
22 6798
22 6972
22 484
23 3702
23 5900
23 8128
23 8914
23 8983
24 1038
24 2955
24 8188
24 9121
24 6536
25 7333
25 8102
25 8681
25 1936
25 6227
26 5175
26 6015
26 8062
26 2007
26 4931
27 4332
27 3057
27 6953
27 5450
27 8396
28 6827
28 3928
28 2828
28 8528
28 507
29 894
29 8685
29 4140
29 6402
29 8104
30 7072
30 3774
30 124
30 4780
30 5055
31 1271
31 4530
31 582
31 6782
31 4057
32 9014
32 5788
32 8673
32 3395
32 574
33 9458
33 2662
33 5901
33 8124
33 8264
34 1897
34 2282
34 212
34 9276
34 727
35 1733
35 8246
35 6271
35 9358
35 7103
36 5287
36 870
36 5956
36 2037
36 4557
37 4168
37 6228
37 276
37 4642
37 9325
38 2629
38 6354
38 6138
38 1276
38 3884
39 5575
39 3083
39 8713
39 6944
39 6358
40 3849
40 8482
40 4326
40 4264
40 8350
41 6287
41 2813
41 2485
41 2217
41 2697
42 9965
42 6543
42 6379
42 6331
42 538
43 6873
43 7551
43 6705
43 8399
43 279
44 4851
44 9172
44 1681
44 714
44 6866
45 1517
45 4596
45 5373
45 1887
45 6037
46 9513
46 4803
46 5878
46 1090
46 9111
47 4755
47 3530
47 1533
47 2999
47 2391
48 7701
48 464
48 2008
48 2397
48 485
49 2320
49 136
49 3921
49 5759
49 7110
50 5202
50 3888
50 1158
50 4538
50 1922
51 6597
51 9052
51 2439
51 2212
51 3241
52 3684
52 3405
52 5195
52 641
52 7391
53 981
53 1890
53 4656
53 2191
53 1125
54 8394
54 8618
54 1556
54 8042
54 4017
55 2478
55 4846
55 8089
55 5872
55 8720
56 5113
56 7482
56 2407
56 3870
56 5389
57 2303
57 7818
57 1772
57 2809
57 1448
58 5250
58 4842
58 7498
58 5383
58 3136
59 4443
59 2879
59 5855
59 3807
59 2929
60 9238
60 640
60 1819
60 7119
60 993
61 278
61 8914
61 325
61 1458
61 9885
62 6217
62 2272
62 7300
62 2139
62 7904
63 6300
63 447
63 3637
63 7888
63 675
64 3088
64 7753
64 2275
64 3145
64 4561
65 6124
65 7923
65 5400
65 2681
65 2782
66 8470
66 2190
66 1176
66 2356
66 6839
67 7290
67 7484
67 3729
67 3729
67 4822
68 7630
68 4158
68 5218
68 9862
68 4962
69 5764
69 4162
69 3862
69 2401
69 8429
70 3835
70 8141
70 5080
70 5765
70 4609
71 3917
71 8762
71 3446
71 4424
71 7477
72 6252
72 4517
72 1208
72 3066
72 2413
73 1280
73 273
73 4411
73 5507
73 9836
74 2248
74 2814
74 2811
74 7803
74 9084
75 2776
75 9355
75 6967
75 2615
75 9674
76 8164
76 5072
76 465
76 5444
76 4072
77 2301
77 6156
77 4909
77 5953
77 1740
78 5104
78 4430
78 6250
78 5856
78 5042
79 9736
79 2650
79 9931
79 8006
79 6723
80 5525
80 2337
80 9598
80 1094
80 7666
81 1271
81 9720
81 8896
81 9151
81 8562
82 7324
82 6788
82 1912
82 8599
82 1588
83 7999
83 9844
83 783
83 8461
83 2460
84 2446
84 1393
84 755
84 6829
84 5134
85 6408
85 8538
85 7888
85 910
85 5969
86 2195
86 9163
86 5819
86 8045
86 3700
87 8415
87 8114
87 5747
87 506
87 1721
88 5583
88 4277
88 4633
88 8945
88 3972
89 4528
89 4581
89 7540
89 3243
89 8269
90 3645
90 2665
90 3810
90 7906
90 1009
91 5686
91 692
91 9371
91 7385
91 1450
92 8913
92 3954
92 7883
92 9624
92 5353
93 7618
93 150
93 5007
93 7892
93 7087
94 784
94 8077
94 82
94 5782
94 9334
95 7926
95 8967
95 2658
95 4633
95 150
96 5574
96 1602
96 101
96 1996
96 948
97 3412
97 5965
97 4746
97 2679
97 131
98 256
98 9661
98 9602
98 5085
98 3101
99 5748
99 7597
99 6315
99 4521
99 2656
100 550
100 4674
100 3590
100 6816
100 4458
101 3850
101 9991
101 3476
101 199
101 3252
102 798
102 1092
102 3205
102 6024
102 7741
103 8565
103 6706
103 5603
103 8700
103 558
104 7012
104 5306
104 9023
104 4107
104 2899
105 5092
105 7481
105 209
105 2441
105 6219
106 2132
106 5009
106 4013
106 2063
106 4897
107 8871
107 6987
107 1993
107 8695
107 5234
108 781
108 1589
108 5688
108 7424
108 6558
109 6894
109 9933
109 9382
109 1100
109 1531
110 5798
110 4978
110 1235
110 5280
110 6682
111 8322
111 171
111 788
111 1914
111 6720
112 4405
112 9928
112 6759
112 7612
112 5052
113 1935
113 1884
113 4105
113 3602
113 6583
114 5337
114 1949
114 2450
114 7439
114 7373
115 9544
115 6745
115 2095
115 7651
115 6839
116 5956
116 6656
116 1632
116 9267
116 1112
117 7297
117 5776
117 3768
117 7087
117 952
118 7492
118 5626
118 3962
118 1929
118 4750
119 765
119 1801
119 8161
119 8056
119 6521
120 6937
120 2051
120 1445
120 4358
120 2800
121 2352
121 8868
121 7067
121 513
121 934
122 5144
122 3872
122 6410
122 1856
122 7707
123 4198
123 2815
123 3391
123 2509
123 3260
124 7301
124 1551
124 1477
124 3072
124 3587
125 7961
125 2297
125 7754
125 6328
125 6339
126 5148
126 331
126 5102
126 2422
126 3913
127 4416
127 4848
127 6510
127 5892
127 7275
128 4095
128 5703
128 7982
128 1304
128 5708
129 5388
129 1363
129 5260
129 6779
129 2881
130 312
130 7003
130 8158
130 6902
130 1614
131 2453
131 9768
131 8411
131 5941
131 7125
132 4711
132 8026
132 7278
132 2744
132 2967
133 4371
133 8991
133 3243
133 19
133 7755
134 5182
134 9659
134 4346
134 896
134 871
135 8242
135 2946
135 7915
135 3069
135 6551
136 4547
136 6590
136 9871
136 2557
136 9911
137 5019
137 6071
137 7557
137 8702
137 6389
138 7032
138 1254
138 4289
138 2356
138 7842
139 8984
139 5534
139 7838
139 6997
139 872
140 7704
140 5985
140 9969
140 5629
140 389
141 805
141 1994
141 4831
141 1246
141 4566
142 7747
142 6735
142 4803
142 8403
142 360
143 9810
143 1732
143 8065
143 2729
143 1448
144 5796
144 2146
144 1046
144 1117
144 2950
145 1889
145 2398
145 3077
145 3231
145 2933
146 852
146 5745
146 9025
146 5234
146 3556
147 555
147 3995
147 9938
147 3441
147 197
148 7257
148 1621
148 4598
148 6878
148 5815
149 8374
149 6124
149 898
149 1104
149 4173
150 1916
150 3242
150 7523
150 1832
150 2342
151 6235
151 3183
151 8728
151 8415
151 4674
152 5173
152 400
152 7120
152 7691
152 3930
153 4546
153 9989
153 7024
153 1599
153 7875
154 1393
154 9206
154 3234
154 5390
154 9542
155 7358
155 4008
155 5950
155 871
155 5352
156 6044
156 9458
156 3079
156 7454
156 2614
157 2386
157 7402
157 4471
157 8727
157 2043
158 9295
158 4352
158 7033
158 5470
158 2600
159 8065
159 5695
159 3209
159 9432
159 7241
160 4393
160 3161
160 8110
160 6596
160 6664
161 1171
161 1366
161 5188
161 2191
161 7928
162 7347
162 2913
162 8314
162 3441
162 8301
163 5386
163 226
163 3407
163 2563
163 7620
164 2157
164 7986
164 9484
164 1206
164 8464
165 4998
165 6176
165 4677
165 7520
165 5711
166 4322
166 7182
166 7046
166 1694
166 6725
167 4968
167 2463
167 3441
167 984
167 6998
168 6621
168 2256
168 4572
168 8109
168 8909
169 9911
169 9787
169 3175
169 9978
169 8065
170 4406
170 488
170 2590
170 2267
170 5038
171 7845
171 4857
171 1744
171 8099
171 7532
172 3212
172 2652
172 8697
172 279
172 5249
173 9777
173 7375
173 3208
173 8408
173 1131
174 2441
174 6414
174 6637
174 5283
174 1367
175 311
175 6120
175 4441
175 6837
175 5865
176 1269
176 2987
176 9368
176 2335
176 8279
177 3893
177 9451
177 30
177 794
177 7527
178 3678
178 5150
178 7470
178 4400
178 8341
179 9379
179 4072
179 8293
179 6423
179 6559
180 1905
180 5052
180 2144
180 1732
180 6482
181 2854
181 9476
181 9340
181 1416
181 7590
182 3221
182 71
182 7540
182 8475
182 2314
183 2597
183 3679
183 1123
183 2432
183 9948
184 8002
184 2885
184 1712
184 4974
184 8144
185 8875
185 3607
185 2172
185 5285
185 8459
186 8513
186 8765
186 8004
186 4833
186 2494
187 4366
187 4723
187 1133
187 2141
187 5948
188 7110
188 8959
188 252
188 2013
188 6167
189 5534
189 5980
189 9177
189 8666
189 3315
190 7509
190 5266
190 8511
190 6100
190 3815
191 1940
191 6242
191 1776
191 5918
191 1329
192 8381
192 3688
192 6657
192 9126
192 3459
193 5770
193 8730
193 6750
193 6185
193 8579
194 8719
194 9576
194 4453
194 3931
194 1448
195 1446
195 4330
195 7514
195 532
195 6932
196 1521
196 9189
196 9074
196 4154
196 6693
197 1108
197 543
197 5226
197 2653
197 8495
198 6449
198 9926
198 2125
198 9338
198 4686
199 9535
199 4233
199 2439
199 6751
199 8146
200 8910
200 6059
200 4016
200 5872
200 3149
201 8578
201 7276
201 33
201 3726
201 8431
202 7521
202 560
202 9238
202 6957
202 2730
203 68
203 1525
203 2775
203 4797
203 1326
204 2241
204 1220
204 4958
204 5215
204 4797
205 5789
205 6523
205 6635
205 5124
205 213
206 8219
206 8731
206 6204
206 6634
206 7506
207 9245
207 8826
207 4379
207 4613
207 3684
208 2572
208 3182
208 410
208 2635
208 7724
209 8207
209 2713
209 5249
209 640
209 2799
210 1426
210 7405
210 8000
210 87
210 9607
211 9285
211 7222
211 3124
211 3770
211 9915
212 2870
212 350
212 8636
212 437
212 7033
213 4858
213 269
213 8969
213 5116
213 5177
214 6926
214 1910
214 9521
214 5684
214 3382
215 1250
215 6731
215 8865
215 4339
215 8917
216 2897
216 3176
216 2533
216 894
216 6366
217 2470
217 690
217 1465
217 5497
217 5755
218 6135
218 5866
218 9763
218 9333
218 5151
219 5771
219 5655
219 6404
219 5509
219 7072
220 8690
220 3935
220 2492
220 9874
220 4797
221 2682
221 3057
221 8562
221 9658
221 3296
222 7473
222 4912
222 7151
222 9552
222 3681
223 8554
223 1055
223 3608
223 7782
223 1023
224 6404
224 5425
224 7255
224 2190
224 9420
225 5303
225 6525
225 5551
225 2479
225 1539
226 2696
226 9738
226 4557
226 4418
226 3195
227 8097
227 2255
227 5115
227 7796
227 7648
228 5022
228 3852
228 3296
228 3170
228 2855
229 2504
229 6166
229 493
229 4100
229 7720
230 9129
230 1134
230 4103
230 188
230 2021
231 8673
231 6593
231 4387
231 1770
231 4142
232 563
232 4552
232 5586
232 5327
232 838
233 3895
233 1774
233 8025
233 7239
233 4913
234 4727
234 6577
234 3672
234 6886
234 2479
235 7859
235 2652
235 4766
235 5045
235 7439
236 5337
236 5232
236 4430
236 9022
236 4479
237 3213
237 7265
237 2022
237 2829
237 1537
238 2979
238 293
238 8599
238 5159
238 5828
239 8253
239 4245
239 5361
239 8875
239 8315
240 3133
240 881
240 847
240 8523
240 7923
241 4508
241 7578
241 805
241 7030
241 8850
242 8078
242 9452
242 5653
242 4016
242 2643
243 4101
243 3748
243 2204
243 1165
243 3423
244 2930
244 3749
244 6601
244 7389
244 1029
245 790
245 5545
245 5215
245 1446
245 9676
246 8059
246 4579
246 3769
246 59
246 6649
247 5392
247 7906
247 1997
247 1085
247 2321
248 5423
248 9547
248 861
248 9780
248 5463
249 897
249 7598
249 642
249 2039
249 4902
250 7439
250 115
250 3277
250 1673
250 4741
251 4969
251 9461
251 6774
251 412
251 1220
252 7424
252 5761
252 6119
252 3683
252 9046
253 1079
253 7867
253 9426
253 4096
253 7884
254 6687
254 3237
254 6511
254 557
254 5052
255 5719
255 4018
255 3853
255 9084
255 8741
256 3745
256 3706
256 2696
256 9060
256 955
257 3631
257 3743
257 9617
257 7793
257 602
258 157
258 2560
258 3757
258 2572
258 6564
259 3539
259 1576
259 8594
259 4430
259 1625
260 8057
260 14
260 6032
260 7520
260 8108
261 9858
261 7707
261 8727
261 7597
261 3334
262 6962
262 5216
262 752
262 9356
262 7622
263 6484
263 6833
263 507
263 3234
263 8967
264 6653
264 6729
264 1995
264 7130
264 1944
265 5236
265 5734
265 876
265 6072
265 6559
266 6978
266 4665
266 4365
266 7990
266 3319
267 132
267 5707
267 5819
267 645
267 4529
268 3409
268 3846
268 7524
268 6526
268 5541
269 4202
269 4773
269 4222
269 3394
269 6965
270 7927
270 5774
270 8617
270 6200
270 21
271 5049
271 1839
271 2396
271 41
271 157
272 3807
272 5891
272 3895
272 6615
272 3996
273 2084
273 3187
273 7457
273 9704
273 7994
274 5877
274 9056
274 9239
274 9518
274 9161
275 2367
275 9060
275 4355
275 102
275 8857
276 8321
276 723
276 3715
276 2156
276 6927
277 6081
277 8995
277 9523
277 1869
277 5857
278 2256
278 3038
278 3274
278 6098
278 2382
279 9986
279 3412
279 3379
279 4067
279 516
280 2119
280 8439
280 6143
280 3350
280 548
281 5126
281 3527
281 2052
281 2974
281 7536
282 5684
282 1472
282 9232
282 6090
282 261
283 7254
283 8637
283 1171
283 4619
283 5787
284 3882
284 4920
284 2488
284 5852
284 4960
285 3133
285 1476
285 6357
285 9792
285 6822
286 2713
286 1795
286 9091
286 3829
286 9332
287 3728
287 827
287 8851
287 497
287 9517
288 7411
288 9826
288 1562
288 564
288 8008
289 6762
289 230
289 1919
289 1480
289 5054
290 3272
290 301
290 9689
290 473
290 1134
291 5703
291 9383
291 9462
291 7859
291 1488
292 7090
292 8650
292 1671
292 8385
292 2105
293 6312
293 2167
293 4108
293 9639
293 9824
294 4564
294 7085
294 6303
294 5539
294 8716
295 938
295 5230
295 9983
295 6740
295 4566
296 521
296 9270
296 1566
296 8207
296 1254
297 7410
297 3522
297 6831
297 8575
297 5044
298 9375
298 653
298 3400
298 6172
298 3293
299 6929
299 7243
299 2558
299 4822
299 5616
300 5579
300 6178
300 8694
300 8381
300 3860
301 4481
301 6858
301 7800
301 4958
301 5178
302 2658
302 2484
302 6134
302 2537
302 4179
303 6412
303 4819
303 7488
303 6950
303 7847
304 9089
304 9
304 7378
304 7703
304 5571
305 914
305 6949
305 180
305 9447
305 5472
306 6283
306 3199
306 9695
306 4830
306 263
307 4823
307 5983
307 9966
307 9556
307 3055
308 9785
308 8724
308 7157
308 2809
308 5064
309 8103
309 3040
309 6007
309 5701
309 7940
310 3734
310 1435
310 7754
310 8779
310 1869
311 478
311 3723
311 4684
311 5410
311 3300
312 3708
312 2637
312 6778
312 4002
312 7760
313 1839
313 6327
313 6294
313 9169
313 5773
314 8903
314 1365
314 5778
314 4873
314 3925
315 973
315 226
315 6453
315 3583
315 9840
316 2295
316 2421
316 1726
316 2437
316 1278
317 1864
317 9622
317 349
317 9799
317 1935
318 5713
318 5987
318 4
318 6268
318 9758
319 8551
319 619
319 9631
319 7021
319 5507
320 4846
320 5359
320 2267
320 6979
320 9358
321 1592
321 6757
321 1576
321 2515
321 6406
322 454
322 3165
322 98
322 9069
322 2387
323 2215
323 1810
323 6396
323 1233
323 4227
324 625
324 4985
324 8242
324 3935
324 834
325 6852
325 9943
325 4177
325 7966
325 40
326 1231
326 6644
326 4268
326 4628
326 2289
327 3985
327 5906
327 6365
327 3670
327 4920
328 9411
328 96
328 9995
328 2447
328 5375
329 9418
329 479
329 6972
329 395
329 3318
330 5335
330 7047
330 6047
330 8757
330 3418
331 1939
331 7345
331 994
331 8824
331 1396
332 5748
332 380
332 4643
332 5127
332 9104
333 4212
333 6368
333 3145
333 8734
333 2296
334 9748
334 5014
334 9729
334 9425
334 6603
335 662
335 9603
335 2517
335 5894
335 8705
336 3662
336 7120
336 3273
336 9164
336 996
337 3094
337 2911
337 6756
337 5107
337 3999
338 5252
338 9489
338 7363
338 670
338 4892
339 5191
339 8940
339 2854
339 1523
339 3567
340 9470
340 9149
340 6323
340 1230
340 8048
341 8021
341 4844
341 3849
341 4428
341 4937
342 1166
342 11
342 955
342 2565
342 4424
343 443
343 3469
343 2712
343 2726
343 6371
344 4556
344 1300
344 1553
344 5660
344 7259
345 7106
345 6150
345 1199
345 9679
345 8850
346 9865
346 4806
346 6968
346 9504
346 4589
347 9348
347 9109
347 3549
347 795
347 4573
348 6853
348 7177
348 8432
348 6891
348 4509
349 3461
349 8124
349 1431
349 4575
349 6087
350 5314
350 9970
350 4373
350 8708
350 8238
351 6446
351 4741
351 5626
351 6569
351 196
352 5662
352 2121
352 562
352 7973
352 6776
353 4266
353 8242
353 8632
353 1753
353 3622
354 4552
354 231
354 8267
354 2196
354 6210
355 5959
355 6806
355 1757
355 2408
355 8225
356 8390
356 9480
356 4947
356 6399
356 6035
357 7407
357 9641
357 1713
357 6750
357 2582
358 9506
358 9785
358 1322
358 4205
358 5483
359 4431
359 5008
359 4539
359 6258
359 6976
360 3362
360 8619
360 9991
360 663
360 5362
361 2638
361 3117
361 5805
361 2000
361 3884
362 1857
362 1875
362 9921
362 1419
362 4239
363 6852
363 4076
363 3927
363 8181
363 3598
364 8598
364 9358
364 4403
364 9494
364 6533
365 3203
365 3472
365 7463
365 9892
365 2247
366 4575
366 6154
366 9730
366 2946
366 6746
367 6730
367 5984
367 3170
367 4625
367 5034
368 3674
368 8328
368 1395
368 7393
368 7376
369 2949
369 6102
369 5840
369 5535
369 6506
370 3217
370 316
370 7249
370 2339
370 7683
371 715
371 1399
371 3085
371 486
371 2250
372 362
372 8740
372 1067
372 9028
372 8375
373 5289
373 2148
373 6498
373 8269
373 6782
374 8764
374 2913
374 3746
374 2422
374 7224
375 5537
375 4359
375 2066
375 4461
375 7360
376 2088
376 7364
376 5628
376 3166
376 6081
377 5742
377 1014
377 3243
377 9912
377 6286
378 7724
378 4461
378 9991
378 694
378 4834
379 9812
379 5415
379 5235
379 8034
379 8604
380 5308
380 5810
380 32
380 1761
380 2810
381 3200
381 9886
381 8099
381 9572
381 4590
382 2893
382 7102
382 2521
382 5207
382 9998
383 7727
383 3702
383 1756
383 1348
383 4221
384 7184
384 958
384 4358
384 5790
384 3853
385 1538
385 4667
385 4697
385 5665
385 427
386 4091
386 4996
386 8608
386 4348
386 5242
387 4824
387 4513
387 7962
387 46
387 1218
388 8995
388 7850
388 2047
388 3964
388 825
389 1138
389 8028
389 8981
389 6539
389 1850
390 3325
390 9399
390 2005
390 1973
390 3214
391 4478
391 7865
391 1654
391 6326
391 53
392 8710
392 956
392 6129
392 1232
392 9190
393 1497
393 9142
393 6911
393 6161
393 263
394 5405
394 6081
394 906
394 2849
394 9580
395 7402
395 4597
395 708
395 4091
395 8887
396 6293
396 536
396 5312
396 5006
396 2984
397 8989
397 1361
397 6738
397 5858
397 4590
398 9593
398 1921
398 9291
398 7029
398 5528
399 4350
399 5315
399 7599
399 5013
399 3352
400 5984
400 864
400 7690
400 5336
400 7335
401 6160
401 6268
401 4266
401 2427
401 1908
402 4990
402 2146
402 7872
402 564
402 9284
403 1203
403 5426
403 8121
403 7036
403 5826
404 5731
404 375
404 544
404 6582
404 7528
405 5006
405 2013
405 2961
405 9474
405 274
406 7606
406 3515
406 3580
406 7644
406 8957
407 1572
407 8895
407 4410
407 3633
407 69
408 3864
408 2583
408 196
408 9749
408 3521
409 1449
409 8052
409 4129
409 5796
409 6971
410 9275
410 7504
410 4097
410 9100
410 6791
411 9503
411 3264
411 5250
411 3163
411 117
412 9476
412 2472
412 2249
412 7098
412 8394
413 3171
413 722
413 2710
413 7656
413 431
414 9942
414 8054
414 4072
414 3798
414 3747
415 7422
415 5323
415 3689
415 1333
415 3034
416 2790
416 9690
416 1543
416 4673
416 8096
417 7461
417 1789
417 9616
417 6373
417 2433
418 321
418 292
418 8284
418 8065
418 5383
419 8355
419 4275
419 4245
419 4505
419 5609
420 9951
420 5348
420 7503
420 2906
420 8483
421 5539
421 5961
421 4503
421 4119
421 3764
422 410
422 4028
422 3409
422 8522
422 3346
423 9344
423 519
423 177
423 5453
423 2526
424 5284
424 5625
424 6776
424 6877
424 2222
425 3100
425 1573
425 5644
425 6672
425 1153
426 2420
426 5085
426 8492
426 3619
426 4373
427 443
427 3673
427 336
427 2540
427 5961
428 8860
428 2106
428 5787
428 1232
428 4561
429 4734
429 59
429 6838
429 9931
429 4140
430 3105
430 405
430 4290
430 3306
430 4570
431 4567
431 6107
431 9887
431 6493
431 5782
432 2174
432 3946
432 8565
432 1610
432 1321
433 2264
433 2628
433 7331
433 820
433 9621
434 8241
434 7235
434 8367
434 6118
434 3613
435 6955
435 4033
435 3842
435 5810
435 9021
436 5680
436 1458
436 9500
436 1162
436 9213
437 9212
437 3799
437 765
437 3363
437 9849
438 9572
438 9603
438 1094
438 9947
438 6988
439 8980
439 3851
439 4644
439 9753
439 1298
440 9235
440 6774
440 5601
440 3998
440 4479
441 1647
441 4066
441 3259
441 6489
441 8300
442 2641
442 4505
442 1684
442 8888
442 1529
443 1958
443 5300
443 7720
443 1785
443 6126
444 7214
444 2076
444 5309
444 6347
444 9183
445 5395
445 6068
445 9380
445 1455
445 480
446 5714
446 6502
446 8184
446 9846
446 5858
447 8917
447 5880
447 5043
447 6919
447 241
448 9085
448 2393
448 7056
448 6672
448 8173
449 8544
449 3035
449 9322
449 8444
449 7592
450 5202
450 552
450 5807
450 1185
450 3026
451 4166
451 6168
451 8228
451 7074
451 1758
452 3885
452 1530
452 1802
452 1903
452 3337
453 6419
453 9771
453 2989
453 8282
453 2328
454 8835
454 1254
454 2200
454 4781
454 7053
455 3175
455 2891
455 897
455 7720
455 2002
456 7306
456 8501
456 3141
456 1593
456 1263
457 3199
457 3451
457 1421
457 4251
457 6174
458 9346
458 3317
458 5506
458 6675
458 8007
459 725
459 6570
459 6343
459 6538
459 5910
460 8796
460 6454
460 4595
460 7026
460 4017
461 684
461 127
461 3749
461 1967
461 7212
462 3097
462 8641
462 9746
462 4644
462 6520
463 1849
463 2043
463 7088
463 1597
463 6018
464 7735
464 5250
464 5496
464 3185
464 207
465 8524
465 7255
465 6129
465 4814
465 4000
466 5737
466 4468
466 3915
466 1483
466 9944
467 7569
467 6431
467 8367
467 1694
467 6636
468 7696
468 2049
468 1033
468 5313
468 9076
469 7205
469 6916
469 9982
469 914
469 8550
470 8474
470 5593
470 5727
470 3002
470 8969
471 4537
471 8840
471 7638
471 7460
471 7424
472 7763
472 9814
472 600
472 5300
472 2849
473 5393
473 3225
473 4825
473 8689
473 8586
474 7884
474 9928
474 2038
474 214
474 4879
475 9679
475 2716
475 2210
475 8590
475 5043
476 6070
476 7157
476 8767
476 5721
476 4586
477 5614
477 6525
477 8547
477 1822
477 2415
478 57
478 1784
478 4752
478 3455
478 2988
479 2516
479 6027
479 6436
479 4156
479 337
480 3380
480 610
480 4146
480 9298
480 408
481 7326
481 1585
481 6540
481 4670
481 3544
482 9590
482 1790
482 4420
482 5766
482 1136
483 6981
483 2365
483 3001
483 9900
483 6704
484 2533
484 2399
484 7478
484 3138
484 2359
485 2442
485 7311
485 6792
485 6050
485 1451
486 2581
486 2437
486 2982
486 290
486 1009
487 9046
487 5769
487 4413
487 7724
487 6884
488 630
488 9806
488 1000
488 6164
488 7770
489 6538
489 7045
489 5297
489 254
489 7747
490 9980
490 8684
490 4265
490 9943
490 4253
491 5725
491 652
491 5871
491 8762
491 5932
492 4909
492 4680
492 8136
492 8431
492 5667
493 1926
493 7343
493 5336
493 2488
493 175
494 8345
494 8997
494 7875
494 4905
494 5944
495 7330
495 892
495 488
495 6062
495 3561
496 9372
496 6753
496 8861
496 233
496 97
497 5873
497 6351
497 6597
497 1642
497 9880
498 23
498 4850
498 2217
498 6803
498 3056
499 6619
499 352
499 7706
499 3604
499 8125
500 205
500 1694
500 9654
500 8935
500 1352
501 1185
501 17
501 9120
501 7003
501 1869
502 394
502 3382
502 1140
502 385
502 394
503 7619
503 1695
503 8
503 7467
503 7368
504 3853
504 5783
504 92
504 545
504 3085
505 5295
505 4116
505 4811
505 9454
505 2290
506 3400
506 2877
506 3704
506 6151
506 1429
507 2317
507 490
507 1500
507 4705
507 9659
508 8395
508 9361
508 2617
508 8627
508 537
509 2058
509 6247
509 2517
509 231
509 350
510 5899
510 9262
510 8031
510 9980
510 3274
511 1613
511 8917
511 6288
511 8306
511 7282
512 4643
512 8854
512 5236
512 9659
512 7515
513 6596
513 8876
513 5888
513 7994
513 4509
514 3976
514 5254
514 5911
514 498
514 8825
515 3895
515 1109
515 5863
515 8427
515 561
516 5476
516 1235
516 9058
516 3484
516 4443
517 5339
517 4494
517 9024
517 3489
517 4189
518 4059
518 6662
518 6492
518 5470
518 6284
519 4013
519 8847
519 6891
519 2896
519 8786
520 1481
520 7344
520 1656
520 6484
520 4331
521 6567
521 1732
521 3237
521 9863
521 9693
522 4147
522 3444
522 3185
522 3912
522 2507
523 2767
523 4452
523 3903
523 9065
523 1579
524 6130
524 3628
524 3285
524 9928
524 4057
525 7312
525 9984
525 1231
525 8619
525 7627
526 948
526 4467
526 6912
526 4222
526 4494
527 3116
527 6037
527 6822
527 7309
527 473
528 1663
528 5467
528 4059
528 5407
528 2379
529 5225
529 7655
529 5131
529 4859
529 6295
530 5027
530 5137
530 9177
530 2279
530 2662
531 3097
531 8779
531 9107
531 519
531 1226
532 2744
532 4092
532 3275
532 5132
532 2868
533 960
533 8632
533 4367
533 8144
533 9579
534 3601
534 9686
534 6575
534 4808
534 2739
535 2216
535 3677
535 1022
535 7866
535 1976
536 3191
536 3380
536 1574
536 5752
536 2629
537 6893
537 66
537 1120
537 9362
537 7973
538 1183
538 9929
538 4490
538 603
538 6286
539 9392
539 6253
539 5980
539 5193
539 6849
540 9686
540 6397
540 1233
540 9221
540 6758
541 8339
541 7557
541 9831
541 2683
541 8744
542 8794
542 5026
542 9107
542 8277
542 5245
543 4243
543 687
543 1917
543 2332
543 6241
544 7405
544 8656
544 9949
544 2035
544 6720
545 1900
545 1105
545 2324
545 4508
545 3170
546 1040
546 825
546 4985
546 883
546 2963
547 354
547 4352
547 779
547 8632
547 9892
548 3208
548 3695
548 3931
548 9685
548 2929
549 7177
549 6838
549 4614
549 2587
549 1738
550 9760
550 5136
550 9157
550 435
550 4455
551 5626
551 6163
551 4766
551 461
551 3060
552 1137
552 7434
552 2066
552 9182
552 1877
553 4382
553 7726
553 6489
553 1378
553 3655
554 2589
554 9796
554 2811
554 2350
554 8015
555 108
555 9859
555 6360
555 4950
555 2398
556 9797
556 2691
556 8598
556 1742
556 4924
557 6772
557 8227
557 8009
557 9364
557 2921
558 6083
558 6219
558 3087
558 1285
558 8901
559 214
559 1309
559 5372
559 1451
559 5961
560 9213
560 793
560 2572
560 3914
560 4035
561 1192
561 901
561 8989
561 8732
561 5830
562 7491
562 1140
562 8622
562 5798
562 1049
563 5605
563 8589
563 6507
563 5703
563 5875
564 9320
564 6234
564 2802
564 1320
564 5721
565 4085
565 7045
565 9043
565 6215
565 9804
566 6160
566 9512
566 7524
566 5829
566 8292
567 8609
567 6548
567 729
567 6517
567 862
568 251
568 4253
568 7098
568 6117
568 3354
569 8807
569 6364
569 3863
569 9303
569 1330
570 3269
570 3486
570 6405
570 6130
570 5947
571 131
571 876
571 836
571 4749
571 1700
572 3757
572 7225
572 5501
572 9216
572 10000
573 1415
573 3991
573 3519
573 8594
573 2740
574 6540
574 1799
574 4893
574 8639
574 1773
575 9559
575 9167
575 1559
575 5635
575 126
576 5164
576 1121
576 6778
576 7686
576 1639
577 5077
577 9376
577 1444
577 3649
577 7734
578 8917
578 8043
578 3610
578 1356
578 2416
579 7819
579 4015
579 7962
579 5496
579 3691
580 5841
580 3732
580 2144
580 6061
580 6408
581 4398
581 9463
581 4768
581 4835
581 4987
582 6422
582 7270
582 4064
582 2976
582 5469
583 117
583 9140
583 133
583 4043
583 2969
584 9548
584 7668
584 9874
584 3448
584 5814
585 2309
585 1994
585 850
585 3867
585 4222
586 4283
586 7687
586 8119
586 8784
586 8313
587 8949
587 3513
587 3057
587 2436
587 9324
588 8153
588 9324
588 1832
588 1121
588 9800
589 1246
589 921
589 9622
589 1491
589 5988
590 9525
590 1787
590 1028
590 7807
590 1365
591 6648
591 3654
591 2589
591 5767
591 285
592 8238
592 490
592 7664
592 8847
592 3328
593 6488
593 2799
593 6250
593 4548
593 7853
594 8482
594 2515
594 977
594 3895
594 6284
595 9052
595 1875
595 6198
595 161
595 832
596 5972
596 5581
596 5931
596 2933
596 5831
597 8838
597 7780
597 385
597 2892
597 2753
598 8371
598 5645
598 5168
598 9752
598 742
599 2775
599 3720
599 7140
599 5724
599 2021
600 7649
600 8454
600 9246
600 3660
600 5971
601 7866
601 4014
601 9719
601 5951
601 7881
602 8775
602 551
602 7377
602 3417
602 8517
603 4651
603 6823
603 941
603 8525
603 4421
604 9214
604 1268
604 4863
604 1279
604 1778
605 8343
605 5298
605 2171
605 6911
605 4623
606 3989
606 4497
606 5321
606 9498
606 50
607 3528
607 5855
607 3677
607 5556
607 5788
608 9824
608 9423
608 1393
608 5701
608 4875
609 6437
609 4573
609 3407
609 7428
609 9731
610 7011
610 8856
610 1037
610 4197
610 6698
611 5589
611 5981
611 6339
611 5075
611 551
612 8925
612 1897
612 9886
612 7747
612 2292
613 9922
613 1635
613 4693
613 2251
613 9515
614 9964
614 1456
614 6707
614 6304
614 1811
615 2829
615 8039
615 6567
615 9807
615 5508
616 1183
616 7481
616 2554
616 6918
616 6060
617 731
617 3282
617 3608
617 5217
617 186
618 9884
618 4669
618 1789
618 9297
618 2192
619 5309
619 5436
619 5197
619 9041
619 2660
620 1233
620 5204
620 4519
620 3663
620 7291
621 6233
621 1052
621 9622
621 9438
621 3878
622 808
622 873
622 6470
622 7603
622 615
623 7148
623 6386
623 9792
623 160
623 3170
624 4483
624 8896
624 2615
624 1052
624 2351
625 4518
625 4847
625 2519
625 561
625 9506
626 9793
626 224
626 4043
626 7299
626 329
627 5183
627 9997
627 4226
627 9239
627 6381
628 3051
628 3342
628 7717
628 2077
628 4128
629 5798
629 8988
629 2664
629 2566
629 7236
630 7752
630 1441
630 6071
630 7387
630 7899
631 2308
631 5118
631 1059
631 6819
631 772
632 194
632 9289
632 6927
632 4628
632 2196
633 5737
633 8010
633 5636
633 1840
633 4148
634 7801
634 2443
634 791
634 2792
634 1245
635 5156
635 3167
635 7189
635 3432
635 6294
636 8798
636 3896
636 4997
636 993
636 9414
637 4675
637 196
637 6415
637 5193
637 1329
638 8665
638 2343
638 1570
638 7968
638 6985
639 1311
639 5461
639 2059
639 1133
639 5723
640 1802
640 6928
640 4427
640 1581
640 5448
641 414
641 5108
641 9709
641 6602
641 1889
642 629
642 9280
642 2108
642 6393
642 6553
643 5787
643 8533
643 8985
643 135
643 4818
644 5989
644 5100
644 5980
644 5082
644 4268
645 9870
645 7614
645 2942
645 1472
645 6720
646 5045
646 5405
646 7792
646 5908
646 7053
647 2505
647 7360
647 4274
647 2165
647 60
648 9742
648 3061
648 8949
648 1064
648 8428
649 6152
649 9450
649 8979
649 1733
649 1200
650 9495
650 6567
650 5575
650 6605
650 7930
651 4820
651 2655
651 8783
651 3390
651 2060
652 9413
652 1506
652 3693
652 7219
652 7504
653 5152
653 3249
653 4435
653 3353
653 1205
654 9425
654 1416
654 2827
654 4612
654 4110
655 1933
655 3445
655 9146
655 383
655 9081
656 9123
656 561
656 2130
656 5829
656 9176
657 6190
657 461
657 991
657 9754
657 3732
658 2388
658 5967
658 9303
658 6998
658 5325
659 6785
659 9138
659 3087
659 3736
659 5031
660 1797
660 1626
660 6142
660 7274
660 9200
661 7209
661 6910
661 4350
661 8803
661 3363
662 5984
662 8033
662 4098
662 5297
662 7322
663 9151
663 1881
663 8399
663 7259
663 7677
664 6751
664 3966
664 4136
664 1753
664 3281
665 9024
665 1953
665 6616
665 2215
665 4793
666 3094
666 216
666 9850
666 3664
666 6134
667 1677
667 8782
667 7393
667 3377
667 3556
668 6886
668 3243
668 7905
668 4293
668 2446
669 9383
669 299
669 401
669 2206
669 3197
670 2451
670 5680
670 2490
670 7760
670 5163
671 671
671 9011
671 8220
671 9417
671 9052
672 7939
672 3582
672 1767
672 2589
672 7171
673 3140
673 5281
673 1877
673 5249
673 976
674 4616
674 6185
674 1633
674 4435
674 1189
675 4131
675 1188
675 2737
675 50
675 1872
676 9806
676 1721
676 1099
676 6653
676 5270
677 4375
677 6277
677 6114
677 9851
677 2657
678 4269
678 8959
678 9151
678 7141
678 2260
679 9171
679 8506
679 4795
679 6871
679 2136
680 78
680 5958
680 8845
680 5175
680 1625
681 6764
681 7895
681 7004
681 8200
681 7374
682 1166
682 4374
682 7456
682 3098
682 7632
683 2294
683 2950
683 2160
683 802
683 9679
684 409
684 6570
684 5775
684 1584
684 3508
685 9979
685 2128
685 7523
685 7162
685 9300
686 8013
686 5696
686 8039
686 6199
686 6252
687 231
687 1136
687 2025
687 7067
687 5388
688 8810
688 5663
688 5982
688 3412
688 3369
689 7035
689 1249
689 5629
689 6086
689 4893
690 338
690 3371
690 5226
690 3738
690 1559
691 9365
691 4444
691 4817
691 3858
691 6684
692 4842
692 5008
692 5632
692 6804
692 9714
693 2925
693 1061
693 6718
693 2198
693 3390
694 8698
694 1136
694 1194
694 1823
694 7472
695 7273
695 5321
695 5446
695 5408
695 4777
696 4616
696 8670
696 8520
696 982
696 7416
697 2049
697 181
697 4449
697 5166
697 9399
698 8743
698 6052
698 588
698 9306
698 392
699 5098
699 9226
699 3844
699 5302
699 3804
700 2547
700 5356
700 656
700 1566
700 2070
701 2043
701 1228
701 6392
701 6508
701 1524
702 8269
702 4385
702 4271
702 3504
702 6484
703 8145
703 2724
703 4646
703 7781
703 2377
704 3547
704 4157
704 5839
704 3407
704 5068
705 3721
705 5731
705 277
705 5214
705 3257
706 191
706 7721
706 4715
706 734
706 2303
707 5161
707 1603
707 4197
707 2229
707 7533
708 6630
708 8030
708 9670
708 7515
708 9509
709 5485
709 452
709 3365
709 8760
709 7543
710 4558
710 9482
710 5871
710 8288
710 4988
711 391
711 7580
711 3752
711 1683
711 7840
712 4782
712 4055
712 7239
712 8613
712 9623
713 7962
713 3013
713 4821
713 9634
713 7706
714 2996
714 1335
714 4686
714 1076
714 3941
715 8762
715 4367
715 2073
715 4561
715 1786
716 5972
716 677
716 7597
716 8992
716 8700
717 5419
717 1291
717 420
717 5652
717 909
718 8427
718 3519
718 6583
718 2504
718 3957
719 6308
719 820
719 2907
719 943
719 7442
720 2887
720 3307
720 7993
720 7431
720 4692
721 9282
721 9196
721 9325
721 2290
721 1229
722 895
722 8904
722 5051
722 9992
722 1810
723 5659
723 3162
723 1709
723 4745
723 9562
724 702
724 4830
724 3394
724 699
724 6100
725 3084
725 802
725 2890
725 3250
725 5511
726 9911
726 3037
726 6109
726 8162
726 9145
727 9598
727 4630
727 311
727 4599
727 376
728 8192
728 8668
728 4549
728 9220
728 9266
729 6482
729 8834
729 3956
729 8020
729 9808
730 4108
730 1319
730 7862
730 3588
730 7435
731 1217
731 5499
731 1699
731 8036
731 7839
732 162
732 6063
732 5392
732 9564
732 9071
733 1715
733 8104
733 8140
733 9876
733 3692
734 7653
734 5179
734 9650
734 6056
734 7509
735 737
735 2173
735 9417
735 3236
735 3990
736 2712
736 6114
736 4245
736 8742
736 8200
737 7928
737 1445
737 5473
737 5388
737 1131
738 3551
738 9480
738 420
738 8415
738 934
739 1835
739 4283
739 7803
739 7483
739 6107
740 4717
740 9689
740 3562
740 3477
740 8732
741 8169
741 9262
741 5528
741 1374
741 138
742 2843
742 82
742 8401
742 3877
742 681
743 7220
743 4636
743 851
743 8588
743 1351
744 2619
744 6237
744 6959
744 6920
744 6500
745 2697
745 985
745 764
745 572
745 9454
746 4197
746 3218
746 9673
746 9194
746 139
747 9662
747 9220
747 9250
747 5158
747 8428
748 1572
748 5395
748 5577
748 6149
748 105
749 3530
749 8723
749 665
749 1604
749 8037
750 610
750 5892
750 7507
750 9267
750 2586
751 6697
751 7448
751 9092
751 5424
751 9318
752 4552
752 7475
752 5957
752 4444
752 2125
753 9589
753 4236
753 6938
753 8696
753 9481
754 4063
754 7028
754 708
754 6148
754 1290
755 3710
755 3700
755 1924
755 10000
755 216
756 4717
756 3741
756 7936
756 9116
756 5282
757 1927
757 458
757 1442
757 3760
757 7885
758 7968
758 3133
758 3090
758 6803
758 5107
759 6624
759 8213
759 8435
759 6495
759 9214
760 1094
760 9098
760 2840
760 9373
760 910
761 7705
761 1285
761 1781
761 8145
761 1167
762 2016
762 7982
762 1595
762 8319
762 229
763 3028
763 613
763 2193
763 1649
763 6748
764 2353
764 2111
764 9379
764 7738
764 9603
765 9879
765 4655
765 417
765 5603
765 8755
766 2003
766 1658
766 2411
766 5041
766 3677
767 6194
767 759
767 3389
767 6149
767 6543
768 4885
768 5193
768 9983
768 2112
768 9541
769 6294
769 1058
769 7828
769 5065
769 5272
770 3311
770 9769
770 7030
770 2456
770 4764
771 1774
771 524
771 6665
771 7695
771 477
772 2669
772 7490
772 8204
772 4428
772 1586
773 1307
773 2753
773 1953
773 2150
773 6130
774 7293
774 6952
774 475
774 5699
774 3831
775 3733
775 5881
775 8865
775 2806
775 9981
776 9769
776 4043
776 7272
776 1115
776 29
777 6016
777 830
777 9129
777 1954
777 3562
778 892
778 1370
778 4701
778 9597
778 7659
779 7847
779 6101
779 8096
779 7218
779 4482
780 6420
780 2807
780 9408
780 1506
780 5633
781 6871
781 7837
781 5850
781 6993
781 6848
782 4418
782 4257
782 3161
782 7668
782 2682
783 3285
783 4962
783 1533
783 9955
783 3105
784 2780
784 5322
784 3889
784 8098
784 1322
785 7324
785 6387
785 9480
785 1507
785 9160
786 767
786 2542
786 4173
786 7085
786 2372
787 1396
787 1639
787 564
787 2110
787 4251
788 2171
788 292
788 5521
788 6008
788 2935
789 3987
789 5173
789 408
789 2546
789 5437
790 5070
790 3272
790 2978
790 9791
790 3578
791 1831
791 9467
791 9480
791 8507
791 1535
792 3351
792 1809
792 444
792 9568
792 8469
793 4429
793 5038
793 6792
793 8027
793 5055
794 749
794 7397
794 4798
794 4076
794 3066
795 2084
795 9223
795 9756
795 8301
795 9843
796 4887
796 4518
796 2377
796 7392
796 4953
797 8742
797 3550
797 9992
797 19
797 3578
798 5964
798 4416
798 3039
798 3586
798 7455
799 435
799 8640
799 7472
799 798
799 8902
800 3547
800 2841
800 9685
800 9888
800 2817
801 8304
801 6172
801 8427
801 4435
801 1813
802 5106
802 3726
802 2803
802 2851
802 4577
803 7075
803 6659
803 1998
803 5443
803 4521
804 1839
804 4410
804 5135
804 8286
804 6206
805 4727
805 2957
805 8367
805 202
805 6832
806 450
806 5175
806 4557
806 3656
806 3408
807 4560
807 270
807 7656
807 2923
807 4424
808 1671
808 3575
808 4074
808 7787
808 9715
809 8612
809 9733
809 3144
809 4989
809 2107
810 1078
810 3976
810 8867
810 9039
810 7017
811 2076
811 2906
811 1602
811 7206
811 9847
812 8214
812 6246
812 8207
812 9437
812 3891
813 2632
813 1722
813 595
813 4907
813 4828
814 9234
814 6663
814 1919
814 8904
814 5247
815 2096
815 6441
815 6023
815 6628
815 9257
816 9565
816 6560
816 9310
816 7571
816 5996
817 6696
817 3212
817 6298
817 9766
817 6548
818 1944
818 5978
818 7294
818 6760
818 3488
819 617
819 4021
819 5417
819 8879
819 5917
820 7521
820 1810
820 2893
820 8198
820 3335
821 6219
821 1883
821 9724
821 1821
821 7214
822 5227
822 2298
822 3741
822 718
822 6325
823 1581
823 6007
823 6128
823 6770
823 4338
824 7943
824 2383
824 7274
824 3178
824 8542
825 339
825 744
825 3455
825 1873
825 8667
826 4070
826 9846
826 3581
826 1021
826 6121
827 9741
827 4378
827 5053
827 2540
827 8315
828 6601
828 5891
828 2756
828 110
828 2589
829 6610
829 6300
829 6583
829 1863
829 9460
830 9710
830 1464
830 3193
830 1536
830 185
831 6405
831 9462
831 9202
831 6219
831 3022
832 1879
832 398
832 306
832 2667
832 3340
833 2567
833 7633
833 8708
833 3145
833 726
834 619
834 47
834 9080
834 7314
834 6033
835 5597
835 8958
835 9108
835 5715
835 1795
836 8541
836 5662
836 5688
836 390
836 5077
837 1990
837 5094
837 5638
837 6659
837 2705
838 1646
838 2773
838 8555
838 6991
838 4430
839 5961
839 3851
839 4807
839 5213
839 4280
840 3570
840 1249
840 5647
840 9780
840 8578
841 1881
841 350
841 6843
841 8213
841 2115
842 7196
842 9003
842 6328
842 8785
842 9355
843 2793
843 3468
843 4482
843 2730
843 6254
844 5682
844 2228
844 5782
844 2347
844 9950
845 5188
845 6988
845 5918
845 8244
845 1315
846 7407
846 8004
846 1368
846 8851
846 9577
847 4710
847 1086
847 7092
847 4171
847 1533
848 7968
848 8150
848 6276
848 5478
848 5461
849 4619
849 4067
849 3589
849 84
849 7091
850 1273
850 3531
850 9080
850 2095
850 115
851 5631
851 1919
851 1442
851 8482
851 2304
852 1660
852 8492
852 9762
852 1473
852 3970
853 9308
853 5026
853 7320
853 3963
853 9536
854 4878
854 5775
854 9550
854 8725
854 8870
855 8608
855 2456
855 687
855 1788
855 8187
856 1062
856 73
856 6220
856 5244
856 8152
857 282
857 9906
857 2663
857 4362
857 3358
858 1610
858 2759
858 1200
858 7520
858 1831
859 820
859 9933
859 5109
859 4554
859 6298
860 1796
860 8785
860 3598
860 3930
860 9077
861 1726
861 6470
861 4913
861 3711
861 5526
862 7202
862 1406
862 894
862 3163
862 2917
863 4421
863 7787
863 1958
863 3673
863 8303
864 2048
864 5895
864 2494
864 2701
864 2167
865 6288
865 5220
865 1054
865 1588
865 6158
866 291
866 3103
866 6071
866 3416
866 6689
867 3082
867 3958
867 6061
867 5935
867 2750
868 6112
868 3837
868 6888
868 1561
868 5463
869 7040
869 1731
869 396
869 2173
869 5767
870 323
870 7650
870 4511
870 1597
870 6663
871 249
871 3721
871 3991
871 1489
871 850
872 4674
872 252
872 6819
872 1840
872 7192
873 8971
873 4909
873 9527
873 1463
873 8140
874 3700
874 2772
874 8593
874 4783
874 3373
875 4040
875 9564
875 4671
875 127
875 2534
876 3601
876 4660
876 6289
876 7486
876 8278
877 1427
877 8587
877 36
877 5734
877 7153
878 6918
878 9903
878 3934
878 4486
878 465
879 9671
879 7296
879 4183
879 306
879 5382
880 7618
880 8754
880 345
880 2154
880 1100
881 3466
881 600
881 9530
881 4721
881 667
882 8616
882 3974
882 9691
882 1811
882 3433
883 5261
883 9498
883 6520
883 2217
883 3386
884 2634
884 5807
884 1515
884 7476
884 4379
885 8290
885 368
885 8402
885 5396
885 6746
886 6989
886 3473
886 9396
886 5952
886 870
887 5068
887 5037
887 2547
887 9460
887 3641
888 1654
888 2040
888 4098
888 3979
888 5149
889 6668
889 8863
889 5832
889 9152
889 9197
890 5803
890 7897
890 2820
890 3055
890 8964
891 8725
891 2677
891 6457
891 5521
891 3193
892 9948
892 1880
892 4254
892 2397
892 91
893 9967
893 9345
893 7803
893 1148
893 4529
894 6849
894 6081
894 9266
894 9356
894 8614
895 139
895 5576
895 2272
895 4856
895 3871
896 3836
896 5769
896 9569
896 1566
896 8991
897 7104
897 3582
897 2914
897 5404
897 2380
898 7871
898 4741
898 537
898 6544
898 9713
899 8531
899 5009
899 4014
899 3374
899 4968
900 1789
900 7838
900 8174
900 6772
900 1569
901 5484
901 2219
901 1240
901 8569
901 6060
902 6244
902 942
902 3617
902 3152
902 1278
903 5106
903 7744
903 9688
903 4081
903 4299
904 4666
904 602
904 9148
904 7574
904 4986
905 5840
905 6880
905 1617
905 7264
905 8128
906 3310
906 9063
906 3742
906 2287
906 9901
907 4145
907 5220
907 157
907 5675
907 9700
908 6404
908 3747
908 4768
908 3317
908 5948
909 8250
909 3756
909 6795
909 790
909 8718
910 9816
910 3643
910 503
910 7353
910 2483
911 406
911 7555
911 513
911 1628
911 5123
912 745
912 7276
912 3626
912 7576
912 6215
913 8667
913 4554
913 7689
913 2494
913 508
914 1323
914 9194
914 8617
914 2004
914 1840
915 1400
915 1348
915 6984
915 3025
915 3012
916 5479
916 3385
916 8087
916 9113
916 8398
917 9399
917 5727
917 6022
917 5602
917 9000
918 6211
918 3303
918 1447
918 134
918 9540
919 3096
919 5796
919 7551
919 2478
919 2470
920 5730
920 8579
920 2668
920 1458
920 9592
921 5659
921 3362
921 5695
921 7046
921 6346
922 4852
922 1110
922 4143
922 2781
922 4832
923 2449
923 9545
923 5140
923 1089
923 5148
924 3272
924 9116
924 4707
924 7047
924 9595
925 2595
925 4500
925 3485
925 9639
925 9204
926 4893
926 2258
926 9743
926 3378
926 5559
927 6327
927 1050
927 46
927 3062
927 5553
928 6039
928 2294
928 248
928 9847
928 2524
929 1405
929 7929
929 3061
929 3487
929 4103
930 6184
930 3213
930 1032
930 9648
930 3651
931 3033
931 5386
931 7154
931 5300
931 8086
932 2498
932 1096
932 2384
932 9691
932 9027
933 8671
933 2287
933 6687
933 4567
933 4124
934 3088
934 2050
934 7293
934 2219
934 5757
935 5399
935 9484
935 4304
935 4948
935 1981
936 5393
936 4386
936 3012
936 6388
936 4167
937 2149
937 4935
937 6348
937 493
937 3296
938 5010
938 7447
938 4696
938 4608
938 4551
939 7385
939 4114
939 8692
939 4488
939 5407
940 6934
940 5546
940 7813
940 7319
940 2640
941 4011
941 7448
941 258
941 1151
941 8253
942 6833
942 881
942 9144
942 5067
942 7341
943 8278
943 1175
943 2032
943 745
943 279
944 6267
944 2779
944 6986
944 8187
944 4971
945 8979
945 7381
945 5623
945 8235
945 9612
946 510
946 4560
946 9469
946 2833
946 9130
947 6298
947 8729
947 7264
947 2632
947 726
948 9601
948 681
948 2650
948 9240
948 823
949 6178
949 1256
949 2071
949 9161
949 7894
950 6123
950 4900
950 7787
950 5200
950 8918
951 3738
951 4729
951 952
951 6302
951 6708
952 7730
952 6258
952 6939
952 8105
952 8622
953 6638
953 5295
953 4048
953 1051
953 2863
954 9023
954 9852
954 7271
954 9811
954 6434
955 7194
955 307
955 5170
955 3187
955 7988
956 4582
956 7079
956 2225
956 6419
956 9856
957 5992
957 9788
957 7441
957 4216
957 7014
958 7447
958 8014
958 4222
958 1984
958 4521
959 9393
959 8466
959 7613
959 3728
959 1556
960 104
960 9808
960 2033
960 7180
960 7713
961 6200
961 6193
961 3544
961 8708
961 6111
962 8432
962 4068
962 8657
962 8849
962 5570
963 9796
963 3222
963 3445
963 9340
963 7255
964 9176
964 33
964 5552
964 3652
964 41
965 6025
965 9871
965 1478
965 7244
965 7879
966 387
966 1637
966 4664
966 9991
966 7798
967 4512
967 1335
967 6295
967 6741
967 3773
968 2822
968 5524
968 3398
968 6852
968 5924
969 890
969 1973
969 3527
969 292
969 2227
970 2845
970 5283
970 720
970 487
970 3334
971 3984
971 3916
971 8204
971 720
971 3061
972 7764
972 8007
972 3908
972 8356
972 9325
973 9845
973 4673
973 8401
973 1445
973 3435
974 1454
974 3581
974 7951
974 4606
974 9280
975 7573
975 28
975 3870
975 9342
975 9320
976 1254
976 2115
976 9357
976 3699
976 4280
977 976
977 2193
977 1929
977 7134
977 6253
978 1433
978 6334
978 6998
978 3370
978 5683
979 2629
979 8301
979 5408
979 820
979 1719
980 3338
980 3679
980 5692
980 5602
980 4438
981 9202
981 1430
981 779
981 8330
981 6979
982 4991
982 2608
982 9899
982 5131
982 477
983 9566
983 4509
983 329
983 9486
983 6139
984 3507
984 1226
984 1115
984 8187
984 3774
985 8782
985 2932
985 7204
985 7970
985 9674
986 1499
986 9889
986 5493
986 625
986 7951
987 4631
987 891
987 1248
987 5329
987 4235
988 672
988 3981
988 1777
988 6448
988 6679
989 2354
989 9808
989 6929
989 1179
989 6664
990 8256
990 3486
990 8518
990 5568
990 6639
991 7028
991 4986
991 5922
991 3405
991 3569
992 1783
992 7142
992 6506
992 7307
992 6743
993 6623
993 9840
993 8222
993 3958
993 2043
994 9252
994 3608
994 3756
994 4390
994 392
995 4768
995 8412
995 4976
995 3799
995 8206
996 7740
996 753
996 9535
996 825
996 1662
997 6817
997 6402
997 7752
997 5716
997 7403
998 3169
998 4127
998 6967
998 5599
998 2142
999 7093
999 3435
999 5702
999 7768
999 3986
1000 2680
1000 463
1000 911
1000 2961
1000 5309
1001 2627
1001 748
1001 303
1001 6604
1001 5322
1002 483
1002 2503
1002 4359
1002 3244
1002 1122
1003 1291
1003 2773
1003 8669
1003 6495
1003 2962
1004 6498
1004 7407
1004 4673
1004 2753
1004 9336
1005 4523
1005 7575
1005 2872
1005 634
1005 1724
1006 3587
1006 482
1006 7190
1006 6502
1006 7176
1007 4224
1007 6888
1007 9404
1007 2826
1007 1854
1008 6820
1008 820
1008 5072
1008 2689
1008 8107
1009 1454
1009 6786
1009 5680
1009 7705
1009 5394
1010 5795
1010 780
1010 1908
1010 3192
1010 4202
1011 6169
1011 8959
1011 485
1011 9671
1011 3290
1012 8788
1012 2566
1012 7414
1012 3076
1012 7783
1013 6192
1013 8891
1013 5882
1013 525
1013 7885
1014 3425
1014 6302
1014 1277
1014 6873
1014 9827
1015 5243
1015 4289
1015 9804
1015 8628
1015 5207
1016 9738
1016 5258
1016 1815
1016 5675
1016 16
1017 9706
1017 3887
1017 1939
1017 6488
1017 6241
1018 1010
1018 6553
1018 2225
1018 6569
1018 2156
1019 8700
1019 3812
1019 8439
1019 5259
1019 7221
1020 1283
1020 3108
1020 7487
1020 4628
1020 5911
1021 7902
1021 6267
1021 8868
1021 3544
1021 5745
1022 2504
1022 437
1022 3402
1022 9673
1022 9343
1023 2319
1023 4611
1023 7898
1023 1294
1023 8151
1024 7287
1024 6801
1024 492
1024 4316
1024 77
1025 9577
1025 7151
1025 8947
1025 2068
1025 4516
1026 8042
1026 8002
1026 6500
1026 6079
1026 3937
1027 9741
1027 6360
1027 9228
1027 5449
1027 9955
1028 6402
1028 1064
1028 2313
1028 3730
1028 5237
1029 6824
1029 5402
1029 2749
1029 9007
1029 3010
1030 1350
1030 3142
1030 3716
1030 1086
1030 4898
1031 8780
1031 8057
1031 6375
1031 6412
1031 2713
1032 9195
1032 4442
1032 4619
1032 4558
1032 2190
1033 1478
1033 5167
1033 7172
1033 6973
1033 6405
1034 2421
1034 7479
1034 4613
1034 426
1034 6409
1035 5288
1035 9798
1035 5754
1035 8187
1035 8177
1036 7140
1036 9595
1036 4396
1036 1318
1036 7213
1037 2650
1037 79
1037 4616
1037 2998
1037 1833
1038 4718
1038 9664
1038 250
1038 3895
1038 3938
1039 4509
1039 4031
1039 4689
1039 3084
1039 1917
1040 5074
1040 3831
1040 2551
1040 454
1040 2949
1041 9230
1041 3247
1041 9868
1041 9648
1041 5043
1042 2638
1042 8875
1042 7622
1042 3726
1042 1524
1043 2225
1043 5792
1043 6474
1043 2694
1043 6381
1044 4164
1044 869
1044 381
1044 1695
1044 839
1045 9834
1045 6907
1045 8732
1045 9331
1045 5886
1046 2515
1046 2355
1046 2613
1046 7686
1046 5865
1047 4393
1047 1269
1047 6982
1047 70
1047 3605
1048 8560
1048 2393
1048 3791
1048 7372
1048 2817
1049 8812
1049 9971
1049 2613
1049 8265
1049 8777
1050 1360
1050 2379
1050 7137
1050 6510
1050 25
1051 4793
1051 1617
1051 8333
1051 31
1051 9545
1052 8165
1052 2950
1052 7045
1052 4373
1052 9139
1053 6062
1053 9774
1053 476
1053 8804
1053 1500
1054 3977
1054 4864
1054 4439
1054 4801
1054 6286
1055 9795
1055 4515
1055 8872
1055 8408
1055 5918
1056 676
1056 1969
1056 7212
1056 5963
1056 5524
1057 2371
1057 8621
1057 6468
1057 7100
1057 360
1058 6606
1058 7625
1058 1511
1058 3282
1058 5844
1059 153
1059 548
1059 5853
1059 8251
1059 7627
1060 4301
1060 754
1060 5142
1060 8743
1060 4793
1061 3921
1061 2793
1061 6257
1061 8415
1061 8022
1062 9601
1062 1289
1062 8854
1062 8813
1062 889
1063 4005
1063 5600
1063 8366
1063 5834
1063 6363
1064 5679
1064 3831
1064 2400
1064 9725
1064 327
1065 5172
1065 4394
1065 5762
1065 4939
1065 8824
1066 489
1066 1759
1066 2623
1066 3022
1066 9285
1067 9799
1067 3631
1067 8308
1067 4489
1067 268
1068 3809
1068 5317
1068 5681
1068 333
1068 1375
1069 7249
1069 4203
1069 3606
1069 5773
1069 7598
1070 5141
1070 1832
1070 7761
1070 9346
1070 2799
1071 8568
1071 679
1071 8412
1071 8923
1071 3542
1072 8580
1072 3501
1072 7277
1072 8174
1072 5186
1073 7785
1073 8778
1073 6165
1073 3504
1073 9943
1074 951
1074 7291
1074 43
1074 406
1074 9285
1075 9981
1075 278
1075 6387
1075 6256
1075 6485
1076 6105
1076 3629
1076 8310
1076 2123
1076 809
1077 5569
1077 8617
1077 9591
1077 4848
1077 859
1078 4492
1078 7973
1078 5968
1078 1103
1078 4447
1079 6263
1079 2387
1079 1789
1079 3620
1079 9733
1080 9472
1080 600
1080 3169
1080 4725
1080 6466
1081 8159
1081 6236
1081 7617
1081 8262
1081 2667
1082 2279
1082 1516
1082 3044
1082 8755
1082 3828
1083 9163
1083 4233
1083 1698
1083 7499
1083 9348
1084 11
1084 8525
1084 6878
1084 5486
1084 1605
1085 8664
1085 1516
1085 1924
1085 3838
1085 7621
1086 8280
1086 7104
1086 3841
1086 8238
1086 4862
1087 9245
1087 8446
1087 6467
1087 1756
1087 6925
1088 4800
1088 5854
1088 5958
1088 8635
1088 7281
1089 2064
1089 695
1089 6912
1089 3599
1089 5920
1090 8817
1090 8783
1090 5428
1090 174
1090 4107
1091 1316
1091 5836
1091 7552
1091 9714
1091 6320
1092 4866
1092 1637
1092 7346
1092 2300
1092 6700
1093 1011
1093 3706
1093 1525
1093 8388
1093 5782
1094 904
1094 1380
1094 4452
1094 226
1094 8928
1095 9903
1095 3026
1095 5613
1095 2898
1095 9031
1096 4339
1096 6506
1096 8386
1096 3569
1096 6724
1097 2687
1097 294
1097 4711
1097 5341
1097 8148
1098 1055
1098 3263
1098 8923
1098 8383
1098 9089
1099 1371
1099 7061
1099 4642
1099 1269
1099 1685
1100 5448
1100 7224
1100 1140
1100 3647
1100 3138
1101 8372
1101 1786
1101 7320
1101 5091
1101 1096
1102 1970
1102 6378
1102 6738
1102 3590
1102 8209
1103 4581
1103 3665
1103 2475
1103 598
1103 1880
1104 9391
1104 2507
1104 4385
1104 6708
1104 992
1105 5212
1105 3875
1105 1642
1105 339
1105 9974
1106 5343
1106 4191
1106 2156
1106 9299
1106 1922
1107 6979
1107 6200
1107 8269
1107 7858
1107 9167
1108 3087
1108 3062
1108 8877
1108 1635
1108 7742
1109 2233
1109 104
1109 7964
1109 3804
1109 4368
1110 9738
1110 9774
1110 5735
1110 7835
1110 1149
1111 6675
1111 4691
1111 6719
1111 8986
1111 5489
1112 6004
1112 2969
1112 6968
1112 5111
1112 279
1113 5960
1113 395
1113 7609
1113 2414
1113 3019
1114 3877
1114 8525
1114 1351
1114 728
1114 1312
1115 7927
1115 2174
1115 3022
1115 5864
1115 2995
1116 1663
1116 115
1116 4078
1116 1680
1116 945
1117 8130
1117 1398
1117 7982
1117 1936
1117 9578
1118 2642
1118 1483
1118 4565
1118 1391
1118 1293
1119 4169
1119 9547
1119 9554
1119 4342
1119 561
1120 9032
1120 660
1120 7987
1120 2303
1120 6806
1121 6918
1121 6269
1121 1989
1121 2215
1121 7304
1122 6534
1122 266
1122 8665
1122 1334
1122 3042
1123 4070
1123 6852
1123 7929
1123 4548
1123 709
1124 8197
1124 842
1124 7460
1124 1773
1124 948
1125 518
1125 4806
1125 2432
1125 5742
1125 93
1126 3550
1126 4969
1126 2734
1126 7039
1126 3899
1127 5901
1127 1850
1127 2175
1127 7254
1127 8946
1128 5614
1128 2606
1128 3337
1128 5019
1128 5440
1129 9696
1129 5921
1129 3890
1129 3245
1129 7387
1130 7143
1130 9661
1130 1561
1130 9845
1130 273
1131 9175
1131 9822
1131 611
1131 7876
1131 1912
1132 5515
1132 2122
1132 3908
1132 7668
1132 5343
1133 2820
1133 2279
1133 1105
1133 1941
1133 2340
1134 7343
1134 7373
1134 6134
1134 8186
1134 1160
1135 3227
1135 3162
1135 2319
1135 6388
1135 6437
1136 8220
1136 7403
1136 5265
1136 8616
1136 3408
1137 214
1137 9075
1137 323
1137 5161
1137 4772
1138 657
1138 2904
1138 4734
1138 7959
1138 7914
1139 4831
1139 3183
1139 9852
1139 1373
1139 7451
1140 761
1140 9083
1140 5180
1140 419
1140 1708
1141 4487
1141 4313
1141 1911
1141 2783
1141 2289
1142 2398
1142 2821
1142 1733
1142 2365
1142 7063
1143 5148
1143 8258
1143 9008
1143 1674
1143 5331
1144 9271
1144 3813
1144 1466
1144 2950
1144 8881
1145 8742
1145 7142
1145 8136
1145 2416
1145 1612
1146 4844
1146 8521
1146 4681
1146 5879
1146 7515
1147 8168
1147 4580
1147 3198
1147 2973
1147 3380
1148 149
1148 4620
1148 8824
1148 1909
1148 651
1149 1028
1149 2396
1149 8404
1149 8100
1149 3718
1150 55
1150 7529
1150 690
1150 4282
1150 8385
1151 9038
1151 7069
1151 1966
1151 8139
1151 130
1152 2021
1152 3858
1152 8201
1152 8395
1152 3300
1153 2380
1153 3014
1153 5181
1153 5132
1153 5189
1154 4385
1154 5434
1154 5233
1154 5487
1154 9043
1155 2727
1155 6096
1155 6066
1155 9746
1155 2682
1156 5495
1156 8464
1156 3776
1156 4655
1156 3385
1157 6113
1157 6759
1157 4678
1157 9480
1157 3992
1158 5034
1158 2302
1158 4448
1158 2507
1158 8973
1159 8170
1159 3364
1159 100
1159 622
1159 8131
1160 7926
1160 3309
1160 8
1160 2038
1160 9007
1161 4698
1161 7860
1161 230
1161 579
1161 7687
1162 3527
1162 6461
1162 7221
1162 9758
1162 5030
1163 9405
1163 6383
1163 2043
1163 1567
1163 5609
1164 8064
1164 3839
1164 9071
1164 6541
1164 8220
1165 8309
1165 2069
1165 8305
1165 6988
1165 5835
1166 4957
1166 5539
1166 6133
1166 5646
1166 3902
1167 4082
1167 1237
1167 9750
1167 6288
1167 7914
1168 8796
1168 6169
1168 5682
1168 9462
1168 5842
1169 6421
1169 5420
1169 3403
1169 7657
1169 2303
1170 3992
1170 6901
1170 1610
1170 6602
1170 1469
1171 219
1171 3341
1171 1047
1171 9248
1171 9723
1172 9766
1172 1678
1172 3214
1172 1940
1172 6094
1173 7227
1173 402
1173 2522
1173 7313
1173 6840
1174 8093
1174 7101
1174 7597
1174 6330
1174 402
1175 3052
1175 3063
1175 6606
1175 7741
1175 4300
1176 9867
1176 7987
1176 1706
1176 2218
1176 1538
1177 8831
1177 336
1177 9824
1177 9793
1177 6809
1178 2056
1178 6899
1178 3459
1178 2341
1178 547
1179 7345
1179 998
1179 6901
1179 2179
1179 7443
1180 7700
1180 7450
1180 2913
1180 6340
1180 7309
1181 9953
1181 2859
1181 9711
1181 7809
1181 4225
1182 8704
1182 2593
1182 9290
1182 4032
1182 635
1183 8185
1183 9862
1183 6636
1183 8585
1183 7706
1184 1706
1184 9046
1184 262
1184 6561
1184 6693
1185 7448
1185 5817
1185 3263
1185 1454
1185 150
1186 7652
1186 8400
1186 6642
1186 3055
1186 3483
1187 7107
1187 9431
1187 7208
1187 7
1187 1944
1188 7008
1188 1975
1188 8082
1188 6960
1188 1027
1189 9737
1189 2388
1189 4060
1189 8680
1189 5690
1190 1244
1190 2447
1190 5404
1190 8262
1190 479
1191 2679
1191 5647
1191 3636
1191 1617
1191 4451
1192 8865
1192 2884
1192 9523
1192 4586
1192 9424
1193 9784
1193 3270
1193 962
1193 3531
1193 9837
1194 3616
1194 6421
1194 3907
1194 8627
1194 5397
1195 3609
1195 8910
1195 849
1195 5749
1195 2958
1196 5432
1196 3748
1196 492
1196 7272
1196 5534
1197 1058
1197 8751
1197 1714
1197 5636
1197 1187
1198 2980
1198 6454
1198 2147
1198 7256
1198 8349
1199 1347
1199 5761
1199 9948
1199 9795
1199 5062
1200 7541
1200 9997
1200 7022
1200 7994
1200 7655
1201 2583
1201 2769
1201 3054
1201 5612
1201 128
1202 2194
1202 4927
1202 4644
1202 3584
1202 9197
1203 8691
1203 86
1203 8169
1203 9176
1203 6483
1204 1589
1204 639
1204 3336
1204 3583
1204 7089
1205 67
1205 9032
1205 3902
1205 6501
1205 9936
1206 3052
1206 3956
1206 8468
1206 7523
1206 5051
1207 490
1207 8440
1207 6489
1207 5501
1207 2359
1208 5859
1208 7161
1208 9134
1208 8716
1208 7925
1209 4785
1209 9952
1209 6122
1209 7303
1209 487
1210 706
1210 4853
1210 4605
1210 5486
1210 6556
1211 8198
1211 8571
1211 7525
1211 6097
1211 3254
1212 262
1212 4918
1212 6779
1212 8105
1212 4752
1213 3335
1213 5769
1213 4028
1213 7384
1213 9292
1214 2289
1214 633
1214 3261
1214 5220
1214 45
1215 1840
1215 7678
1215 9277
1215 8048
1215 3674
1216 3329
1216 2781
1216 7640
1216 9296
1216 9439
1217 6207
1217 1235
1217 3178
1217 2116
1217 1875
1218 4733
1218 2847
1218 8457
1218 4859
1218 2271
1219 6878
1219 6173
1219 6571
1219 9989
1219 4976
1220 9684
1220 7137
1220 9809
1220 3213
1220 2998
1221 2524
1221 6160
1221 4481
1221 2745
1221 1462
1222 8658
1222 4681
1222 602
1222 5317
1222 5958
1223 7267
1223 5687
1223 4200
1223 6597
1223 2793
1224 1151
1224 8157
1224 4468
1224 6740
1224 1110
1225 8375
1225 1319
1225 1891
1225 4327
1225 3225
1226 6405
1226 7047
1226 5677
1226 8594
1226 1277
1227 3026
1227 9258
1227 2140
1227 4147
1227 6130
1228 2937
1228 3022
1228 9856
1228 7512
1228 371
1229 4933
1229 4036
1229 4614
1229 8694
1229 3928
1230 1200
1230 7428
1230 9841
1230 9537
1230 6946
1231 8116
1231 3884
1231 7816
1231 2943
1231 8380
1232 9248
1232 4800
1232 3507
1232 4537
1232 2234
1233 1541
1233 8944
1233 776
1233 1586
1233 9077
1234 7595
1234 7303
1234 1695
1234 1934
1234 6779
1235 2176
1235 4336
1235 4044
1235 586
1235 3012
1236 2446
1236 2783
1236 4317
1236 7511
1236 3207
1237 583
1237 9218
1237 3297
1237 8155
1237 3380
1238 45
1238 384
1238 9439
1238 8711
1238 7277
1239 903
1239 5987
1239 8596
1239 2155
1239 7059
1240 5235
1240 8716
1240 3621
1240 8481
1240 4834
1241 4603
1241 935
1241 4258
1241 1418
1241 6738
1242 8410
1242 382
1242 6821
1242 1008
1242 2473
1243 2587
1243 4158
1243 8771
1243 9692
1243 7150
1244 9207
1244 1343
1244 5638
1244 3595
1244 6365
1245 9985
1245 7668
1245 8040
1245 7969
1245 5568
1246 9796
1246 1540
1246 3790
1246 6380
1246 9073
1247 526
1247 6023
1247 7676
1247 7559
1247 9346
1248 185
1248 466
1248 6125
1248 466
1248 8350
1249 5390
1249 8920
1249 6435
1249 1513
1249 1994
1250 3399
1250 4971
1250 1245
1250 4804
1250 882
1251 7186
1251 1251
1251 536
1251 9111
1251 1431
1252 8122
1252 7580
1252 2006
1252 4776
1252 8296
1253 2337
1253 6694
1253 3843
1253 7104
1253 7984
1254 1072
1254 5351
1254 8566
1254 684
1254 3444
1255 418
1255 634
1255 4395
1255 7101
1255 4090
1256 6066
1256 716
1256 8433
1256 1495
1256 7085
1257 7114
1257 4066
1257 1983
1257 1418
1257 7661
1258 179
1258 5905
1258 2096
1258 5276
1258 2892
1259 2647
1259 2592
1259 5572
1259 4809
1259 5328
1260 6861
1260 2439
1260 193
1260 4789
1260 5272
1261 4638
1261 646
1261 6119
1261 6453
1261 7009
1262 3569
1262 3438
1262 3751
1262 1604
1262 196
1263 4216
1263 1452
1263 3193
1263 2154
1263 607
1264 9284
1264 6342
1264 3
1264 5092
1264 9010
1265 1651
1265 6290
1265 372
1265 5382
1265 7441
1266 80
1266 4519
1266 3892
1266 3282
1266 3270
1267 7061
1267 6097
1267 666
1267 7754
1267 5180
1268 4548
1268 6426
1268 341
1268 5174
1268 925
1269 9895
1269 4494
1269 5872
1269 6203
1269 751
1270 5743
1270 7056
1270 8273
1270 2505
1270 1497
1271 7593
1271 7442
1271 2689
1271 6785
1271 4278
1272 7580
1272 8507
1272 8573
1272 6431
1272 5686
1273 1887
1273 6626
1273 182
1273 9002
1273 4874
1274 5833
1274 5774
1274 8707
1274 9617
1274 1357
1275 5654
1275 884
1275 7216
1275 656
1275 7014
1276 3840
1276 2473
1276 2121
1276 1232
1276 5927
1277 7549
1277 7151
1277 3466
1277 445
1277 239
1278 4540
1278 9164
1278 2485
1278 8001
1278 5983
1279 3697
1279 1591
1279 3723
1279 7234
1279 2500
1280 6871
1280 5432
1280 1516
1280 5447
1280 3188
1281 4446
1281 1953
1281 37
1281 7087
1281 7756
1282 8337
1282 534
1282 6727
1282 5335
1282 8586
1283 170
1283 2756
1283 9514
1283 9863
1283 4454
1284 8865
1284 4372
1284 2434
1284 1139
1284 4499
1285 3927
1285 2747
1285 7942
1285 3761
1285 4314
1286 9990
1286 5859
1286 9535
1286 6226
1286 9863
1287 2978
1287 7130
1287 8743
1287 2887
1287 2693
1288 4829
1288 8865
1288 5828
1288 2012
1288 4574
1289 7874
1289 4979
1289 3510
1289 9593
1289 7711
1290 6036
1290 2633
1290 7616
1290 6104
1290 5398
1291 7342
1291 960
1291 1676
1291 9729
1291 6803
1292 6894
1292 1564
1292 1520
1292 6046
1292 1052
1293 580
1293 3097
1293 8513
1293 6701
1293 5384
1294 9911
1294 567
1294 214
1294 1742
1294 2508
1295 6282
1295 6579
1295 6003
1295 3390
1295 881
1296 9227
1296 9161
1296 6669
1296 9695
1296 3659
1297 4892
1297 5285
1297 4954
1297 1652
1297 5389
1298 9429
1298 490
1298 2008
1298 2805
1298 5013
1299 4434
1299 7356
1299 5847
1299 8427
1299 1057
1300 4143
1300 1193
1300 7411
1300 4465
1300 2734
1301 2135
1301 5914
1301 6299
1301 115
1301 1208
1302 3629
1302 5379
1302 1068
1302 3692
1302 1110
1303 8142
1303 4993
1303 6705
1303 8173
1303 2838
1304 6860
1304 3100
1304 1644
1304 340
1304 8758
1305 3486
1305 4584
1305 609
1305 3674
1305 8735
1306 923
1306 9765
1306 9202
1306 4197
1306 3095
1307 2136
1307 9758
1307 7608
1307 4551
1307 9738
1308 4808
1308 3308
1308 7559
1308 1433
1308 2688
1309 8978
1309 2005
1309 2441
1309 3470
1309 6780
1310 5212
1310 3463
1310 8188
1310 3672
1310 4528
1311 758
1311 7548
1311 2083
1311 9897
1311 3004
1312 4814
1312 7963
1312 4412
1312 4792
1312 2405
1313 9502
1313 8058
1313 7839
1313 6612
1313 3468
1314 3941
1314 5035
1314 2822
1314 7032
1314 6617
1315 178
1315 8630
1315 1497
1315 8710
1315 24
1316 9864
1316 894
1316 6114
1316 9166
1316 6508
1317 6354
1317 6966
1317 6422
1317 567
1317 8480
1318 6148
1318 211
1318 1038
1318 7709
1318 9382
1319 8322
1319 6699
1319 6243
1319 1640
1319 6947
1320 1120
1320 6723
1320 1756
1320 5532
1320 58
1321 1087
1321 8033
1321 1678
1321 968
1321 1396
1322 8885
1322 9549
1322 9004
1322 4248
1322 491
1323 640
1323 1142
1323 8786
1323 3157
1323 3905
1324 4043
1324 5806
1324 8109
1324 9983
1324 2711
1325 3330
1325 1534
1325 1635
1325 5380
1325 1034
1326 2161
1326 2846
1326 5140
1326 9238
1326 5017
1327 8270
1327 7576
1327 8161
1327 1835
1327 9567
1328 7318
1328 800
1328 9888
1328 2201
1328 1853
1329 626
1329 7777
1329 3098
1329 4242
1329 5166
1330 2155
1330 3490
1330 2338
1330 3335
1330 1822
1331 4618
1331 463
1331 5445
1331 8428
1331 405
1332 7743
1332 8959
1332 2457
1332 3663
1332 8322
1333 7936
1333 2393
1333 8396
1333 7319
1333 7618
1334 7269
1334 4688
1334 3305
1334 174
1334 8847
1335 3892
1335 469
1335 4289
1335 9267
1335 7161
1336 9913
1336 8638
1336 1858
1336 776
1336 2617
1337 3912
1337 503
1337 3472
1337 9439
1337 4149
1338 5952
1338 7827
1338 8692
1338 1072
1338 3810
1339 3261
1339 3462
1339 4308
1339 2092
1339 3230
1340 6994
1340 9103
1340 8711
1340 6044
1340 4126
1341 5257
1341 7660
1341 8833
1341 6141
1341 8670
1342 988
1342 3597
1342 7278
1342 886
1342 2329
1343 7882
1343 8993
1343 511
1343 7789
1343 3942
1344 5238
1344 9663
1344 2009
1344 2895
1344 5864
1345 9121
1345 2127
1345 3023
1345 457
1345 1982
1346 9071
1346 3746
1346 5798
1346 2146
1346 6209
1347 1796
1347 2722
1347 9846
1347 6466
1347 1958
1348 5727
1348 4168
1348 6809
1348 4899
1348 6685
1349 4745
1349 7974
1349 6754
1349 7240
1349 3065
1350 3555
1350 4228
1350 8770
1350 9294
1350 4813
1351 5511
1351 1745
1351 5939
1351 2095
1351 8868
1352 3436
1352 2095
1352 4027
1352 3391
1352 9867
1353 5983
1353 4173
1353 2161
1353 4774
1353 7538
1354 4349
1354 2929
1354 7636
1354 4993
1354 5517
1355 2167
1355 5531
1355 1247
1355 7923
1355 7707
1356 906
1356 2684
1356 5003
1356 56
1356 3907
1357 1015
1357 5815
1357 3326
1357 690
1357 4869
1358 1162
1358 8996
1358 5112
1358 8131
1358 9812
1359 5933
1359 5576
1359 8129
1359 6557
1359 4210
1360 7575
1360 4018
1360 71
1360 6670
1360 3808
1361 2588
1361 7291
1361 8237
1361 2532
1361 2459
1362 2408
1362 2399
1362 8384
1362 622
1362 8679
1363 6778
1363 3124
1363 5307
1363 4810
1363 6223
1364 8039
1364 8995
1364 1362
1364 1162
1364 8281
1365 3631
1365 9430
1365 1804
1365 9806
1365 8968
1366 6979
1366 8522
1366 8302
1366 6699
1366 7171
1367 6237
1367 9233
1367 8073
1367 9927
1367 4483
1368 4998
1368 7253
1368 9087
1368 5432
1368 3803
1369 376
1369 8609
1369 6263
1369 5740
1369 4957
1370 6073
1370 7955
1370 2200
1370 5907
1370 8303
1371 1386
1371 4606
1371 2945
1371 4114
1371 4774
1372 344
1372 8265
1372 1733
1372 362
1372 1408
1373 2619
1373 4322
1373 7303
1373 8462
1373 5290
1374 176
1374 446
1374 4081
1374 5817
1374 4302
1375 4471
1375 2485
1375 8141
1375 1005
1375 9826
1376 989
1376 9083
1376 3482
1376 6043
1376 3395
1377 4880
1377 1645
1377 2756
1377 2186
1377 3842
1378 8431
1378 4586
1378 2837
1378 8343
1378 2824
1379 8630
1379 1210
1379 3432
1379 4345
1379 2759
1380 5316
1380 4886
1380 8818
1380 1722
1380 1445
1381 6738
1381 6983
1381 3229
1381 8700
1381 2627
1382 6759
1382 2079
1382 3134
1382 8433
1382 6928
1383 7808
1383 8683
1383 129
1383 8475
1383 652
1384 8378
1384 6008
1384 2549
1384 4829
1384 5898
1385 7913
1385 9506
1385 973
1385 1117
1385 4765
1386 181
1386 9964
1386 2948
1386 8864
1386 6516
1387 5232
1387 338
1387 7183
1387 1189
1387 3036
1388 4803
1388 2691
1388 6365
1388 7619
1388 6012
1389 273
1389 1611
1389 5886
1389 8773
1389 7417
1390 8057
1390 1281
1390 8957
1390 1747
1390 8014
1391 150
1391 3056
1391 4687
1391 385
1391 1724
1392 4275
1392 7181
1392 438
1392 3299
1392 8784
1393 2977
1393 9474
1393 4401
1393 9633
1393 1817
1394 6601
1394 3281
1394 7071
1394 7940
1394 3475
1395 3728
1395 4009
1395 6472
1395 8135
1395 9735
1396 2954
1396 5764
1396 7109
1396 8704
1396 7352
1397 1902
1397 6111
1397 7213
1397 6846
1397 5625
1398 4159
1398 4533
1398 1715
1398 5303
1398 8861
1399 138
1399 8124
1399 7033
1399 1374
1399 726
1400 3861
1400 4775
1400 7740
1400 3112
1400 1186
1401 3185
1401 8494
1401 2614
1401 1414
1401 3923
1402 6743
1402 7627
1402 1600
1402 7482
1402 137
1403 1725
1403 7436
1403 4679
1403 2540
1403 9142
1404 3195
1404 124
1404 3405
1404 837
1404 5145
1405 5938
1405 3484
1405 7030
1405 9368
1405 2854
1406 8702
1406 410
1406 7387
1406 648
1406 6728
1407 466
1407 2047
1407 7211
1407 9856
1407 5343
1408 1173
1408 2201
1408 9094
1408 9691
1408 1753
1409 659
1409 7001
1409 8585
1409 9840
1409 3078
1410 6547
1410 8406
1410 3339
1410 6584
1410 948
1411 4220
1411 8396
1411 5740
1411 3282
1411 2765
1412 2227
1412 5086
1412 8730
1412 9679
1412 229
1413 3380
1413 7464
1413 3036
1413 2003
1413 9890
1414 3208
1414 2861
1414 7796
1414 4074
1414 6451
1415 6020
1415 277
1415 5328
1415 8292
1415 8804
1416 2351
1416 8623
1416 5481
1416 7145
1416 6395
1417 4334
1417 4384
1417 1696
1417 8194
1417 4723
1418 5290
1418 8166
1418 8563
1418 704
1418 776
1419 3956
1419 6103
1419 6279
1419 2631
1419 454
1420 4371
1420 6939
1420 6370
1420 4167
1420 6990
1421 9965
1421 1392
1421 671
1421 8411
1421 623
1422 1260
1422 1015
1422 8601
1422 1245
1422 3210
1423 3974
1423 3683
1423 3065
1423 7181
1423 5444
1424 6217
1424 5470
1424 2120
1424 4195
1424 8999
1425 5786
1425 9549
1425 7754
1425 5514
1425 4308
1426 9550
1426 8837
1426 2671
1426 8773
1426 9090
1427 8091
1427 1782
1427 2624
1427 2736
1427 4285
1428 8635
1428 2020
1428 9852
1428 9642
1428 4701
1429 1013
1429 3047
1429 8631
1429 9791
1429 7854
1430 6873
1430 8752
1430 6633
1430 718
1430 7209
1431 5880
1431 8247
1431 7637
1431 665
1431 9803
1432 5236
1432 27
1432 7105
1432 1021
1432 3081
1433 8784
1433 6915
1433 9334
1433 7063
1433 5632
1434 9909
1434 1704
1434 183
1434 4011
1434 3228
1435 4599
1435 3066
1435 5437
1435 5649
1435 7183
1436 7473
1436 439
1436 9153
1436 5859
1436 6192
1437 2262
1437 1472
1437 5820
1437 7946
1437 6995
1438 1268
1438 1744
1438 6667
1438 5313
1438 9115
1439 4198
1439 9594
1439 4514
1439 5796
1439 2521
1440 2610
1440 5810
1440 3868
1440 2491
1440 6743
1441 2337
1441 7529
1441 3236
1441 3961
1441 96
1442 3579
1442 4352
1442 8798
1442 1193
1442 987
1443 8670
1443 2703
1443 7427
1443 3185
1443 7059
1444 1838
1444 8205
1444 992
1444 3047
1444 590
1445 5122
1445 5297
1445 3809
1445 9659
1445 8477
1446 9257
1446 8479
1446 7370
1446 6979
1446 8991
1447 7498
1447 4804
1447 7032
1447 4076
1447 3091
1448 5523
1448 8040
1448 8278
1448 5839
1448 636
1449 6470
1449 6185
1449 4308
1449 6236
1449 6269
1450 9477
1450 5605
1450 8926
1450 8833
1450 2068
1451 7880
1451 2619
1451 1789
1451 9005
1451 6941
1452 6739
1452 1831
1452 7748
1452 9189
1452 467
1453 3555
1453 4798
1453 2965
1453 1204
1453 399
1454 1851
1454 4689
1454 9878
1454 8959
1454 6623
1455 9581
1455 1068
1455 8262
1455 1846
1455 7319
1456 251
1456 5012
1456 322
1456 8400
1456 6819
1457 6382
1457 9640
1457 701
1457 8322
1457 7125
1458 2746
1458 7042
1458 4538
1458 4603
1458 2522
1459 9867
1459 1251
1459 5143
1459 4692
1459 1629
1460 1995
1460 1541
1460 4392
1460 4497
1460 1526
1461 4235
1461 8509
1461 3691
1461 3121
1461 2413
1462 1391
1462 3270
1462 5072
1462 3568
1462 5151
1463 8288
1463 1205
1463 1543
1463 9959
1463 1109
1464 6556
1464 4840
1464 7206
1464 7151
1464 977
1465 1767
1465 2569
1465 9345
1465 1114
1465 1444
1466 5292
1466 2543
1466 2410
1466 7667
1466 1195
1467 5533
1467 4241
1467 3742
1467 6097
1467 6464
1468 2517
1468 6416
1468 8378
1468 8140
1468 7145
1469 3642
1469 5018
1469 8374
1469 2195
1469 7036
1470 4270
1470 8031
1470 102
1470 5783
1470 2046
1471 8586
1471 4020
1471 282
1471 8957
1471 6983
1472 3670
1472 5584
1472 4311
1472 7317
1472 2168
1473 9008
1473 4229
1473 9316
1473 1665
1473 6144
1474 5359
1474 5249
1474 5483
1474 4637
1474 6619
1475 7742
1475 8082
1475 6335
1475 7584
1475 2333
1476 4470
1476 9307
1476 4643
1476 89
1476 5279
1477 9963
1477 9661
1477 2459
1477 8469
1477 4367
1478 7433
1478 8086
1478 7630
1478 2236
1478 6086
1479 2641
1479 1637
1479 8933
1479 2041
1479 4499
1480 5944
1480 483
1480 6065
1480 7764
1480 7918
1481 4444
1481 2903
1481 3092
1481 3852
1481 8747
1482 9762
1482 2623
1482 9596
1482 2043
1482 2027
1483 7803
1483 5027
1483 8600
1483 7447
1483 5948
1484 14
1484 9200
1484 4376
1484 6117
1484 8878
1485 5207
1485 6535
1485 5868
1485 487
1485 3222
1486 9678
1486 7980
1486 5648
1486 5354
1486 1669
1487 5784
1487 7659
1487 4315
1487 5684
1487 3107
1488 9024
1488 6586
1488 5257
1488 6046
1488 407
1489 6335
1489 6755
1489 2302
1489 8799
1489 7609
1490 6171
1490 4663
1490 9275
1490 1792
1490 4442
1491 1503
1491 2059
1491 1252
1491 6423
1491 4930
1492 7477
1492 6040
1492 2955
1492 4361
1492 9718
1493 5646
1493 7318
1493 6203
1493 6966
1493 2561
1494 3759
1494 5243
1494 9019
1494 8947
1494 2015
1495 1797
1495 5230
1495 940
1495 5967
1495 3502
1496 8860
1496 785
1496 5631
1496 2595
1496 7945
1497 2667
1497 1010
1497 8346
1497 6314
1497 2741
1498 285
1498 1656
1498 3143
1498 836
1498 3975
1499 4916
1499 9628
1499 4054
1499 2639
1499 3327
1500 3487
1500 6613
1500 5219
1500 6948
1500 108
1501 8728
1501 9475
1501 132
1501 211
1501 6131
1502 6922
1502 1473
1502 6234
1502 1010
1502 7567
1503 4020
1503 8247
1503 5763
1503 4691
1503 4780
1504 8868
1504 9960
1504 4615
1504 4412
1504 9863
1505 1455
1505 4930
1505 5840
1505 8067
1505 7499
1506 7718
1506 9522
1506 5335
1506 2913
1506 192
1507 432
1507 4996
1507 4209
1507 8658
1507 1490
1508 4107
1508 2450
1508 9985
1508 8319
1508 7523
1509 1861
1509 2919
1509 3685
1509 5246
1509 5375
1510 7727
1510 4690
1510 4543
1510 6727
1510 6142
1511 9826
1511 345
1511 1618
1511 3210
1511 936
1512 3245
1512 5886
1512 4478
1512 3072
1512 9676
1513 6110
1513 895
1513 8979
1513 5040
1513 1472
1514 9110
1514 1924
1514 9588
1514 3930
1514 2899
1515 6134
1515 5590
1515 5342
1515 5081
1515 107
1516 3607
1516 2696
1516 9288
1516 164
1516 2864
1517 101
1517 2954
1517 7815
1517 7454
1517 8477
1518 3460
1518 2314
1518 709
1518 4191
1518 5344
1519 1678
1519 9748
1519 179
1519 4746
1519 8840
1520 6715
1520 9014
1520 8102
1520 5186
1520 7512
1521 2298
1521 4879
1521 2738
1521 7879
1521 8068
1522 675
1522 6925
1522 7537
1522 5847
1522 8902
1523 7597
1523 4280
1523 5373
1523 6683
1523 197
1524 9359
1524 1740
1524 8171
1524 8780
1524 3416
1525 5780
1525 5194
1525 1548
1525 7361
1525 5153
1526 9296
1526 9719
1526 5209
1526 8956
1526 8883
1527 192
1527 8375
1527 7632
1527 6386
1527 1537
1528 7035
1528 6467
1528 6032
1528 43
1528 3156
1529 6756
1529 3487
1529 9632
1529 7950
1529 7261
1530 8495
1530 7342
1530 7804
1530 4769
1530 4048
1531 8866
1531 9842
1531 429
1531 5746
1531 3949
1532 6842
1532 9958
1532 2237
1532 9420
1532 504
1533 3398
1533 8276
1533 2817
1533 4072
1533 19
1534 6369
1534 890
1534 7
1534 7175
1534 6440
1535 1538
1535 4095
1535 5476
1535 3244
1535 9296
1536 7717
1536 5065
1536 7027
1536 3643
1536 1980
1537 440
1537 7797
1537 1779
1537 8895
1537 9896
1538 253
1538 3676
1538 7801
1538 1200
1538 6716
1539 7372
1539 7020
1539 697
1539 3656
1539 8606
1540 9865
1540 3621
1540 1312
1540 3763
1540 206
1541 3054
1541 5419
1541 1921
1541 4225
1541 5973
1542 2061
1542 257
1542 5026
1542 8116
1542 4001
1543 266
1543 8535
1543 7228
1543 173
1543 4162
1544 3898
1544 1982
1544 8577
1544 2852
1544 1071
1545 3468
1545 1350
1545 8971
1545 1804
1545 150
1546 8112
1546 876
1546 7301
1546 9227
1546 4053
1547 2821
1547 7790
1547 4162
1547 18
1547 9410
1548 9710
1548 3903
1548 1029
1548 6788
1548 3325
1549 6785
1549 845
1549 687
1549 3414
1549 9630
1550 489
1550 7502
1550 7924
1550 5747
1550 7827
1551 339
1551 1016
1551 3363
1551 700
1551 8115
1552 1362
1552 2904
1552 3808
1552 7698
1552 2619
1553 1012
1553 8848
1553 8199
1553 9599
1553 8699
1554 5096
1554 4591
1554 8008
1554 6095
1554 6663
1555 5449
1555 4339
1555 9312
1555 2326
1555 2649
1556 836
1556 3531
1556 9048
1556 8687
1556 6236
1557 3835
1557 2213
1557 5811
1557 3187
1557 7187
1558 118
1558 4216
1558 4570
1558 4945
1558 1306
1559 3424
1559 9942
1559 7677
1559 242
1559 4750
1560 6483
1560 1430
1560 1759
1560 1269
1560 2656
1561 7592
1561 7414
1561 7399
1561 8749
1561 6012
1562 5039
1562 9516
1562 3430
1562 8547
1562 3107
1563 5639
1563 2165
1563 2807
1563 4752
1563 8493
1564 2713
1564 1384
1564 1941
1564 209
1564 2524
1565 9963
1565 8735
1565 4211
1565 5951
1565 8009
1566 5517
1566 4103
1566 6608
1566 540
1566 9992
1567 8575
1567 4528
1567 2044
1567 8849
1567 1585
1568 9666
1568 5866
1568 5697
1568 501
1568 1868
1569 6748
1569 441
1569 1340
1569 5079
1569 1076
1570 7144
1570 1473
1570 1840
1570 668
1570 9146
1571 2187
1571 653
1571 2018
1571 5772
1571 6157
1572 1655
1572 5268
1572 484
1572 8237
1572 7615
1573 5626
1573 6179
1573 1034
1573 8559
1573 9091
1574 4036
1574 8316
1574 8390
1574 3605
1574 7384
1575 7743
1575 1091
1575 9483
1575 4947
1575 8249
1576 62
1576 3828
1576 6807
1576 4157
1576 5605
1577 3861
1577 9661
1577 7137
1577 2957
1577 3911
1578 9928
1578 4984
1578 360
1578 157
1578 2487
1579 4442
1579 9773
1579 3698
1579 9390
1579 3864
1580 6968
1580 9773
1580 5729
1580 8999
1580 7155
1581 8799
1581 5872
1581 9116
1581 8906
1581 2137
1582 5069
1582 8873
1582 3957
1582 2804
1582 3003
1583 7504
1583 5499
1583 6321
1583 6690
1583 8480
1584 5333
1584 1351
1584 9327
1584 33
1584 4835
1585 3593
1585 1074
1585 6422
1585 1878
1585 2197
1586 2498
1586 2250
1586 2734
1586 3981
1586 8211
1587 9692
1587 7231
1587 6074
1587 3173
1587 534
1588 5144
1588 2121
1588 4660
1588 8073
1588 2952
1589 8643
1589 9059
1589 6802
1589 315
1589 6934
1590 7148
1590 176
1590 1075
1590 2724
1590 8630
1591 9784
1591 1148
1591 9817
1591 2186
1591 2979
1592 9938
1592 3447
1592 6530
1592 4181
1592 1752
1593 5547
1593 2041
1593 2108
1593 9489
1593 829
1594 8782
1594 4283
1594 6632
1594 2253
1594 9352
1595 5698
1595 6847
1595 8292
1595 1055
1595 873
1596 1440
1596 1008
1596 394
1596 184
1596 7417
1597 5396
1597 2996
1597 3244
1597 9818
1597 7892
1598 9818
1598 6635
1598 5785
1598 3253
1598 3479
1599 9623
1599 3485
1599 9339
1599 3959
1599 8130
1600 2087
1600 3419
1600 3149
1600 7663
1600 5571
1601 7087
1601 103
1601 7514
1601 9644
1601 2712
1602 6223
1602 736
1602 9414
1602 4846
1602 6902
1603 5491
1603 6717
1603 6045
1603 2499
1603 2827
1604 130
1604 4645
1604 4069
1604 5793
1604 7161
1605 7262
1605 7920
1605 6766
1605 8404
1605 4756
1606 5502
1606 3896
1606 1164
1606 8087
1606 7359
1607 5842
1607 4772
1607 7858
1607 8714
1607 7615
1608 8587
1608 4707
1608 3260
1608 1693
1608 8327
1609 4993
1609 737
1609 7769
1609 1028
1609 2219
1610 859
1610 6014
1610 8602
1610 8539
1610 881
1611 2122
1611 5337
1611 7157
1611 8863
1611 2267
1612 7027
1612 709
1612 7683
1612 4863
1612 4656
1613 6043
1613 8069
1613 9289
1613 9570
1613 589
1614 3669
1614 2106
1614 3855
1614 7730
1614 3372
1615 6742
1615 4250
1615 9128
1615 5746
1615 4515
1616 1602
1616 8241
1616 868
1616 2107
1616 4755
1617 6279
1617 1235
1617 9328
1617 4423
1617 4904
1618 5064
1618 7375
1618 2841
1618 6093
1618 2996
1619 2597
1619 9178
1619 8431
1619 7365
1619 1759
1620 1119
1620 5215
1620 7942
1620 4151
1620 9086
1621 2014
1621 7021
1621 4695
1621 5473
1621 8913
1622 868
1622 2735
1622 1015
1622 1236
1622 2414
1623 7002
1623 4822
1623 470
1623 4467
1623 1117
1624 819
1624 9081
1624 1693
1624 9114
1624 4784
1625 1438
1625 7195
1625 5306
1625 6499
1625 3935
1626 1114
1626 5842
1626 6421
1626 6547
1626 9456
1627 7671
1627 99
1627 9929
1627 6016
1627 5915
1628 4454
1628 387
1628 277
1628 6347
1628 1038
1629 5647
1629 7224
1629 4385
1629 7528
1629 3508
1630 3236
1630 267
1630 8657
1630 672
1630 8669
1631 7922
1631 2988
1631 1700
1631 1613
1631 1909
1632 5623
1632 9742
1632 6270
1632 2627
1632 3735
1633 9978
1633 2586
1633 9531
1633 6378
1633 7053
1634 494
1634 2092
1634 6121
1634 9027
1634 705
1635 7064
1635 4650
1635 1368
1635 707
1635 6866
1636 7346
1636 1063
1636 3222
1636 9661
1636 451
1637 929
1637 6916
1637 9310
1637 5489
1637 3100
1638 3523
1638 3469
1638 9503
1638 3536
1638 9034
1639 9933
1639 1790
1639 2415
1639 8447
1639 1080
1640 2427
1640 20
1640 1617
1640 575
1640 3440
1641 7831
1641 6659
1641 7055
1641 9732
1641 3306
1642 667
1642 3896
1642 6128
1642 2751
1642 4065
1643 262
1643 9402
1643 7624
1643 2885
1643 662
1644 2573
1644 2491
1644 4013
1644 5277
1644 4965
1645 1597
1645 7970
1645 5325
1645 7970
1645 8378
1646 5434
1646 636
1646 814
1646 1584
1646 5587
1647 6503
1647 6083
1647 5762
1647 9988
1647 345
1648 2474
1648 3749
1648 5052
1648 344
1648 3202
1649 5841
1649 5845
1649 4750
1649 9715
1649 2584
1650 7597
1650 8060
1650 9291
1650 1007
1650 4877
1651 6984
1651 5592
1651 72
1651 2281
1651 7545
1652 5104
1652 9565
1652 8083
1652 8548
1652 9012
1653 256
1653 9963
1653 3531
1653 9786
1653 3075
1654 5027
1654 1189
1654 6220
1654 8184
1654 9414
1655 7467
1655 7911
1655 5659
1655 7978
1655 8133
1656 5730
1656 4275
1656 2348
1656 8483
1656 599
1657 8459
1657 5622
1657 3942
1657 6842
1657 1816
1658 967
1658 464
1658 1362
1658 7538
1658 7442
1659 3716
1659 9096
1659 2549
1659 5376
1659 1358
1660 8717
1660 8624
1660 8026
1660 8028
1660 9897
1661 3672
1661 8999
1661 2416
1661 3837
1661 8984
1662 3718
1662 6800
1662 2312
1662 3810
1662 9206
1663 3570
1663 9835
1663 9754
1663 9516
1663 8927
1664 1962
1664 1463
1664 3275
1664 9961
1664 3137
1665 4697
1665 8613
1665 1244
1665 7691
1665 7047
1666 7839
1666 9489
1666 4287
1666 4299
1666 9896
1667 7704
1667 5922
1667 259
1667 2572
1667 1142
1668 2862
1668 3961
1668 7526
1668 2424
1668 9063
1669 4729
1669 3088
1669 8620
1669 4108
1669 8709
1670 572
1670 9182
1670 8932
1670 1296
1670 6172
1671 5998
1671 1135
1671 357
1671 1767
1671 9981
1672 3955
1672 1201
1672 511
1672 5550
1672 6639
1673 5333
1673 496
1673 2892
1673 1728
1673 3909
1674 7533
1674 8254
1674 1084
1674 4218
1674 2660
1675 6130
1675 5000
1675 1487
1675 9871
1675 6358
1676 8826
1676 4683
1676 1602
1676 7723
1676 7346
1677 1709
1677 9279
1677 4750
1677 5320
1677 1116
1678 149
1678 2272
1678 4762
1678 3919
1678 5535
1679 954
1679 9604
1679 5562
1679 4984
1679 888
1680 4650
1680 612
1680 555
1680 1142
1680 2325
1681 5017
1681 8359
1681 4345
1681 4276
1681 6049
1682 84
1682 1211
1682 5019
1682 1698
1682 241
1683 3018
1683 4614
1683 1429
1683 1149
1683 6906
1684 1824
1684 309
1684 3780
1684 9259
1684 73
1685 4904
1685 3790
1685 4350
1685 2092
1685 7184
1686 9011
1686 3214
1686 1102
1686 9360
1686 3474
1687 4041
1687 618
1687 7832
1687 6563
1687 2687
1688 3189
1688 7850
1688 5323
1688 8486
1688 908
1689 4211
1689 7474
1689 4842
1689 1144
1689 5405
1690 77
1690 1726
1690 4046
1690 6353
1690 8105
1691 2923
1691 1065
1691 6741
1691 2546
1691 1353
1692 3384
1692 1795
1692 3829
1692 3067
1692 798
1693 7675
1693 5904
1693 1417
1693 4865
1693 9962
1694 1508
1694 5779
1694 354
1694 3945
1694 1708
1695 4756
1695 3739
1695 4333
1695 1989
1695 3216
1696 663
1696 1886
1696 3443
1696 7240
1696 8799
1697 6178
1697 8684
1697 6306
1697 2048
1697 822
1698 4062
1698 3357
1698 5422
1698 8487
1698 1245
1699 4409
1699 4853
1699 8000
1699 713
1699 6853
1700 2931
1700 1808
1700 3390
1700 3469
1700 5904
1701 2648
1701 4659
1701 5738
1701 7834
1701 6204
1702 7501
1702 7101
1702 1846
1702 221
1702 3325
1703 6539
1703 2526
1703 3327
1703 4466
1703 7654
1704 366
1704 3221
1704 7155
1704 2315
1704 4467
1705 7103
1705 5556
1705 7113
1705 5341
1705 873
1706 6625
1706 6156
1706 5655
1706 9656
1706 1244
1707 6939
1707 1114
1707 8942
1707 1140
1707 2337
1708 3595
1708 4765
1708 5869
1708 1471
1708 2423
1709 4113
1709 7778
1709 6059
1709 6871
1709 4795
1710 172
1710 720
1710 5004
1710 834
1710 3938
1711 8435
1711 9947
1711 3157
1711 8155
1711 5495
1712 3553
1712 6209
1712 2221
1712 2329
1712 4885
1713 7310
1713 8953
1713 1472
1713 2405
1713 9370
1714 8339
1714 2995
1714 7084
1714 1463
1714 8118
1715 1404
1715 9166
1715 8982
1715 4767
1715 8331
1716 2643
1716 1276
1716 9159
1716 6774
1716 7963
1717 5987
1717 9009
1717 7956
1717 4007
1717 3134
1718 1641
1718 3521
1718 5866
1718 3760
1718 3824
1719 4928
1719 9789
1719 9649
1719 1238
1719 7300
1720 1022
1720 2100
1720 4856
1720 4440
1720 9751
1721 6685
1721 7688
1721 5991
1721 3690
1721 216
1722 5320
1722 6266
1722 5271
1722 3679
1722 1174
1723 5168
1723 6352
1723 1502
1723 6243
1723 2882
1724 9138
1724 5247
1724 7833
1724 7564
1724 2447
1725 3678
1725 3447
1725 4669
1725 8479
1725 6413
1726 8527
1726 8971
1726 8258
1726 9385
1726 1720
1727 425
1727 225
1727 1129
1727 7437
1727 3444
1728 2807
1728 1157
1728 6593
1728 9955
1728 3741
1729 6622
1729 742
1729 9678
1729 6051
1729 1262
1730 7758
1730 1104
1730 7344
1730 5270
1730 9495
1731 5607
1731 6721
1731 5655
1731 7515
1731 3395
1732 6061
1732 4639
1732 3329
1732 2764
1732 2995
1733 4204
1733 985
1733 7766
1733 6755
1733 7263
1734 6233
1734 208
1734 4985
1734 1394
1734 7089
1735 5274
1735 3724
1735 2457
1735 6373
1735 6412
1736 1180
1736 984
1736 3678
1736 7475
1736 8731
1737 1070
1737 2785
1737 8010
1737 7879
1737 1975
1738 7019
1738 6984
1738 8818
1738 3929
1738 514
1739 6937
1739 304
1739 9693
1739 8392
1739 1821
1740 6305
1740 3938
1740 1749
1740 8885
1740 9549
1741 8774
1741 748
1741 3786
1741 4395
1741 7960
1742 3270
1742 6923
1742 5635
1742 4225
1742 6736
1743 7142
1743 1283
1743 6102
1743 3202
1743 4067
1744 8657
1744 5176
1744 9789
1744 7287
1744 9695
1745 2700
1745 3395
1745 4433
1745 8472
1745 5872
1746 8845
1746 6561
1746 8270
1746 8316
1746 9248
1747 5059
1747 164
1747 1357
1747 6996
1747 994
1748 2552
1748 2277
1748 7403
1748 5704
1748 5069
1749 2391
1749 6371
1749 3959
1749 2666
1749 7956
1750 2639
1750 9630
1750 2162
1750 320
1750 6778
1751 7125
1751 3332
1751 3002
1751 4108
1751 7078
1752 8453
1752 9748
1752 8472
1752 2316
1752 5344
1753 7269
1753 2653
1753 5860
1753 1474
1753 7533
1754 4357
1754 3526
1754 7551
1754 5485
1754 1366
1755 5755
1755 858
1755 2913
1755 7457
1755 4037
1756 865
1756 2864
1756 9915
1756 4208
1756 7360
1757 5247
1757 6396
1757 7852
1757 5873
1757 2592
1758 5244
1758 1001
1758 3131
1758 1543
1758 9340
1759 8824
1759 1502
1759 5524
1759 815
1759 4801
1760 4207
1760 8668
1760 8356
1760 6538
1760 7181
1761 3965
1761 5124
1761 6709
1761 6128
1761 9821
1762 3940
1762 75
1762 730
1762 5398
1762 942
1763 1158
1763 161
1763 7356
1763 7070
1763 4540
1764 7175
1764 9736
1764 9761
1764 5705
1764 2694
1765 8731
1765 3187
1765 7047
1765 6491
1765 6989
1766 4967
1766 3899
1766 3488
1766 4587
1766 5853
1767 4768
1767 5548
1767 9984
1767 8604
1767 8180
1768 4320
1768 2974
1768 4030
1768 1540
1768 1090
1769 9503
1769 2390
1769 9104
1769 6010
1769 2169
1770 4040
1770 501
1770 1024
1770 1714
1770 400
1771 1100
1771 9625
1771 7376
1771 5924
1771 8372
1772 5029
1772 4478
1772 3541
1772 2046
1772 3911
1773 7205
1773 4767
1773 4537
1773 8912
1773 7658
1774 3536
1774 7396
1774 1789
1774 6696
1774 4858
1775 9506
1775 8705
1775 6340
1775 1831
1775 3621
1776 7035
1776 5894
1776 5071
1776 1416
1776 7571
1777 649
1777 9674
1777 1189
1777 3352
1777 1303
1778 6567
1778 8155
1778 1335
1778 172
1778 3139
1779 3274
1779 9299
1779 9193
1779 4239
1779 2273
1780 6087
1780 2383
1780 1110
1780 4444
1780 3982
1781 4994
1781 5849
1781 3412
1781 6745
1781 4390
1782 8725
1782 1034
1782 5840
1782 8457
1782 3759
1783 1652
1783 8188
1783 6137
1783 3903
1783 6651
1784 7594
1784 8039
1784 6739
1784 4995
1784 7392
1785 134
1785 4675
1785 84
1785 7964
1785 5024
1786 3919
1786 6249
1786 4231
1786 3860
1786 2313
1787 9695
1787 9211
1787 2623
1787 8656
1787 3225
1788 7952
1788 9075
1788 4182
1788 7477
1788 4284
1789 2086
1789 9744
1789 9061
1789 256
1789 2676
1790 2921
1790 9771
1790 3928
1790 3208
1790 7319
1791 9533
1791 7765
1791 6491
1791 2785
1791 8244
1792 4848
1792 1216
1792 8579
1792 240
1792 4168
1793 3850
1793 6201
1793 197
1793 4699
1793 98
1794 487
1794 5900
1794 7682
1794 7036
1794 8971
1795 4456
1795 2682
1795 7298
1795 7419
1795 1278
1796 1287
1796 3785
1796 4925
1796 4501
1796 7207
1797 1347
1797 9278
1797 3824
1797 1362
1797 3056
1798 3338
1798 897
1798 9076
1798 4359
1798 8619
1799 7156
1799 5448
1799 5937
1799 8050
1799 8671
1800 5216
1800 2885
1800 9300
1800 5237
1800 2639
1801 894
1801 4532
1801 5571
1801 5895
1801 6282
1802 352
1802 6413
1802 6313
1802 2219
1802 2983
1803 3353
1803 1623
1803 4091
1803 4425
1803 5066
1804 1328
1804 6969
1804 4273
1804 2657
1804 8464
1805 7452
1805 1647
1805 714
1805 9974
1805 3519
1806 419
1806 5469
1806 4137
1806 7823
1806 1503
1807 1615
1807 4581
1807 3217
1807 6041
1807 3706
1808 3204
1808 2939
1808 8767
1808 8869
1808 3218
1809 4357
1809 4088
1809 7414
1809 7284
1809 1251
1810 5725
1810 2604
1810 5739
1810 2537
1810 8537
1811 9752
1811 8173
1811 8696
1811 2083
1811 5300
1812 7535
1812 6582
1812 3076
1812 9592
1812 7981
1813 3256
1813 3530
1813 7683
1813 4018
1813 455
1814 9099
1814 9855
1814 5618
1814 5012
1814 8137
1815 5310
1815 1498
1815 1346
1815 6070
1815 5673
1816 8752
1816 5780
1816 2229
1816 8857
1816 3946
1817 2237
1817 4836
1817 5039
1817 8498
1817 8075
1818 7776
1818 5560
1818 2205
1818 5850
1818 2569
1819 240
1819 8730
1819 9811
1819 8512
1819 2024
1820 1472
1820 4427
1820 2336
1820 6085
1820 1792
1821 5934
1821 7037
1821 8304
1821 1556
1821 4912
1822 9942
1822 726
1822 2372
1822 6403
1822 5467
1823 3153
1823 6178
1823 9152
1823 8256
1823 1951
1824 4375
1824 1283
1824 6005
1824 292
1824 533
1825 2039
1825 879
1825 9227
1825 1843
1825 4928
1826 7063
1826 4668
1826 8309
1826 1881
1826 2548
1827 4083
1827 3403
1827 6725
1827 9875
1827 6678
1828 8351
1828 6426
1828 846
1828 5216
1828 7324
1829 8277
1829 7754
1829 5992
1829 4257
1829 7091
1830 6952
1830 2560
1830 8539
1830 2080
1830 1443
1831 5542
1831 728
1831 1878
1831 5864
1831 2950
1832 7774
1832 4276
1832 554
1832 4185
1832 8303
1833 8358
1833 5059
1833 2448
1833 2600
1833 6344
1834 8864
1834 405
1834 275
1834 9418
1834 7410
1835 7643
1835 5368
1835 57
1835 8616
1835 5028
1836 9356
1836 9695
1836 4558
1836 3572
1836 2554
1837 7371
1837 3163
1837 3824
1837 6761
1837 3910
1838 6300
1838 8825
1838 9440
1838 6287
1838 6806
1839 3150
1839 4081
1839 5666
1839 7466
1839 8504
1840 7686
1840 7380
1840 6399
1840 7682
1840 3082
1841 9444
1841 3217
1841 9380
1841 9076
1841 1562
1842 3160
1842 8575
1842 1309
1842 9982
1842 7036
1843 1019
1843 2966
1843 6862
1843 9439
1843 8849
1844 3205
1844 5406
1844 6677
1844 3779
1844 7536
1845 4914
1845 255
1845 5775
1845 6292
1845 9989
1846 3378
1846 7052
1846 2297
1846 5847
1846 1233
1847 5961
1847 7766
1847 6612
1847 7042
1847 2999
1848 989
1848 3255
1848 7014
1848 4945
1848 339
1849 8531
1849 6754
1849 3656
1849 4757
1849 3863
1850 9546
1850 7046
1850 3129
1850 326
1850 2925
1851 5083
1851 3360
1851 1348
1851 2101
1851 5938
1852 6244
1852 7530
1852 6788
1852 7983
1852 6699
1853 4585
1853 5195
1853 9553
1853 202
1853 6094
1854 5974
1854 1876
1854 5900
1854 9097
1854 7988
1855 2751
1855 9390
1855 2347
1855 2864
1855 9290
1856 4578
1856 5406
1856 3974
1856 4597
1856 7940
1857 4874
1857 6828
1857 8360
1857 7149
1857 3672
1858 8761
1858 1311
1858 1933
1858 4562
1858 5023
1859 6857
1859 5223
1859 4686
1859 4868
1859 6948
1860 4985
1860 9867
1860 8674
1860 7640
1860 9281
1861 1528
1861 7260
1861 4332
1861 9229
1861 7764
1862 9594
1862 5904
1862 1178
1862 286
1862 3874
1863 6194
1863 5205
1863 2901
1863 9609
1863 9289
1864 5996
1864 3590
1864 3269
1864 6073
1864 4698
1865 2175
1865 2204
1865 4973
1865 3881
1865 3807
1866 2865
1866 2339
1866 691
1866 1014
1866 2366
1867 3310
1867 6759
1867 3859
1867 8568
1867 4529
1868 8447
1868 984
1868 8354
1868 3487
1868 839
1869 3385
1869 8774
1869 977
1869 2999
1869 8322
1870 5842
1870 6453
1870 971
1870 3756
1870 1730
1871 6325
1871 6050
1871 4735
1871 8169
1871 1935
1872 2012
1872 368
1872 2535
1872 3422
1872 3159
1873 845
1873 4006
1873 4202
1873 1869
1873 7059
1874 3429
1874 5171
1874 6955
1874 9182
1874 3815
1875 183
1875 2275
1875 7485
1875 559
1875 338
1876 6752
1876 7491
1876 6816
1876 5528
1876 9900
1877 7849
1877 236
1877 9261
1877 7318
1877 4147
1878 4298
1878 6172
1878 3381
1878 772
1878 4406
1879 3720
1879 6538
1879 7098
1879 8930
1879 8811
1880 4134
1880 1011
1880 1231
1880 6231
1880 6356
1881 9231
1881 1441
1881 7645
1881 1281
1881 4236
1882 4555
1882 3555
1882 7504
1882 155
1882 4817
1883 7461
1883 5426
1883 4175
1883 5450
1883 648
1884 1170
1884 3058
1884 7954
1884 8379
1884 1622
1885 4438
1885 6151
1885 5584
1885 3021
1885 8614
1886 1449
1886 6308
1886 8264
1886 9240
1886 6590
1887 9884
1887 2612
1887 6595
1887 9637
1887 8236
1888 6750
1888 7120
1888 6682
1888 8039
1888 7022
1889 1518
1889 3626
1889 1771
1889 8148
1889 4283
1890 9619
1890 128
1890 4374
1890 5106
1890 2166
1891 5818
1891 4937
1891 1802
1891 91
1891 4371
1892 133
1892 9924
1892 4752
1892 6290
1892 2311
1893 4401
1893 2825
1893 9484
1893 7931
1893 2014
1894 8252
1894 7007
1894 2608
1894 53
1894 2155
1895 571
1895 565
1895 1980
1895 7151
1895 4750
1896 5125
1896 315
1896 8772
1896 9303
1896 2569
1897 1387
1897 2665
1897 494
1897 3132
1897 5993
1898 921
1898 4724
1898 5819
1898 7073
1898 6113
1899 3853
1899 7640
1899 5700
1899 5979
1899 3927
1900 9549
1900 990
1900 7987
1900 6612
1900 8064
1901 5674
1901 7271
1901 2047
1901 1300
1901 1410
1902 6214
1902 1918
1902 8903
1902 7060
1902 7655
1903 1662
1903 7042
1903 1007
1903 2873
1903 7403
1904 8981
1904 2435
1904 1229
1904 5363
1904 2444
1905 1678
1905 1568
1905 1782
1905 9879
1905 46
1906 1642
1906 1428
1906 8142
1906 9707
1906 126
1907 4228
1907 3244
1907 7049
1907 5510
1907 1688
1908 1036
1908 3255
1908 1781
1908 1478
1908 3446
1909 5495
1909 7335
1909 6761
1909 9883
1909 1886
1910 1647
1910 4764
1910 6537
1910 5303
1910 418
1911 3731
1911 1827
1911 4950
1911 4631
1911 4630
1912 4447
1912 2958
1912 1056
1912 1051
1912 9874
1913 8592
1913 8959
1913 1207
1913 1379
1913 509
1914 5686
1914 6282
1914 5099
1914 9290
1914 2189
1915 2748
1915 3686
1915 9224
1915 3705
1915 9146
1916 3995
1916 2833
1916 9034
1916 3239
1916 1246
1917 8102
1917 869
1917 4445
1917 4665
1917 1953
1918 1986
1918 4760
1918 8608
1918 150
1918 2378
1919 1562
1919 9948
1919 2929
1919 360
1919 9293
1920 1011
1920 6378
1920 6971
1920 6220
1920 2749
1921 9567
1921 1241
1921 814
1921 9684
1921 1764
1922 3773
1922 8480
1922 3830
1922 8408
1922 9971
1923 6961
1923 3243
1923 2814
1923 6095
1923 2394
1924 2966
1924 8638
1924 287
1924 8493
1924 8448
1925 4182
1925 9879
1925 1914
1925 810
1925 7104
1926 5927
1926 82
1926 5351
1926 8032
1926 1633
1927 1516
1927 8426
1927 8672
1927 3597
1927 2894
1928 9759
1928 9893
1928 4284
1928 7826
1928 5355
1929 3463
1929 3521
1929 5978
1929 3825
1929 8828
1930 4758
1930 7620
1930 1865
1930 613
1930 7404
1931 8803
1931 2969
1931 5407
1931 8932
1931 1572
1932 338
1932 627
1932 2726
1932 8900
1932 7575
1933 7201
1933 6308
1933 9048
1933 5459
1933 9813
1934 4643
1934 6916
1934 4412
1934 7341
1934 501
1935 2756
1935 5890
1935 7754
1935 2724
1935 1916
1936 3755
1936 418
1936 4459
1936 2066
1936 682
1937 4832
1937 9204
1937 6205
1937 5079
1937 778
1938 3149
1938 6940
1938 1892
1938 5756
1938 9559
1939 3417
1939 1747
1939 699
1939 7393
1939 196
1940 1487
1940 316
1940 7324
1940 6712
1940 4510
1941 1604
1941 7082
1941 1020
1941 9880
1941 6312
1942 8373
1942 966
1942 318
1942 3616
1942 6482
1943 7707
1943 6967
1943 7536
1943 8334
1943 5107
1944 6935
1944 76
1944 6087
1944 16
1944 9685
1945 59
1945 3125
1945 4181
1945 2418
1945 889
1946 6036
1946 8366
1946 986
1946 6186
1946 6264
1947 5907
1947 7754
1947 1928
1947 2416
1947 7768
1948 4273
1948 9214
1948 5041
1948 9472
1948 5236
1949 3911
1949 8923
1949 9275
1949 2020
1949 7570
1950 4809
1950 9151
1950 2963
1950 2175
1950 9475
1951 211
1951 2652
1951 7946
1951 6237
1951 8450
1952 9873
1952 4668
1952 8167
1952 6998
1952 9172
1953 9766
1953 298
1953 9626
1953 2237
1953 3145
1954 3965
1954 2757
1954 5217
1954 768
1954 1501
1955 7169
1955 8508
1955 3921
1955 6805
1955 9465
1956 8069
1956 3351
1956 1645
1956 5149
1956 1375
1957 152
1957 2935
1957 3267
1957 6115
1957 8874
1958 4674
1958 7122
1958 2656
1958 6879
1958 4301
1959 8066
1959 1839
1959 524
1959 4306
1959 2258
1960 3957
1960 6342
1960 8693
1960 4949
1960 5358
1961 3092
1961 602
1961 5894
1961 5256
1961 2710
1962 1314
1962 2959
1962 5054
1962 2439
1962 4999
1963 2071
1963 3644
1963 809
1963 2863
1963 6619
1964 6132
1964 2100
1964 8086
1964 8713
1964 7986
1965 8479
1965 7267
1965 3638
1965 6521
1965 292
1966 1037
1966 5668
1966 964
1966 145
1966 550
1967 2228
1967 3020
1967 1283
1967 9344
1967 2470
1968 5240
1968 5121
1968 8309
1968 1425
1968 2946
1969 6109
1969 8952
1969 5412
1969 9872
1969 4795
1970 9897
1970 8382
1970 150
1970 9111
1970 2970
1971 5504
1971 6072
1971 2882
1971 6172
1971 7256
1972 49
1972 408
1972 5090
1972 774
1972 7365
1973 8516
1973 6668
1973 8160
1973 1789
1973 1075
1974 5661
1974 1531
1974 894
1974 4681
1974 4781
1975 3983
1975 5792
1975 5940
1975 4626
1975 4998
1976 3898
1976 9363
1976 7143
1976 9608
1976 8827
1977 9679
1977 6286
1977 382
1977 431
1977 3640
1978 5824
1978 9112
1978 1566
1978 5723
1978 370
1979 2959
1979 2647
1979 2423
1979 5929
1979 4251
1980 7453
1980 5819
1980 564
1980 9701
1980 8821
1981 7667
1981 2662
1981 6876
1981 6593
1981 3414
1982 3622
1982 9545
1982 7674
1982 8375
1982 585
1983 7256
1983 2928
1983 8719
1983 4554
1983 9419
1984 8258
1984 5221
1984 2696
1984 6644
1984 6322
1985 715
1985 1747
1985 8767
1985 8061
1985 7847
1986 5108
1986 5204
1986 2895
1986 2681
1986 6873
1987 6034
1987 7732
1987 1325
1987 2949
1987 4311
1988 7591
1988 1003
1988 7714
1988 6428
1988 292
1989 4308
1989 4714
1989 2693
1989 9688
1989 403
1990 2993
1990 6679
1990 4547
1990 4777
1990 9234
1991 2976
1991 5157
1991 6766
1991 7344
1991 7059
1992 889
1992 7645
1992 4716
1992 1392
1992 2751
1993 3336
1993 272
1993 5299
1993 107
1993 3742
1994 4423
1994 4688
1994 4455
1994 8466
1994 6018
1995 2855
1995 4681
1995 2599
1995 3859
1995 6930
1996 9757
1996 3815
1996 5437
1996 2706
1996 4766
1997 238
1997 6823
1997 2651
1997 7925
1997 4000
1998 2630
1998 7419
1998 1855
1998 8066
1998 542
1999 344
1999 7788
1999 889
1999 5259
1999 6257
2000 622
2000 6722
2000 5183
2000 5433
