10000 1000
0 6992
1 5250
1 6947
3 6731
3 7142
5 5632
5 6647
7 2989
7 7399
9 347
9 1814
11 4524
11 4028
13 5825
13 5311
15 9595
15 216
17 9810
17 5780
19 3556
19 4108
21 964
21 6318
23 4700
23 602
25 9088
25 508
27 4445
27 9106
29 633
29 5247
31 8624
31 6788
33 8045
33 1459
35 4890
35 8336
37 3169
37 3773
39 7146
39 8404
41 9437
41 8721
43 2174
43 9746
45 11
45 6925
47 3656
47 822
49 2886
49 2963
51 3479
51 7522
53 391
53 1283
55 6722
55 693
57 24
57 6016
59 8924
59 1282
61 1916
61 885
63 8127
63 6173
65 288
65 4448
67 3749
67 549
69 6884
69 7888
71 7155
71 3811
73 8247
73 3888
75 5873
75 4005
77 5774
77 7288
79 195
79 3318
81 5847
81 6105
83 7605
83 16
85 3480
85 1366
87 4633
87 4114
89 4050
89 3586
91 299
91 4814
93 9487
93 4433
95 3191
95 1851
97 4811
97 4597
99 8629
99 8440
101 5385
101 5953
103 1506
103 8263
105 1420
105 4896
107 4988
107 4536
109 2250
109 8492
111 6087
111 1048
113 9599
113 3243
115 4664
115 4856
117 2298
117 826
119 8097
119 6964
121 350
121 1166
123 5685
123 7658
125 546
125 8197
127 2951
127 5365
129 4903
129 9062
131 8516
131 3273
133 8092
133 306
135 8326
135 7465
137 5513
137 9402
139 6683
139 3323
141 1482
141 6351
143 4094
143 2563
145 899
145 4155
147 7444
147 3117
149 9562
149 126
151 5562
151 6372
153 9131
153 5634
155 1571
155 2399
157 5702
157 2274
159 1529
159 5273
161 724
161 8982
163 6125
163 1419
165 6615
165 8875
167 1875
167 5481
169 9410
169 8040
171 309
171 7617
173 5757
173 5801
175 3510
175 5952
177 8577
177 2484
179 1722
179 445
181 6636
181 3644
183 5526
183 6941
185 8383
185 7204
187 9797
187 8875
189 8048
189 4519
191 648
191 565
193 5283
193 4395
195 2005
195 8939
197 8206
197 7728
199 4208
199 6151
201 7010
201 5696
203 910
203 3780
205 6471
205 2553
207 6587
207 6060
209 254
209 7913
211 801
211 8580
213 6634
213 930
215 9730
215 5133
217 2045
217 3294
219 7570
219 2049
221 5647
221 6474
223 3509
223 1323
225 7418
225 8359
227 2707
227 5458
229 4751
229 86
231 996
231 9829
233 1635
233 7873
235 3967
235 959
237 3293
237 6924
239 8043
239 2228
241 2068
241 6081
243 7419
243 7815
245 256
245 6101
247 6712
247 3938
249 2554
249 7224
251 3156
251 6229
253 7958
253 7151
255 8191
255 3467
257 6684
257 396
259 4882
259 5009
261 3548
261 8607
263 3091
263 5939
265 6838
265 7809
267 9518
267 812
269 9736
269 1891
271 3451
271 5555
273 542
273 9319
275 826
275 2693
277 9665
277 9918
279 426
279 8518
281 5044
281 747
283 4073
283 2361
285 9517
285 1276
287 2728
287 1248
289 9037
289 7874
291 9064
291 5153
293 607
293 596
295 7025
295 8958
297 6376
297 5359
299 3250
299 6487
301 8474
301 698
303 608
303 5614
305 1405
305 1658
307 1976
307 8784
309 6376
309 2821
311 5252
311 8240
313 9669
313 4813
315 5629
315 3694
317 4522
317 2272
319 5308
319 8436
321 4058
321 2061
323 8655
323 8911
325 3810
325 3882
327 8682
327 4126
329 1316
329 2683
331 711
331 4100
333 2581
333 1369
335 9904
335 6775
337 8027
337 3476
339 9674
339 799
341 7492
341 9828
343 2742
343 4176
345 6975
345 4973
347 334
347 9839
349 53
349 6520
351 4595
351 8040
353 5372
353 9927
355 1176
355 9868
357 9602
357 3001
359 2260
359 3635
361 3105
361 7480
363 3146
363 4358
365 8275
365 9794
367 5407
367 3128
369 5778
369 4464
371 3434
371 6138
373 268
373 7487
375 547
375 5950
377 6284
377 3701
379 3986
379 8289
381 2785
381 1878
383 3150
383 5859
385 8147
385 2572
387 4608
387 5736
389 7063
389 8928
391 2761
391 8660
393 3952
393 2922
395 4616
395 8132
397 4183
397 5360
399 461
399 5454
401 7190
401 2435
403 4025
403 5724
405 5747
405 8249
407 9520
407 6230
409 8983
409 294
411 3484
411 2961
413 2544
413 6248
415 3927
415 4996
417 9463
417 8063
419 426
419 7523
421 3947
421 9309
423 8747
423 5596
425 230
425 818
427 8746
427 9934
429 8635
429 1585
431 770
431 8590
433 5815
433 4300
435 8120
435 5865
437 4306
437 2619
439 9748
439 9930
441 1698
441 804
443 2150
443 8672
445 2983
445 8219
447 2216
447 6778
449 9902
449 7326
451 4115
451 4379
453 8813
453 7922
455 2443
455 489
457 6372
457 2364
459 3958
459 984
461 3676
461 9290
463 9954
463 2556
465 8981
465 5666
467 6300
467 2982
469 2137
469 790
471 3519
471 5757
473 2778
473 5913
475 5506
475 6452
477 3081
477 2820
479 9779
479 9384
481 776
481 666
483 8358
483 1558
485 3945
485 9388
487 5983
487 1033
489 6390
489 7056
491 7928
491 3864
493 4600
493 2270
495 8260
495 926
497 461
497 2063
499 8772
499 237
501 5417
501 6753
503 8465
503 5248
505 4113
505 1117
507 3411
507 2915
509 679
509 1827
511 2105
511 8846
513 9518
513 1102
515 2404
515 8005
517 5103
517 7942
519 5815
519 2954
521 6641
521 5517
523 2985
523 7523
525 2241
525 1156
527 9670
527 3671
529 8408
529 1395
531 7154
531 6547
533 2202
533 4103
535 751
535 6803
537 3246
537 601
539 484
539 6498
541 3741
541 2542
543 5803
543 5721
545 5724
545 5233
547 5308
547 9792
549 2071
549 5492
551 9890
551 8966
553 3813
553 873
555 6640
555 9856
557 2195
557 4446
559 1475
559 7960
561 4838
561 400
563 4750
563 5171
565 6893
565 4579
567 4970
567 2514
569 4584
569 4067
571 7721
571 1894
573 7042
573 1775
575 2132
575 8772
577 8102
577 3201
579 4780
579 1123
581 9863
581 9349
583 9065
583 2529
585 4337
585 8667
587 638
587 6366
589 7594
589 7961
591 9787
591 3802
593 3424
593 4181
595 9115
595 4057
597 9670
597 430
599 6150
599 4642
601 1757
601 3913
603 5547
603 3372
605 5583
605 788
607 3952
607 2000
609 830
609 9459
611 7404
611 2796
613 3705
613 5131
615 5166
615 4920
617 9614
617 4943
619 7377
619 2106
621 4296
621 9934
623 9129
623 8031
625 3346
625 1967
627 5409
627 1990
629 1953
629 2768
631 6507
631 9087
633 8689
633 7895
635 8347
635 1836
637 8952
637 3450
639 653
639 9270
641 280
641 4802
643 7233
643 5612
645 3220
645 4365
647 2664
647 926
649 9345
649 113
651 362
651 1383
653 4218
653 2045
655 6552
655 3038
657 2221
657 2473
659 3536
659 7258
661 9528
661 5773
663 3699
663 5435
665 7482
665 7019
667 4966
667 6918
669 9872
669 6144
671 5126
671 5940
673 1237
673 9097
675 8579
675 626
677 2926
677 2053
679 1542
679 4445
681 2724
681 6184
683 3170
683 9535
685 8627
685 2779
687 4822
687 2132
689 720
689 5188
691 3895
691 9825
693 8439
693 8272
695 8791
695 7756
697 391
697 2492
699 4672
699 687
701 4959
701 8830
703 7655
703 8252
705 9396
705 7461
707 7060
707 4232
709 6148
709 7694
711 6885
711 5342
713 920
713 9915
715 6994
715 4945
717 4571
717 9809
719 6577
719 9903
721 7212
721 7627
723 3450
723 9126
725 6853
725 2685
727 7693
727 6842
729 6336
729 6305
731 7046
731 5837
733 1016
733 6953
735 7537
735 3793
737 5562
737 8817
739 3831
739 7158
741 3456
741 5744
743 6598
743 5150
745 6911
745 4439
747 250
747 430
749 39
749 443
751 7111
751 2574
753 1100
753 190
755 2566
755 795
757 3912
757 6156
759 5417
759 9099
761 4401
761 1027
763 5
763 1019
765 4207
765 1709
767 1318
767 5971
769 8905
769 5622
771 8820
771 4075
773 6398
773 1918
775 5142
775 8741
777 1266
777 6997
779 8564
779 5031
781 1908
781 1587
783 6175
783 6108
785 7306
785 5296
787 1531
787 5371
789 1549
789 4233
791 2693
791 500
793 2654
793 4460
795 6242
795 9857
797 4575
797 2751
799 3415
799 8770
801 2339
801 1444
803 3935
803 5614
805 5044
805 8504
807 386
807 12
809 8417
809 2192
811 6441
811 1388
813 3543
813 9056
815 5948
815 6258
817 3108
817 6581
819 1504
819 3831
821 7579
821 5489
823 6646
823 2790
825 810
825 9855
827 3757
827 9446
829 1633
829 5831
831 2832
831 5703
833 2805
833 982
835 8670
835 6600
837 9445
837 1508
839 61
839 2355
841 6658
841 5354
843 6382
843 7720
845 9829
845 5017
847 4039
847 9476
849 5795
849 8193
851 6950
851 4452
853 1899
853 945
855 9780
855 5099
857 2859
857 7870
859 7304
859 9386
861 9105
861 5488
863 6732
863 2438
865 1766
865 8143
867 637
867 5433
869 8089
869 256
871 4519
871 5109
873 3119
873 5574
875 7490
875 8483
877 4729
877 7114
879 995
879 331
881 9218
881 1143
883 8884
883 5081
885 5743
885 642
887 2252
887 9458
889 8852
889 4208
891 1565
891 2536
893 9155
893 5415
895 2187
895 24
897 8452
897 1474
899 8745
899 1311
901 9157
901 1965
903 6019
903 3249
905 5650
905 3831
907 3705
907 3418
909 7548
909 1640
911 1411
911 552
913 2065
913 3762
915 1143
915 1116
917 8965
917 1896
919 187
919 2597
921 9861
921 8552
923 7510
923 9843
925 748
925 6790
927 6343
927 877
929 9894
929 1417
931 7136
931 2903
933 6795
933 7710
935 1787
935 9116
937 8359
937 6189
939 5549
939 8083
941 8519
941 5344
943 4095
943 9505
945 7423
945 891
947 8302
947 4257
949 3552
949 4466
951 5200
951 1901
953 2088
953 232
955 3552
955 3106
957 2613
957 6965
959 4765
959 4070
961 7315
961 1052
963 5467
963 3228
965 277
965 2264
967 8730
967 1951
969 211
969 4037
971 3644
971 5079
973 3036
973 1
975 9675
975 9661
977 7853
977 5725
979 8857
979 2041
981 6507
981 917
983 4053
983 6455
985 1344
985 2155
987 7347
987 3504
989 4722
989 8165
991 5199
991 2328
993 727
993 7825
995 1011
995 548
997 2829
997 4108
999 6382
999 1379
1001 1516
1001 3206
1003 5814
1003 4673
1005 2987
1005 4331
1007 1535
1007 1490
1009 3493
1009 6734
1011 631
1011 8398
1013 691
1013 8971
1015 3682
1015 4671
1017 2533
1017 4392
1019 7943
1019 5561
1021 1481
1021 3874
1023 9310
1023 6500
1025 5498
1025 2109
1027 1669
1027 5949
1029 1898
1029 2778
1031 7391
1031 1004
1033 1101
1033 9552
1035 6056
1035 31
1037 5066
1037 6735
1039 4361
1039 2742
1041 6255
1041 341
1043 1924
1043 3329
1045 6697
1045 850
1047 8197
1047 7246
1049 3143
1049 8504
1051 8633
1051 1592
1053 7222
1053 989
1055 2861
1055 1099
1057 9849
1057 1582
1059 8846
1059 6731
1061 479
1061 6328
1063 7830
1063 9409
1065 2090
1065 8774
1067 9039
1067 27
1069 2742
1069 9482
1071 2855
1071 8315
1073 3562
1073 6841
1075 6836
1075 8074
1077 1897
1077 1720
1079 7321
1079 8008
1081 6163
1081 799
1083 7509
1083 1703
1085 3700
1085 2461
1087 999
1087 5223
1089 1108
1089 2137
1091 8311
1091 3945
1093 7646
1093 7673
1095 3460
1095 2238
1097 4397
1097 4194
1099 3568
1099 2043
1101 6286
1101 8120
1103 5256
1103 2619
1105 2574
1105 818
1107 8586
1107 3701
1109 4403
1109 4941
1111 3928
1111 1550
1113 988
1113 6207
1115 5719
1115 9322
1117 5535
1117 587
1119 1975
1119 8907
1121 7629
1121 6780
1123 4438
1123 2116
1125 8237
1125 1091
1127 6276
1127 1930
1129 578
1129 4302
1131 7822
1131 7552
1133 600
1133 348
1135 9128
1135 6203
1137 7253
1137 3047
1139 1640
1139 80
1141 5357
1141 6395
1143 1430
1143 2438
1145 5551
1145 4927
1147 4197
1147 2991
1149 1950
1149 3777
1151 7487
1151 2371
1153 8519
1153 889
1155 6491
1155 1321
1157 3547
1157 7473
1159 1733
1159 8226
1161 9288
1161 5894
1163 493
1163 6165
1165 820
1165 4385
1167 3602
1167 2260
1169 1438
1169 6376
1171 3709
1171 6791
1173 4923
1173 1946
1175 1874
1175 1418
1177 4521
1177 7809
1179 1489
1179 5689
1181 3399
1181 5959
1183 1353
1183 9247
1185 8450
1185 7506
1187 7005
1187 8213
1189 7659
1189 5985
1191 2896
1191 1722
1193 8893
1193 3633
1195 8029
1195 1832
1197 1797
1197 6713
1199 3943
1199 5444
1201 2009
1201 3327
1203 2018
1203 6230
1205 9988
1205 8456
1207 5009
1207 9179
1209 3580
1209 6696
1211 467
1211 8629
1213 4404
1213 6291
1215 6946
1215 1570
1217 5930
1217 8990
1219 9995
1219 9984
1221 7636
1221 6449
1223 1434
1223 5621
1225 4299
1225 2069
1227 6444
1227 175
1229 3480
1229 8297
1231 1380
1231 3035
1233 6581
1233 3727
1235 9289
1235 2053
1237 7115
1237 6988
1239 2017
1239 3226
1241 5099
1241 1469
1243 3086
1243 4479
1245 5882
1245 6389
1247 8188
1247 8800
1249 1173
1249 5469
1251 9523
1251 4657
1253 1754
1253 5293
1255 2269
1255 2744
1257 4793
1257 528
1259 4077
1259 5984
1261 8661
1261 3734
1263 7879
1263 7625
1265 2363
1265 4222
1267 7581
1267 5955
1269 3728
1269 1509
1271 2973
1271 4328
1273 4374
1273 2600
1275 9748
1275 4679
1277 49
1277 8150
1279 5945
1279 6940
1281 3186
1281 9537
1283 7578
1283 4194
1285 260
1285 4988
1287 5535
1287 6855
1289 2871
1289 3161
1291 9327
1291 5154
1293 5610
1293 5993
1295 3769
1295 4540
1297 6755
1297 4777
1299 2362
1299 8234
1301 9259
1301 735
1303 4842
1303 8259
1305 7529
1305 2131
1307 1549
1307 5595
1309 822
1309 8628
1311 2875
1311 5111
1313 8372
1313 3603
1315 2529
1315 4905
1317 2916
1317 3617
1319 4132
1319 259
1321 1421
1321 9997
1323 9553
1323 6027
1325 7392
1325 5988
1327 8319
1327 1295
1329 9404
1329 954
1331 3186
1331 8665
1333 6525
1333 5454
1335 9109
1335 325
1337 2542
1337 2449
1339 9247
1339 2742
1341 7990
1341 3285
1343 9168
1343 4749
1345 6500
1345 3621
1347 5786
1347 927
1349 9174
1349 6071
1351 3483
1351 519
1353 7238
1353 5772
1355 8716
1355 4540
1357 1934
1357 1336
1359 8849
1359 4517
1361 7964
1361 3038
1363 6069
1363 1089
1365 5386
1365 112
1367 3934
1367 8817
1369 65
1369 8979
1371 2287
1371 209
1373 7454
1373 9408
1375 3570
1375 9970
1377 9401
1377 5951
1379 144
1379 5374
1381 8750
1381 6495
1383 7706
1383 4791
1385 1589
1385 8329
1387 4484
1387 3136
1389 1124
1389 8095
1391 9603
1391 156
1393 2414
1393 2911
1395 6
1395 7223
1397 3680
1397 5523
1399 4587
1399 1588
1401 9340
1401 2129
1403 3871
1403 5163
1405 7030
1405 6556
1407 3154
1407 6466
1409 5296
1409 8737
1411 699
1411 5716
1413 2235
1413 8845
1415 1886
1415 7836
1417 6232
1417 8151
1419 6736
1419 558
1421 842
1421 8217
1423 3736
1423 726
1425 4400
1425 3232
1427 9231
1427 9136
1429 7397
1429 6767
1431 131
1431 4621
1433 5638
1433 2267
1435 459
1435 4509
1437 1830
1437 6848
1439 6765
1439 413
1441 7550
1441 4312
1443 4453
1443 3787
1445 8906
1445 730
1447 6826
1447 5926
1449 868
1449 3238
1451 5442
1451 6623
1453 3471
1453 7198
1455 7258
1455 8377
1457 6992
1457 5489
1459 7035
1459 7566
1461 4441
1461 8007
1463 7036
1463 3505
1465 6287
1465 7287
1467 8982
1467 595
1469 3432
1469 5582
1471 8749
1471 1289
1473 6618
1473 9014
1475 5046
1475 3549
1477 7793
1477 6524
1479 896
1479 2949
1481 4756
1481 1491
1483 9722
1483 4546
1485 1558
1485 4921
1487 5006
1487 9775
1489 2861
1489 6711
1491 9112
1491 9022
1493 5170
1493 9922
1495 9594
1495 2502
1497 9234
1497 4316
1499 1020
1499 1886
1501 6276
1501 9414
1503 2664
1503 4090
1505 4717
1505 3705
1507 6626
1507 140
1509 5585
1509 6587
1511 7432
1511 6797
1513 7924
1513 3317
1515 623
1515 1082
1517 2531
1517 6854
1519 9676
1519 7936
1521 8800
1521 2718
1523 7632
1523 6728
1525 2998
1525 7072
1527 4861
1527 2338
1529 9293
1529 9090
1531 4362
1531 5361
1533 9139
1533 3773
1535 1070
1535 7732
1537 1616
1537 9996
1539 5204
1539 5157
1541 6784
1541 9846
1543 7475
1543 6926
1545 6358
1545 1673
1547 2816
1547 7479
1549 5901
1549 6626
1551 6115
1551 9363
1553 8593
1553 820
1555 4733
1555 8188
1557 3058
1557 5457
1559 7661
1559 8744
1561 4758
1561 2467
1563 3843
1563 923
1565 3316
1565 4801
1567 5283
1567 5496
1569 8988
1569 3366
1571 5780
1571 1449
1573 8027
1573 2700
1575 8243
1575 6212
1577 1815
1577 3749
1579 3249
1579 6219
1581 4837
1581 9366
1583 6112
1583 828
1585 221
1585 5977
1587 4832
1587 7040
1589 2429
1589 4808
1591 7228
1591 6183
1593 7362
1593 4369
1595 9958
1595 8798
1597 1315
1597 9380
1599 8579
1599 3524
1601 2274
1601 5012
1603 3690
1603 1105
1605 4717
1605 7920
1607 3952
1607 713
1609 8276
1609 3713
1611 8187
1611 3442
1613 2797
1613 1081
1615 6006
1615 2456
1617 4474
1617 109
1619 4359
1619 9804
1621 17
1621 6936
1623 8125
1623 9639
1625 6171
1625 559
1627 3556
1627 1041
1629 3857
1629 348
1631 9947
1631 3468
1633 8018
1633 1132
1635 8295
1635 40
1637 9415
1637 1246
1639 9792
1639 3708
1641 8340
1641 3960
1643 4741
1643 2675
1645 6381
1645 8954
1647 8304
1647 6588
1649 7025
1649 6078
1651 5444
1651 3340
1653 4174
1653 8223
1655 750
1655 4793
1657 9875
1657 4019
1659 5656
1659 7065
1661 8311
1661 5069
1663 460
1663 3981
1665 8302
1665 7766
1667 1785
1667 5928
1669 9332
1669 7427
1671 5898
1671 8597
1673 3896
1673 4756
1675 3754
1675 1548
1677 4200
1677 6367
1679 9066
1679 8084
1681 673
1681 2372
1683 174
1683 5084
1685 116
1685 424
1687 7126
1687 7985
1689 3278
1689 8478
1691 4633
1691 2080
1693 9404
1693 8172
1695 3281
1695 777
1697 8740
1697 2926
1699 5059
1699 2092
1701 721
1701 9762
1703 1854
1703 6399
1705 8552
1705 8478
1707 893
1707 3157
1709 3172
1709 7127
1711 1733
1711 8767
1713 1415
1713 7537
1715 1248
1715 2724
1717 2518
1717 2358
1719 6131
1719 5322
1721 2040
1721 1956
1723 245
1723 9270
1725 3470
1725 1082
1727 1735
1727 5654
1729 5984
1729 7232
1731 1312
1731 1868
1733 3071
1733 4156
1735 428
1735 8346
1737 6852
1737 7738
1739 2848
1739 1750
1741 1263
1741 2146
1743 2223
1743 6351
1745 2002
1745 4446
1747 6213
1747 9704
1749 5407
1749 7716
1751 1147
1751 2863
1753 2886
1753 2814
1755 5969
1755 8879
1757 7142
1757 1107
1759 9299
1759 1064
1761 7365
1761 7367
1763 3819
1763 520
1765 1006
1765 1633
1767 8902
1767 4658
1769 3674
1769 3302
1771 8828
1771 6125
1773 1847
1773 5618
1775 2761
1775 3525
1777 2441
1777 7836
1779 4614
1779 8265
1781 8779
1781 1490
1783 9443
1783 169
1785 1587
1785 7571
1787 2758
1787 9328
1789 6749
1789 12
1791 998
1791 4325
1793 3522
1793 8426
1795 1256
1795 8109
1797 3424
1797 7708
1799 8954
1799 3352
1801 2400
1801 5210
1803 6277
1803 6389
1805 2395
1805 6810
1807 8553
1807 8818
1809 7620
1809 7117
1811 7291
1811 7563
1813 5740
1813 5636
1815 8439
1815 6625
1817 9775
1817 1709
1819 751
1819 9821
1821 4692
1821 1936
1823 2355
1823 6528
1825 1160
1825 8971
1827 6834
1827 5515
1829 2336
1829 6212
1831 4551
1831 4675
1833 2901
1833 9745
1835 7055
1835 9307
1837 7510
1837 5401
1839 1703
1839 466
1841 2591
1841 2404
1843 373
1843 3404
1845 7151
1845 1374
1847 5630
1847 1259
1849 2634
1849 1262
1851 1351
1851 104
1853 8249
1853 974
1855 4649
1855 4181
1857 3584
1857 1860
1859 9210
1859 7914
1861 2998
1861 3223
1863 8337
1863 954
1865 4875
1865 860
1867 2902
1867 6581
1869 8243
1869 2891
1871 4123
1871 4427
1873 4656
1873 5126
1875 543
1875 8844
1877 9539
1877 3876
1879 7025
1879 4820
1881 4810
1881 3400
1883 5051
1883 396
1885 2830
1885 7146
1887 8547
1887 2427
1889 7583
1889 4293
1891 5702
1891 3058
1893 3298
1893 6954
1895 59
1895 2106
1897 1180
1897 6269
1899 8387
1899 294
1901 3907
1901 8917
1903 4027
1903 2378
1905 3456
1905 3380
1907 7736
1907 3164
1909 5134
1909 8806
1911 5535
1911 9665
1913 622
1913 6930
1915 7389
1915 2434
1917 4332
1917 7416
1919 7923
1919 1935
1921 4192
1921 9459
1923 6842
1923 5758
1925 8730
1925 2037
1927 551
1927 486
1929 1468
1929 1991
1931 2628
1931 9751
1933 788
1933 2325
1935 8250
1935 357
1937 6764
1937 4201
1939 7032
1939 2544
1941 6469
1941 1858
1943 2102
1943 4732
1945 2899
1945 1420
1947 2833
1947 6181
1949 6350
1949 1624
1951 8213
1951 4773
1953 6985
1953 2983
1955 5200
1955 5672
1957 7514
1957 5828
1959 9715
1959 8503
1961 8039
1961 5018
1963 3342
1963 682
1965 1924
1965 6877
1967 818
1967 4964
1969 7633
1969 9372
1971 2342
1971 630
1973 6976
1973 5260
1975 2951
1975 8420
1977 2609
1977 4556
1979 813
1979 6538
1981 9730
1981 9067
1983 2262
1983 7074
1985 5852
1985 8007
1987 314
1987 8772
1989 6672
1989 9715
1991 2362
1991 8057
1993 8288
1993 9426
1995 6294
1995 3074
1997 1596
1997 277
1999 6746
1999 8001
2001 9294
2001 3131
2003 8030
2003 2442
2005 7759
2005 7233
2007 6140
2007 8137
2009 5129
2009 6903
2011 4322
2011 9110
2013 1378
2013 3610
2015 2076
2015 9709
2017 9876
2017 8795
2019 1674
2019 5717
2021 4793
2021 1434
2023 3595
2023 2168
2025 7128
2025 5062
2027 8247
2027 5464
2029 6352
2029 387
2031 7177
2031 4167
2033 4920
2033 649
2035 5622
2035 147
2037 4693
2037 8979
2039 3136
2039 1193
2041 1297
2041 7800
2043 19
2043 34
2045 8073
2045 3336
2047 6231
2047 235
2049 1320
2049 4486
2051 9447
2051 8228
2053 5301
2053 3103
2055 9601
2055 5149
2057 2728
2057 932
2059 7174
2059 771
2061 3436
2061 4401
2063 896
2063 2623
2065 3863
2065 3356
2067 3284
2067 1388
2069 9720
2069 1768
2071 723
2071 6098
2073 9828
2073 9318
2075 6374
2075 2243
2077 3209
2077 8909
2079 5292
2079 3104
2081 1312
2081 3461
2083 1558
2083 8209
2085 3068
2085 6387
2087 1462
2087 2144
2089 5781
2089 7553
2091 9563
2091 2393
2093 4082
2093 7764
2095 8494
2095 6766
2097 2919
2097 2348
2099 9911
2099 4987
2101 1706
2101 518
2103 111
2103 5629
2105 3295
2105 8804
2107 4080
2107 9376
2109 6963
2109 7464
2111 5320
2111 2779
2113 4410
2113 1294
2115 7372
2115 3489
2117 3092
2117 5118
2119 9164
2119 2611
2121 8929
2121 36
2123 9525
2123 8124
2125 6248
2125 2974
2127 116
2127 8514
2129 364
2129 833
2131 3161
2131 613
2133 6209
2133 66
2135 835
2135 9131
2137 1345
2137 7588
2139 23
2139 567
2141 8007
2141 2056
2143 457
2143 369
2145 7847
2145 8589
2147 7350
2147 1694
2149 2408
2149 6814
2151 2752
2151 4431
2153 9931
2153 2793
2155 3006
2155 6649
2157 6376
2157 7050
2159 816
2159 9827
2161 4575
2161 287
2163 3001
2163 9044
2165 695
2165 8815
2167 9569
2167 8359
2169 7541
2169 8524
2171 4986
2171 1521
2173 9059
2173 3921
2175 5008
2175 4163
2177 4934
2177 2324
2179 1888
2179 1600
2181 6687
2181 6070
2183 51
2183 3494
2185 8571
2185 7272
2187 4423
2187 2309
2189 3032
2189 6059
2191 4541
2191 6462
2193 9182
2193 5224
2195 2139
2195 6624
2197 9111
2197 4043
2199 5116
2199 944
2201 3173
2201 4941
2203 1973
2203 8560
2205 2816
2205 2481
2207 1817
2207 2435
2209 2596
2209 9206
2211 2840
2211 5935
2213 4800
2213 1403
2215 2910
2215 9133
2217 606
2217 9819
2219 7190
2219 1772
2221 4721
2221 5337
2223 6062
2223 2117
2225 8179
2225 9956
2227 3814
2227 3953
2229 5293
2229 8207
2231 3097
2231 6153
2233 7795
2233 2460
2235 586
2235 9929
2237 9904
2237 6838
2239 2292
2239 1672
2241 9805
2241 6935
2243 3784
2243 6545
2245 1894
2245 2947
2247 6201
2247 2669
2249 7325
2249 4789
2251 1716
2251 3469
2253 5011
2253 6657
2255 2802
2255 5595
2257 8012
2257 6454
2259 9842
2259 9560
2261 5537
2261 9687
2263 7256
2263 1655
2265 9500
2265 3087
2267 5204
2267 997
2269 9805
2269 1479
2271 5251
2271 6137
2273 1698
2273 6105
2275 5975
2275 8580
2277 1790
2277 2848
2279 5470
2279 1133
2281 2987
2281 7958
2283 7694
2283 7851
2285 6576
2285 2018
2287 6425
2287 2243
2289 2464
2289 9732
2291 8678
2291 4723
2293 9258
2293 3593
2295 3127
2295 3726
2297 7936
2297 8911
2299 495
2299 4527
2301 9493
2301 9364
2303 8425
2303 6799
2305 3089
2305 6316
2307 1460
2307 546
2309 8434
2309 4642
2311 8086
2311 2182
2313 2981
2313 1363
2315 6844
2315 4487
2317 4488
2317 8729
2319 5708
2319 8735
2321 4310
2321 7704
2323 4405
2323 8133
2325 6098
2325 8875
2327 5946
2327 6815
2329 1112
2329 8932
2331 4638
2331 7024
2333 2713
2333 9797
2335 5708
2335 4843
2337 8906
2337 3319
2339 1177
2339 506
2341 7338
2341 6308
2343 4743
2343 1387
2345 8034
2345 5015
2347 3032
2347 3204
2349 4283
2349 4754
2351 3297
2351 957
2353 343
2353 6208
2355 4365
2355 3641
2357 7876
2357 3894
2359 7936
2359 921
2361 345
2361 6914
2363 8221
2363 5041
2365 7228
2365 9381
2367 1609
2367 8111
2369 5570
2369 1295
2371 7363
2371 4145
2373 7832
2373 2535
2375 4078
2375 6539
2377 4618
2377 7909
2379 8369
2379 9245
2381 6229
2381 1844
2383 4980
2383 756
2385 9496
2385 4517
2387 1911
2387 2460
2389 4711
2389 5488
2391 5468
2391 1906
2393 5968
2393 520
2395 1967
2395 9267
2397 1666
2397 5555
2399 3597
2399 3073
2401 8785
2401 5882
2403 9363
2403 3789
2405 9861
2405 1492
2407 9318
2407 5756
2409 1757
2409 4525
2411 8535
2411 3387
2413 2250
2413 3248
2415 3305
2415 6053
2417 7794
2417 2672
2419 7229
2419 8112
2421 5502
2421 3167
2423 2485
2423 9785
2425 2451
2425 5711
2427 3660
2427 6627
2429 1878
2429 4653
2431 9642
2431 177
2433 7822
2433 6789
2435 7069
2435 3894
2437 4565
2437 3848
2439 988
2439 6046
2441 9656
2441 4897
2443 4170
2443 7694
2445 6187
2445 8544
2447 8326
2447 9334
2449 5968
2449 1079
2451 4534
2451 6274
2453 3607
2453 8739
2455 1906
2455 1347
2457 5910
2457 3382
2459 3020
2459 708
2461 5975
2461 9331
2463 7454
2463 4484
2465 1470
2465 1728
2467 4902
2467 3860
2469 4332
2469 9217
2471 5029
2471 9553
2473 875
2473 4147
2475 7638
2475 107
2477 5945
2477 5858
2479 308
2479 2129
2481 1198
2481 5799
2483 8388
2483 4081
2485 2916
2485 2101
2487 9132
2487 8711
2489 9960
2489 898
2491 3818
2491 2351
2493 2645
2493 8495
2495 2246
2495 529
2497 1827
2497 8412
2499 6796
2499 6058
2501 7028
2501 3150
2503 7877
2503 2395
2505 5584
2505 7421
2507 4852
2507 1422
2509 8159
2509 9336
2511 5659
2511 3539
2513 2216
2513 2437
2515 2096
2515 2503
2517 3875
2517 7397
2519 1512
2519 606
2521 6032
2521 585
2523 8107
2523 4047
2525 7436
2525 5206
2527 7095
2527 880
2529 3350
2529 5493
2531 1279
2531 5223
2533 4902
2533 5517
2535 2981
2535 2818
2537 2257
2537 8199
2539 6692
2539 8340
2541 501
2541 3430
2543 9715
2543 2311
2545 9766
2545 1579
2547 6045
2547 6246
2549 5696
2549 5466
2551 104
2551 9699
2553 9962
2553 5573
2555 4007
2555 7251
2557 5532
2557 1366
2559 6709
2559 2218
2561 9581
2561 1974
2563 2738
2563 6082
2565 3962
2565 2408
2567 1350
2567 3690
2569 2140
2569 8366
2571 544
2571 6858
2573 9864
2573 3393
2575 1407
2575 6280
2577 2379
2577 2745
2579 846
2579 1834
2581 9675
2581 5131
2583 7029
2583 6124
2585 2906
2585 3772
2587 1305
2587 5095
2589 216
2589 9300
2591 6356
2591 3107
2593 7325
2593 8854
2595 2008
2595 4986
2597 7956
2597 8769
2599 7518
2599 1811
2601 2332
2601 3957
2603 1972
2603 1531
2605 5871
2605 9993
2607 4813
2607 8125
2609 2690
2609 6766
2611 5838
2611 5491
2613 5650
2613 3908
2615 7778
2615 3226
2617 546
2617 9748
2619 6571
2619 9222
2621 1267
2621 5146
2623 5491
2623 6651
2625 4806
2625 3985
2627 3553
2627 593
2629 7492
2629 8582
2631 2901
2631 378
2633 4493
2633 9910
2635 7763
2635 4368
2637 2017
2637 4492
2639 287
2639 7815
2641 256
2641 5737
2643 5685
2643 8375
2645 213
2645 8765
2647 9574
2647 683
2649 905
2649 1434
2651 9255
2651 4212
2653 6194
2653 6373
2655 9598
2655 684
2657 9844
2657 2749
2659 3144
2659 5471
2661 3250
2661 744
2663 3650
2663 3489
2665 7489
2665 9179
2667 2062
2667 1547
2669 4826
2669 5249
2671 6836
2671 3678
2673 4043
2673 6471
2675 9373
2675 6093
2677 8025
2677 2030
2679 8172
2679 3921
2681 2128
2681 1880
2683 5601
2683 9681
2685 5172
2685 4433
2687 2393
2687 7092
2689 5961
2689 4817
2691 8453
2691 2393
2693 4670
2693 9053
2695 8415
2695 6596
2697 8617
2697 8268
2699 9688
2699 1607
2701 3509
2701 5670
2703 2552
2703 1730
2705 3983
2705 783
2707 6952
2707 5547
2709 3043
2709 7911
2711 1761
2711 6935
2713 3479
2713 1580
2715 8250
2715 4515
2717 790
2717 1419
2719 9345
2719 4939
2721 8365
2721 4904
2723 3940
2723 982
2725 9642
2725 2976
2727 4894
2727 338
2729 3417
2729 355
2731 3455
2731 9350
2733 4253
2733 4289
2735 2271
2735 3830
2737 9622
2737 661
2739 4521
2739 6388
2741 2188
2741 5461
2743 194
2743 3432
2745 8888
2745 3899
2747 2936
2747 1974
2749 9020
2749 9018
2751 1349
2751 4807
2753 6909
2753 9935
2755 3977
2755 9784
2757 6876
2757 2120
2759 2974
2759 1917
2761 2942
2761 4035
2763 3246
2763 8988
2765 6277
2765 7401
2767 1512
2767 7086
2769 7870
2769 1232
2771 8231
2771 91
2773 2788
2773 1546
2775 6967
2775 610
2777 2550
2777 5052
2779 9004
2779 3576
2781 147
2781 9523
2783 5577
2783 9283
2785 9960
2785 16
2787 1051
2787 1997
2789 8203
2789 4525
2791 6580
2791 3287
2793 5366
2793 3050
2795 920
2795 2242
2797 5920
2797 5833
2799 9941
2799 897
2801 411
2801 1280
2803 6834
2803 3817
2805 5789
2805 2780
2807 9543
2807 1925
2809 8920
2809 7240
2811 8647
2811 5066
2813 8794
2813 9073
2815 7826
2815 8935
2817 6154
2817 2769
2819 2036
2819 1771
2821 8173
2821 4722
2823 3888
2823 9058
2825 1361
2825 8207
2827 5034
2827 1280
2829 8499
2829 6681
2831 2846
2831 9776
2833 5714
2833 4374
2835 6989
2835 6271
2837 4223
2837 1495
2839 5935
2839 1404
2841 8286
2841 8533
2843 830
2843 2859
2845 6457
2845 7415
2847 9443
2847 2713
2849 7666
2849 2260
2851 955
2851 7023
2853 6675
2853 8853
2855 5857
2855 1690
2857 7263
2857 876
2859 2929
2859 141
2861 1887
2861 5906
2863 4987
2863 3917
2865 2636
2865 3543
2867 5521
2867 2631
2869 5404
2869 4856
2871 776
2871 6238
2873 7268
2873 5831
2875 4534
2875 5066
2877 4865
2877 845
2879 8093
2879 6906
2881 4389
2881 5409
2883 3113
2883 3868
2885 4556
2885 6411
2887 6878
2887 4313
2889 4125
2889 3539
2891 6899
2891 523
2893 1460
2893 2647
2895 2281
2895 9745
2897 5614
2897 5253
2899 5331
2899 2731
2901 5735
2901 7720
2903 6459
2903 8603
2905 8637
2905 4303
2907 2723
2907 4333
2909 5835
2909 3484
2911 2877
2911 2755
2913 5065
2913 7578
2915 3407
2915 101
2917 2762
2917 4274
2919 8458
2919 3774
2921 6259
2921 8100
2923 9220
2923 8360
2925 6137
2925 7716
2927 8683
2927 7021
2929 4253
2929 4769
2931 765
2931 5865
2933 9294
2933 993
2935 2906
2935 2716
2937 8565
2937 5331
2939 6947
2939 7415
2941 2967
2941 6273
2943 1765
2943 6230
2945 5172
2945 3426
2947 1818
2947 4418
2949 4349
2949 7945
2951 4811
2951 8851
2953 4548
2953 6962
2955 4280
2955 1289
2957 4272
2957 2334
2959 9401
2959 8745
2961 6389
2961 6631
2963 5760
2963 5151
2965 9387
2965 2647
2967 980
2967 2144
2969 6441
2969 4180
2971 387
2971 3905
2973 7538
2973 2532
2975 5924
2975 1113
2977 9449
2977 2609
2979 3292
2979 679
2981 9826
2981 2867
2983 1822
2983 9250
2985 4983
2985 1757
2987 5521
2987 7723
2989 5710
2989 8143
2991 9404
2991 5265
2993 2431
2993 1853
2995 2059
2995 7415
2997 9657
2997 5654
2999 8139
2999 6168
3001 8621
3001 4549
3003 7330
3003 9705
3005 6945
3005 557
3007 9081
3007 2853
3009 1993
3009 190
3011 7714
3011 4277
3013 2656
3013 8354
3015 5520
3015 9771
3017 1822
3017 9776
3019 4219
3019 1166
3021 4352
3021 7862
3023 2959
3023 8931
3025 1591
3025 4239
3027 8020
3027 5994
3029 4273
3029 259
3031 6077
3031 647
3033 1711
3033 5245
3035 5756
3035 8417
3037 1493
3037 8251
3039 6105
3039 244
3041 9597
3041 8640
3043 1703
3043 872
3045 3704
3045 409
3047 4898
3047 5452
3049 1160
3049 4354
3051 6844
3051 8421
3053 8466
3053 2434
3055 2761
3055 7454
3057 6579
3057 8848
3059 8907
3059 2857
3061 3753
3061 6630
3063 1268
3063 1328
3065 2979
3065 3876
3067 5707
3067 3373
3069 2876
3069 5802
3071 2935
3071 5008
3073 3847
3073 8728
3075 1340
3075 1510
3077 5391
3077 515
3079 4624
3079 8676
3081 315
3081 8752
3083 7219
3083 8867
3085 5283
3085 1235
3087 6652
3087 8046
3089 8773
3089 7175
3091 3697
3091 5659
3093 6157
3093 1662
3095 9505
3095 9108
3097 4082
3097 8818
3099 6145
3099 7743
3101 5664
3101 6186
3103 538
3103 4944
3105 3678
3105 3925
3107 1135
3107 9676
3109 3251
3109 8713
3111 1014
3111 3438
3113 8375
3113 9518
3115 1664
3115 6665
3117 9804
3117 6694
3119 4330
3119 1467
3121 424
3121 2810
3123 5483
3123 4976
3125 5878
3125 7767
3127 2706
3127 14
3129 6134
3129 7499
3131 6730
3131 8823
3133 6069
3133 9248
3135 3600
3135 9397
3137 5279
3137 9210
3139 7519
3139 5049
3141 8752
3141 1643
3143 808
3143 8814
3145 2257
3145 8387
3147 9867
3147 6741
3149 6296
3149 869
3151 6148
3151 407
3153 9870
3153 4208
3155 6768
3155 4315
3157 5214
3157 2143
3159 5236
3159 9445
3161 8572
3161 989
3163 8904
3163 3984
3165 3171
3165 5701
3167 7992
3167 7978
3169 9093
3169 5205
3171 8210
3171 3729
3173 1319
3173 5630
3175 5460
3175 4595
3177 3184
3177 4506
3179 2170
3179 2448
3181 1814
3181 9761
3183 6763
3183 3230
3185 6860
3185 3391
3187 453
3187 4416
3189 1221
3189 8864
3191 8238
3191 8502
3193 3900
3193 5136
3195 2433
3195 8447
3197 6219
3197 7713
3199 6966
3199 4545
3201 6655
3201 4821
3203 3982
3203 570
3205 9539
3205 6413
3207 3932
3207 7456
3209 1357
3209 4877
3211 500
3211 7402
3213 2994
3213 502
3215 1594
3215 4063
3217 349
3217 7878
3219 6539
3219 8755
3221 3099
3221 2256
3223 8515
3223 227
3225 2333
3225 7908
3227 5756
3227 9583
3229 6766
3229 4268
3231 6182
3231 1265
3233 9640
3233 8383
3235 2346
3235 423
3237 8208
3237 2196
3239 8490
3239 2031
3241 5170
3241 8034
3243 9132
3243 1930
3245 5435
3245 7716
3247 8231
3247 1616
3249 8011
3249 5854
3251 8272
3251 583
3253 963
3253 3965
3255 9403
3255 5700
3257 4624
3257 9149
3259 9413
3259 467
3261 4946
3261 3371
3263 9641
3263 1300
3265 5240
3265 5620
3267 1065
3267 2681
3269 6642
3269 5104
3271 745
3271 9035
3273 611
3273 959
3275 2132
3275 4619
3277 167
3277 9198
3279 4769
3279 3320
3281 432
3281 9705
3283 3864
3283 137
3285 8616
3285 5934
3287 1124
3287 784
3289 4605
3289 5361
3291 111
3291 3391
3293 8855
3293 3931
3295 8628
3295 709
3297 2637
3297 6471
3299 3213
3299 8617
3301 5815
3301 5035
3303 8132
3303 4049
3305 5972
3305 4879
3307 8464
3307 6395
3309 6266
3309 1531
3311 8571
3311 9198
3313 7185
3313 3932
3315 2912
3315 9442
3317 1448
3317 5263
3319 3920
3319 8304
3321 5268
3321 3832
3323 1073
3323 4297
3325 9071
3325 9542
3327 4588
3327 4639
3329 6325
3329 6087
3331 5901
3331 4781
3333 7474
3333 126
3335 8565
3335 570
3337 9133
3337 442
3339 2211
3339 2103
3341 9006
3341 5791
3343 5934
3343 9703
3345 7521
3345 7474
3347 5432
3347 1154
3349 228
3349 8557
3351 2901
3351 8487
3353 4842
3353 8138
3355 1398
3355 1078
3357 9363
3357 1242
3359 9127
3359 7001
3361 4218
3361 8172
3363 558
3363 8032
3365 4510
3365 665
3367 6436
3367 2768
3369 6595
3369 1947
3371 705
3371 7662
3373 133
3373 5966
3375 7395
3375 9364
3377 8681
3377 8806
3379 1525
3379 7949
3381 9480
3381 2056
3383 7282
3383 9977
3385 6291
3385 5179
3387 5478
3387 1273
3389 8474
3389 3626
3391 6035
3391 7814
3393 3378
3393 4215
3395 4292
3395 2577
3397 484
3397 3335
3399 8992
3399 2739
3401 2221
3401 769
3403 6146
3403 214
3405 4867
3405 3783
3407 4118
3407 5280
3409 9882
3409 1683
3411 7866
3411 9582
3413 342
3413 5808
3415 2284
3415 1822
3417 4873
3417 1816
3419 6202
3419 17
3421 4924
3421 7691
3423 960
3423 1553
3425 6368
3425 7217
3427 8285
3427 6244
3429 1347
3429 5334
3431 6820
3431 1679
3433 902
3433 2671
3435 4176
3435 1075
3437 4593
3437 9955
3439 2286
3439 8112
3441 1994
3441 1201
3443 6044
3443 2799
3445 3986
3445 112
3447 6908
3447 4394
3449 5677
3449 891
3451 7302
3451 1604
3453 126
3453 7478
3455 9090
3455 8974
3457 7146
3457 294
3459 5316
3459 3435
3461 7523
3461 8172
3463 8368
3463 7317
3465 3946
3465 9573
3467 2388
3467 3248
3469 3412
3469 9105
3471 8608
3471 2924
3473 467
3473 8452
3475 9914
3475 3229
3477 3155
3477 4512
3479 8026
3479 7220
3481 7365
3481 8690
3483 6603
3483 9363
3485 8048
3485 4895
3487 3494
3487 6932
3489 9218
3489 3124
3491 8520
3491 4456
3493 5726
3493 7869
3495 1146
3495 8026
3497 8246
3497 6436
3499 4787
3499 8528
3501 4932
3501 8472
3503 9578
3503 4290
3505 9486
3505 7705
3507 352
3507 2064
3509 5855
3509 7218
3511 3377
3511 5544
3513 7385
3513 2448
3515 5644
3515 6528
3517 2409
3517 5208
3519 237
3519 4381
3521 2791
3521 2539
3523 3745
3523 6717
3525 1668
3525 1314
3527 6118
3527 2711
3529 2963
3529 2647
3531 9536
3531 3849
3533 9521
3533 4978
3535 4435
3535 9443
3537 6452
3537 1285
3539 1088
3539 3917
3541 8264
3541 6540
3543 8871
3543 6610
3545 8209
3545 9390
3547 9003
3547 9220
3549 5261
3549 6831
3551 8573
3551 3912
3553 5105
3553 7833
3555 2696
3555 7217
3557 5826
3557 1183
3559 112
3559 7189
3561 3031
3561 6003
3563 6069
3563 6434
3565 2041
3565 731
3567 6662
3567 4270
3569 8121
3569 9955
3571 4663
3571 5747
3573 1857
3573 1212
3575 6767
3575 5935
3577 6885
3577 4545
3579 630
3579 5015
3581 6989
3581 5993
3583 5769
3583 941
3585 3249
3585 1384
3587 6394
3587 8137
3589 6295
3589 2773
3591 4972
3591 5356
3593 7054
3593 9415
3595 8804
3595 1638
3597 5998
3597 3469
3599 5158
3599 8049
3601 6081
3601 992
3603 9377
3603 8344
3605 80
3605 211
3607 4164
3607 138
3609 1446
3609 5027
3611 3987
3611 7746
3613 1140
3613 9875
3615 298
3615 9927
3617 6844
3617 2780
3619 3634
3619 5486
3621 3005
3621 8703
3623 4942
3623 2528
3625 8864
3625 4342
3627 2421
3627 2842
3629 5180
3629 97
3631 6691
3631 8214
3633 2850
3633 4139
3635 6388
3635 2074
3637 6216
3637 3586
3639 2459
3639 1657
3641 116
3641 5461
3643 2340
3643 1195
3645 8571
3645 9981
3647 5406
3647 8503
3649 1406
3649 9444
3651 748
3651 6079
3653 9929
3653 3137
3655 9731
3655 9632
3657 5334
3657 1430
3659 530
3659 4371
3661 7007
3661 9037
3663 1154
3663 7730
3665 6639
3665 7907
3667 1920
3667 7127
3669 6878
3669 8681
3671 1931
3671 7370
3673 4484
3673 6535
3675 495
3675 9138
3677 7100
3677 6444
3679 4389
3679 1724
3681 4033
3681 4274
3683 3083
3683 1869
3685 871
3685 3397
3687 2178
3687 291
3689 4017
3689 2083
3691 9831
3691 5791
3693 3244
3693 7872
3695 1649
3695 289
3697 6828
3697 6069
3699 1272
3699 3540
3701 1133
3701 1288
3703 2564
3703 6805
3705 5971
3705 1793
3707 544
3707 8050
3709 7115
3709 4084
3711 1666
3711 9256
3713 8340
3713 3567
3715 8720
3715 4684
3717 7246
3717 2328
3719 4821
3719 8792
3721 128
3721 2693
3723 6064
3723 1700
3725 1775
3725 6254
3727 8463
3727 2469
3729 4195
3729 5608
3731 3962
3731 3505
3733 720
3733 2568
3735 6704
3735 7766
3737 3857
3737 658
3739 7427
3739 5117
3741 1835
3741 3945
3743 7860
3743 1844
3745 766
3745 7381
3747 3953
3747 8379
3749 7301
3749 7546
3751 8353
3751 5074
3753 3298
3753 1348
3755 8260
3755 4654
3757 9563
3757 9972
3759 4802
3759 1989
3761 1194
3761 3484
3763 5568
3763 9647
3765 788
3765 2410
3767 8400
3767 7871
3769 947
3769 429
3771 1318
3771 1113
3773 2948
3773 2762
3775 6844
3775 9132
3777 1287
3777 6928
3779 109
3779 8826
3781 4424
3781 5597
3783 1879
3783 2965
3785 1763
3785 963
3787 3034
3787 4016
3789 6185
3789 7923
3791 2889
3791 3289
3793 685
3793 508
3795 2827
3795 4762
3797 5488
3797 6969
3799 110
3799 2000
3801 3995
3801 312
3803 4323
3803 7330
3805 4187
3805 2259
3807 2529
3807 9854
3809 4926
3809 2426
3811 914
3811 8097
3813 1379
3813 9743
3815 5820
3815 9080
3817 6542
3817 7280
3819 7115
3819 5355
3821 6415
3821 5019
3823 4024
3823 4315
3825 2574
3825 6500
3827 5878
3827 4951
3829 7419
3829 7813
3831 4641
3831 1676
3833 8350
3833 3629
3835 7541
3835 2867
3837 867
3837 3688
3839 2758
3839 6917
3841 6699
3841 6631
3843 2133
3843 4274
3845 8258
3845 5035
3847 5843
3847 9664
3849 6674
3849 7104
3851 3422
3851 4980
3853 9434
3853 381
3855 745
3855 9714
3857 2783
3857 3576
3859 204
3859 4211
3861 3425
3861 6638
3863 1656
3863 5713
3865 9127
3865 1360
3867 5067
3867 7751
3869 9929
3869 4849
3871 4835
3871 4042
3873 4331
3873 3354
3875 3046
3875 8534
3877 3803
3877 1158
3879 812
3879 2301
3881 1562
3881 7631
3883 8812
3883 397
3885 4415
3885 9081
3887 1349
3887 5408
3889 4663
3889 1512
3891 4847
3891 1923
3893 7644
3893 6698
3895 3262
3895 7434
3897 5026
3897 4007
3899 8979
3899 5351
3901 1350
3901 431
3903 4969
3903 9362
3905 9218
3905 6668
3907 8920
3907 7770
3909 9122
3909 5837
3911 3520
3911 7211
3913 3683
3913 7980
3915 1395
3915 1845
3917 9060
3917 3161
3919 2587
3919 5506
3921 9735
3921 4090
3923 5952
3923 6925
3925 7444
3925 9450
3927 157
3927 4572
3929 2670
3929 8927
3931 6252
3931 967
3933 8502
3933 9555
3935 4677
3935 3947
3937 592
3937 9627
3939 7749
3939 4415
3941 9760
3941 6612
3943 434
3943 7935
3945 8352
3945 2552
3947 3760
3947 3780
3949 1077
3949 1377
3951 3087
3951 1246
3953 4644
3953 2043
3955 6384
3955 2795
3957 6555
3957 5743
3959 1560
3959 7234
3961 7878
3961 9617
3963 8236
3963 6403
3965 6462
3965 6528
3967 7725
3967 1784
3969 5707
3969 5212
3971 6259
3971 5991
3973 2616
3973 1955
3975 7545
3975 2995
3977 8164
3977 1573
3979 5154
3979 9451
3981 9467
3981 8702
3983 8875
3983 5151
3985 2038
3985 2617
3987 7818
3987 7861
3989 4177
3989 3811
3991 8753
3991 9534
3993 4243
3993 9195
3995 7785
3995 8145
3997 4163
3997 5239
3999 3857
3999 244
4001 3491
4001 5909
4003 7840
4003 9440
4005 2944
4005 7797
4007 6279
4007 9224
4009 5650
4009 2227
4011 4578
4011 3491
4013 879
4013 1345
4015 3258
4015 1189
4017 9972
4017 6568
4019 8712
4019 5410
4021 5303
4021 7900
4023 619
4023 1301
4025 3399
4025 1456
4027 173
4027 1243
4029 9663
4029 6965
4031 1215
4031 4330
4033 3287
4033 3406
4035 4543
4035 6361
4037 1729
4037 386
4039 8903
4039 8847
4041 601
4041 9292
4043 8552
4043 7558
4045 5636
4045 9440
4047 8230
4047 7841
4049 1783
4049 4900
4051 2568
4051 2742
4053 1260
4053 9909
4055 6563
4055 6703
4057 398
4057 4023
4059 108
4059 9278
4061 3686
4061 1844
4063 3313
4063 3050
4065 2044
4065 4316
4067 6326
4067 7449
4069 7845
4069 2517
4071 8398
4071 4732
4073 1511
4073 3558
4075 3571
4075 2468
4077 4076
4077 7715
4079 7146
4079 5397
4081 866
4081 2080
4083 8932
4083 2540
4085 2155
4085 1311
4087 3880
4087 4784
4089 5049
4089 1848
4091 9899
4091 9544
4093 1550
4093 2134
4095 1946
4095 1376
4097 7795
4097 2977
4099 9121
4099 321
4101 836
4101 6002
4103 1864
4103 3439
4105 8415
4105 1982
4107 1482
4107 2794
4109 8922
4109 2544
4111 5482
4111 2704
4113 1830
4113 9360
4115 6022
4115 2360
4117 309
4117 2574
4119 1803
4119 8671
4121 6510
4121 2697
4123 1124
4123 7128
4125 8022
4125 8401
4127 6786
4127 7318
4129 5984
4129 7001
4131 9030
4131 792
4133 7201
4133 5431
4135 8259
4135 935
4137 8863
4137 8264
4139 8712
4139 7206
4141 1887
4141 5805
4143 4214
4143 8478
4145 8522
4145 9101
4147 9166
4147 8055
4149 9337
4149 1848
4151 7628
4151 9849
4153 9958
4153 5886
4155 6351
4155 4297
4157 8055
4157 420
4159 1498
4159 4370
4161 2573
4161 4986
4163 2493
4163 9436
4165 2416
4165 1724
4167 3427
4167 5069
4169 7575
4169 9339
4171 7454
4171 5698
4173 9177
4173 5849
4175 6645
4175 2871
4177 8414
4177 733
4179 8314
4179 9716
4181 2710
4181 944
4183 7641
4183 8216
4185 8761
4185 3686
4187 5316
4187 1250
4189 879
4189 6669
4191 9393
4191 7057
4193 8419
4193 6415
4195 8710
4195 4570
4197 1765
4197 7807
4199 9146
4199 5649
4201 6751
4201 3344
4203 7675
4203 4896
4205 7182
4205 5983
4207 1877
4207 8998
4209 3429
4209 1235
4211 8891
4211 4689
4213 947
4213 3258
4215 2218
4215 2525
4217 7887
4217 4519
4219 6309
4219 8963
4221 7700
4221 7998
4223 9884
4223 3817
4225 3872
4225 8136
4227 4033
4227 5764
4229 8642
4229 1233
4231 4922
4231 5549
4233 2747
4233 2880
4235 9154
4235 5213
4237 367
4237 7153
4239 5062
4239 6834
4241 3512
4241 5231
4243 5386
4243 3229
4245 7811
4245 9874
4247 9157
4247 5023
4249 8924
4249 6801
4251 866
4251 2931
4253 9741
4253 2804
4255 2411
4255 1652
4257 4233
4257 6823
4259 7246
4259 7113
4261 9129
4261 9879
4263 9680
4263 7371
4265 2019
4265 7331
4267 3980
4267 6380
4269 992
4269 8838
4271 7246
4271 4962
4273 7581
4273 490
4275 2734
4275 2326
4277 3280
4277 3023
4279 4913
4279 7975
4281 3933
4281 8630
4283 1424
4283 8144
4285 5269
4285 2125
4287 8878
4287 9665
4289 2901
4289 9056
4291 4522
4291 5123
4293 5185
4293 7236
4295 534
4295 1388
4297 6393
4297 9212
4299 1334
4299 3811
4301 4621
4301 7723
4303 4222
4303 6320
4305 3101
4305 2724
4307 4102
4307 1925
4309 7932
4309 6766
4311 7265
4311 4146
4313 6426
4313 5262
4315 4556
4315 5641
4317 7009
4317 415
4319 1549
4319 6158
4321 8738
4321 371
4323 1136
4323 5499
4325 5377
4325 4396
4327 8090
4327 6766
4329 8367
4329 6952
4331 8686
4331 411
4333 2096
4333 9997
4335 5897
4335 8311
4337 9433
4337 4324
4339 8073
4339 1662
4341 5015
4341 4242
4343 1270
4343 6569
4345 862
4345 9184
4347 374
4347 2048
4349 9562
4349 7320
4351 5885
4351 1305
4353 7176
4353 2735
4355 7393
4355 5599
4357 8447
4357 3564
4359 8536
4359 2865
4361 1674
4361 1436
4363 5472
4363 1694
4365 2936
4365 2167
4367 4188
4367 7377
4369 6114
4369 9186
4371 5518
4371 3132
4373 8826
4373 1216
4375 5255
4375 792
4377 6877
4377 9810
4379 9427
4379 1847
4381 2062
4381 9264
4383 9447
4383 3964
4385 96
4385 8844
4387 9834
4387 7303
4389 8763
4389 5629
4391 3992
4391 2943
4393 8460
4393 3827
4395 4409
4395 5556
4397 2957
4397 4582
4399 1936
4399 7616
4401 9855
4401 906
4403 5605
4403 3697
4405 9975
4405 3553
4407 3367
4407 9729
4409 7592
4409 1704
4411 3332
4411 107
4413 7737
4413 3424
4415 3851
4415 1983
4417 2926
4417 5658
4419 3963
4419 5229
4421 6278
4421 3873
4423 4716
4423 3662
4425 8745
4425 5982
4427 972
4427 2833
4429 1943
4429 1742
4431 7971
4431 8486
4433 8351
4433 9605
4435 8283
4435 3985
4437 1091
4437 2107
4439 1114
4439 5554
4441 3990
4441 7888
4443 1212
4443 5366
4445 154
4445 983
4447 5896
4447 1407
4449 5538
4449 754
4451 314
4451 8303
4453 8483
4453 5408
4455 5856
4455 348
4457 7931
4457 4204
4459 378
4459 2515
4461 758
4461 8866
4463 989
4463 3991
4465 6307
4465 5964
4467 1727
4467 9331
4469 5562
4469 9745
4471 748
4471 5219
4473 7384
4473 7585
4475 729
4475 7275
4477 7945
4477 594
4479 4245
4479 7780
4481 4896
4481 9807
4483 1996
4483 3214
4485 7039
4485 7236
4487 2565
4487 7869
4489 2139
4489 4607
4491 9208
4491 4545
4493 8484
4493 7175
4495 1253
4495 9698
4497 469
4497 3810
4499 5766
4499 7278
4501 4550
4501 6947
4503 342
4503 3597
4505 1629
4505 3818
4507 9475
4507 3892
4509 7197
4509 5231
4511 994
4511 584
4513 7734
4513 5599
4515 9928
4515 3829
4517 2202
4517 8412
4519 5778
4519 2828
4521 8707
4521 6630
4523 8132
4523 5098
4525 9790
4525 9101
4527 2537
4527 2952
4529 5114
4529 2068
4531 3018
4531 1974
4533 5269
4533 7897
4535 7894
4535 8144
4537 3887
4537 9566
4539 9850
4539 5122
4541 4258
4541 8087
4543 1086
4543 3371
4545 3522
4545 1025
4547 7425
4547 4002
4549 3402
4549 4198
4551 927
4551 2707
4553 9514
4553 3564
4555 8858
4555 6077
4557 842
4557 1444
4559 5316
4559 5532
4561 938
4561 8790
4563 1715
4563 4732
4565 9469
4565 6210
4567 5936
4567 5821
4569 9137
4569 9348
4571 8631
4571 1431
4573 6337
4573 5903
4575 7556
4575 2764
4577 5688
4577 7875
4579 7577
4579 6872
4581 834
4581 4781
4583 1496
4583 6112
4585 8611
4585 3398
4587 5756
4587 5201
4589 2044
4589 4127
4591 1217
4591 5362
4593 6486
4593 4897
4595 873
4595 5819
4597 663
4597 9811
4599 8700
4599 1923
4601 6728
4601 3731
4603 1506
4603 1112
4605 2099
4605 4836
4607 1399
4607 8233
4609 2984
4609 9789
4611 2247
4611 9414
4613 7653
4613 3595
4615 6257
4615 8110
4617 9704
4617 3074
4619 9497
4619 8280
4621 4346
4621 1426
4623 2132
4623 3994
4625 3071
4625 4676
4627 1555
4627 3876
4629 158
4629 6403
4631 2277
4631 9856
4633 4917
4633 3057
4635 1963
4635 120
4637 6070
4637 4345
4639 705
4639 542
4641 2980
4641 9862
4643 4192
4643 882
4645 1507
4645 5923
4647 8881
4647 4181
4649 9390
4649 4322
4651 4735
4651 8261
4653 6712
4653 3644
4655 2416
4655 3123
4657 5689
4657 8988
4659 2126
4659 7135
4661 9627
4661 301
4663 8945
4663 8190
4665 436
4665 2914
4667 9103
4667 3448
4669 2729
4669 5976
4671 1010
4671 3763
4673 1206
4673 2600
4675 6647
4675 9094
4677 2055
4677 4671
4679 5574
4679 9750
4681 1997
4681 5709
4683 7701
4683 4856
4685 3142
4685 7930
4687 6042
4687 2581
4689 4052
4689 6217
4691 3204
4691 4040
4693 1288
4693 1224
4695 5946
4695 2559
4697 8599
4697 7315
4699 7466
4699 7526
4701 2524
4701 4716
4703 3659
4703 72
4705 7732
4705 1304
4707 6171
4707 7440
4709 50
4709 3201
4711 8778
4711 3726
4713 2706
4713 6765
4715 2589
4715 8315
4717 189
4717 1442
4719 3123
4719 6991
4721 545
4721 2917
4723 5298
4723 302
4725 967
4725 9146
4727 1808
4727 2495
4729 5433
4729 796
4731 1556
4731 2456
4733 2200
4733 3073
4735 3665
4735 2275
4737 9612
4737 8252
4739 246
4739 940
4741 4672
4741 4750
4743 7543
4743 6781
4745 920
4745 3866
4747 5198
4747 9310
4749 7618
4749 5842
4751 5323
4751 2679
4753 760
4753 297
4755 7456
4755 5117
4757 599
4757 5348
4759 9135
4759 1981
4761 5928
4761 220
4763 1440
4763 5001
4765 1766
4765 3042
4767 5878
4767 9057
4769 4418
4769 9328
4771 8327
4771 5064
4773 3822
4773 4830
4775 6676
4775 3002
4777 9055
4777 4156
4779 7513
4779 762
4781 3498
4781 8061
4783 2984
4783 1591
4785 430
4785 180
4787 9312
4787 657
4789 8266
4789 2608
4791 1066
4791 1341
4793 566
4793 9125
4795 4249
4795 5725
4797 2500
4797 7047
4799 8842
4799 6433
4801 4811
4801 7214
4803 3942
4803 2605
4805 1663
4805 6088
4807 4659
4807 2510
4809 8719
4809 1413
4811 1309
4811 876
4813 4693
4813 5531
4815 2925
4815 3212
4817 6634
4817 1454
4819 622
4819 1041
4821 5486
4821 5615
4823 5963
4823 2244
4825 7667
4825 2142
4827 3025
4827 1659
4829 8411
4829 5793
4831 3413
4831 5109
4833 3652
4833 5231
4835 2684
4835 5712
4837 3490
4837 276
4839 3691
4839 82
4841 8095
4841 7842
4843 783
4843 5619
4845 7775
4845 3364
4847 4877
4847 2066
4849 4237
4849 8438
4851 1822
4851 7375
4853 8639
4853 5657
4855 7053
4855 8248
4857 6703
4857 30
4859 5835
4859 9768
4861 5700
4861 6828
4863 1647
4863 1994
4865 3651
4865 5784
4867 7479
4867 5614
4869 8042
4869 3108
4871 3280
4871 3998
4873 9422
4873 5225
4875 5950
4875 6029
4877 7866
4877 1025
4879 2118
4879 7795
4881 9671
4881 9869
4883 3252
4883 2211
4885 8351
4885 4165
4887 9391
4887 123
4889 4759
4889 9835
4891 8546
4891 2157
4893 6499
4893 730
4895 5855
4895 5007
4897 9138
4897 3915
4899 4959
4899 1339
4901 5538
4901 7747
4903 2757
4903 9639
4905 1011
4905 9108
4907 284
4907 6777
4909 417
4909 6888
4911 9969
4911 1077
4913 715
4913 4213
4915 1725
4915 6957
4917 3852
4917 4769
4919 4572
4919 9676
4921 753
4921 5625
4923 3068
4923 1884
4925 6964
4925 49
4927 7479
4927 4170
4929 3553
4929 9486
4931 7731
4931 721
4933 9827
4933 9016
4935 2753
4935 9485
4937 7880
4937 7922
4939 8817
4939 9104
4941 7630
4941 7996
4943 6461
4943 3403
4945 9705
4945 1360
4947 449
4947 2847
4949 6053
4949 3814
4951 8914
4951 3234
4953 3739
4953 325
4955 3330
4955 5542
4957 6105
4957 4778
4959 7016
4959 2973
4961 1680
4961 6387
4963 7219
4963 2972
4965 6813
4965 2173
4967 9549
4967 4231
4969 7840
4969 5141
4971 132
4971 7223
4973 9556
4973 2953
4975 9140
4975 5307
4977 3938
4977 3918
4979 2477
4979 1358
4981 6752
4981 5403
4983 5846
4983 7917
4985 6236
4985 6311
4987 899
4987 8499
4989 159
4989 7968
4991 7543
4991 7777
4993 914
4993 6427
4995 5555
4995 4983
4997 2280
4997 8577
4999 1023
5000 9432
5001 3756
5002 3057
5001 5372
5003 2108
5005 5604
5000 356
5002 248
5002 1949
5009 8783
5001 1774
5006 2806
5008 2964
5001 1926
5009 4783
5006 6410
5002 292
5000 3518
5006 8660
5019 9638
5002 4860
5016 9674
5012 4951
5010 7952
5009 9643
5019 1529
5014 1702
5024 5191
5002 2737
5012 9021
5022 9969
5030 13
5019 4398
5028 2281
5008 5845
5028 9979
5011 8872
5017 1286
5002 6493
5004 1899
5029 5714
5011 7247
5014 2321
5029 9794
5042 9950
5043 8580
5026 75
5010 7019
5035 5923
5009 3479
5042 7147
5050 1305
5040 3217
5042 6012
5029 1991
5009 8633
5005 1405
5040 3439
5048 11
5053 941
5037 2649
5035 6146
5033 7838
5038 5332
5059 7650
5063 5128
5024 7759
5004 2436
5065 4229
5032 2895
5048 7660
5060 5246
5008 9972
5071 4877
5043 263
5037 594
5005 8945
5051 2069
5061 4306
5055 2087
5035 5831
5066 1568
5002 7879
5062 8655
5077 984
5080 6026
5030 1583
5051 6169
5018 1657
5000 5962
5081 4692
5081 1682
5060 2817
5006 1569
5083 8895
5077 890
5092 9345
5041 4859
5001 4520
5056 5264
5085 1178
5014 8563
5002 678
5034 9389
5049 885
5080 2456
5056 5686
5092 7023
5067 7486
5062 846
5006 5039
5092 4399
5086 6339
5034 5600
5075 956
5089 1386
5050 1529
5050 4772
5016 2460
5065 6497
5044 2331
5042 3810
5094 8809
5062 5567
5086 1858
5064 6373
5017 5226
5031 267
5002 7889
5121 1243
5058 1658
5025 5660
5115 1595
5016 7506
5088 5244
5087 76
5011 5198
5090 2659
5001 920
5021 4195
5136 3090
5109 6193
5084 3702
5064 4667
5031 1407
5040 9025
5097 8411
5056 302
5046 1062
5061 6396
5015 1171
5135 4089
5126 8584
5028 1991
5118 372
5133 7966
5150 3331
5151 8455
5147 9602
5140 1771
5086 2157
5012 4182
5042 6338
5116 3091
5088 4430
5026 9385
5147 9288
5088 330
5009 4223
5127 3414
5029 1097
5160 1208
5132 6093
5145 5020
5042 6440
5108 4637
5032 9897
5092 404
5130 1166
5131 9584
5128 4916
5050 4971
5077 3204
5124 9651
5173 2731
5142 7130
5158 9108
5041 1881
5021 7223
5052 4283
5105 9797
5006 5402
5077 8632
5118 5902
5056 418
5145 2547
5064 3701
5105 2963
5126 3682
5177 2205
5148 8365
5165 8832
5196 2104
5121 8905
5005 2890
5030 1115
5079 5599
5042 543
5069 8904
5092 124
5115 3372
5163 6981
5127 7812
5199 9099
5142 2348
5108 5051
5012 4756
5161 2003
5043 6519
5163 8315
5040 4708
5157 516
5019 4875
5098 4030
5033 3067
5037 4490
5117 6411
5017 9751
5093 7281
5212 6055
5034 3530
5141 5283
5154 1445
5029 7345
5011 4790
5052 2801
5055 468
5133 246
5035 9937
5125 902
5081 9960
5228 130
5238 1427
5117 3554
5003 7001
5051 3216
5241 4192
5086 5570
5112 7998
5172 5775
5222 595
5028 689
5166 2203
5231 2543
5198 8166
5253 4455
5019 8934
5130 6836
5138 4084
5107 2719
5166 898
5187 1288
5223 6332
5182 8772
5232 9100
5153 9361
5169 4361
5142 6636
5229 8550
5252 1
5158 4910
5263 8908
5253 1357
5036 2741
5147 657
5200 4669
5020 2032
5240 3134
5261 6530
5189 8151
5019 8517
5212 4847
5271 5995
5110 7031
5099 431
5224 6664
5125 6181
5242 5932
5024 4720
5279 5773
5014 2997
5096 7593
5264 905
5026 5078
5229 6270
5202 1858
5258 6171
5285 7579
5253 2614
5031 7913
5217 1976
5154 9214
5136 306
5002 3302
5025 7728
5112 6455
5203 2473
5227 5759
5174 170
5306 6369
5009 6893
5088 9485
5131 5953
5068 8584
5068 3913
5252 7002
5045 862
5046 4854
5117 6416
5293 8304
5113 5286
5260 3115
5108 5194
5275 9750
5205 4018
5000 1631
5230 2065
5015 3636
5324 7939
5043 7119
5067 9385
5118 8292
5183 1554
5002 1372
5130 6450
5263 1746
5188 4723
5044 9856
5153 5951
5276 5359
5055 2
5023 9639
5256 2807
5249 6961
5158 2605
5289 5893
5302 2185
5215 4393
5303 7945
5042 5999
5103 6953
5122 9084
5340 7468
5231 9862
5279 6880
5201 6917
5221 6777
5120 317
5250 9552
5260 2014
5008 238
5288 7554
5034 6382
5141 3052
5273 5994
5013 373
5157 5438
5007 567
5226 9101
5043 955
5195 2987
5024 8951
5314 2517
5236 7719
5076 547
5254 1868
5193 9230
5011 3142
5256 3736
5376 7812
5341 6924
5194 8899
5090 5280
5347 4338
5079 2302
5179 6798
5221 8008
5378 9063
5252 9020
5297 4581
5165 6291
5208 8170
5054 7064
5365 207
5325 468
5046 9521
5070 3157
5046 7761
5138 4850
5165 322
5020 188
5090 3898
5059 1926
5107 1518
5246 318
5155 1318
5250 539
5194 4315
5217 7260
5312 8446
5223 9239
5230 200
5146 6341
5306 2818
5000 9340
5244 2845
5160 5933
5186 8054
5313 8358
5077 9232
5221 3410
5294 748
5327 428
5342 3259
5009 6023
5001 4002
5119 3486
5038 8803
5098 8518
5143 1557
5019 3348
5359 4700
5345 2086
5199 9298
5197 4093
5155 721
5261 4102
5013 6550
5172 8039
5186 935
5289 9449
5367 5783
5041 9353
5361 3560
5012 2445
5073 7349
5237 2593
5439 1891
5216 4433
5339 3318
5122 1040
5432 8864
5009 6166
5320 4865
5085 5589
5239 447
5430 5753
5259 288
5424 9056
5076 7202
5042 7569
5063 6627
5441 1844
5408 1254
5362 3509
5353 6733
5151 5681
5064 5754
5364 53
5164 9861
5012 5336
5176 6704
5277 1357
5428 9101
5451 8902
5013 7493
5435 16
5411 644
5160 5405
5119 3232
5074 5402
5028 3034
5163 1071
5049 1933
5444 1007
5376 5010
5354 390
5054 3401
5344 8351
5361 1792
5313 9938
5017 6817
5460 5334
5445 7783
5242 3167
5486 6072
5133 1134
5307 9195
5488 3747
5219 836
5402 7954
5329 7487
5266 5050
5193 9359
5115 5797
5201 2852
5025 9045
5184 8191
5159 4117
5368 8165
5090 3593
5397 4073
5368 5086
5449 4404
5362 8063
5260 2490
5127 7939
5293 856
5326 1616
5482 695
5362 35
5451 6256
5088 2862
5345 193
5189 3254
5393 5437
5447 2267
5100 9140
5528 6713
5351 9776
5073 2441
5110 685
5191 4739
5050 4107
5167 9973
5205 9272
5536 8902
5418 6274
5216 1955
5135 5563
5513 7284
5361 1799
5064 8089
5052 7948
5298 2265
5286 4042
5206 3502
5301 2395
5547 2310
5413 9801
5125 1424
5069 1841
5486 1286
5174 6016
5467 1331
5421 1094
5439 9567
5377 8636
5471 4488
5038 8710
5133 1270
5308 2276
5176 6570
5239 9346
5135 4108
5080 3423
5025 6041
5514 6196
5163 861
5465 563
5449 8255
5114 6603
5249 2899
5027 3978
5212 4907
5301 1153
5559 1294
5053 7928
5546 3293
5491 6679
5067 5054
5463 6873
5308 5053
5175 2501
5181 1582
5271 3383
5328 5567
5367 8036
5069 606
5273 1786
5306 4642
5055 6016
5125 2172
5458 7908
5575 1073
5288 9616
5145 2336
5502 6267
5466 3220
5168 7655
5556 4571
5408 2743
5337 4553
5349 3220
5258 6791
5031 5239
5487 5736
5539 6920
5063 2585
5496 2749
5300 7248
5238 5300
5395 9548
5304 5815
5020 8313
5521 6508
5409 682
5163 5792
5291 8918
5347 6415
5040 913
5351 2470
5452 6288
5564 1503
5220 2601
5387 5059
5187 5532
5462 1174
5021 209
5519 9919
5211 8989
5419 5534
5084 3515
5361 4293
5368 5254
5571 2251
5333 5812
5177 5974
5205 5509
5036 2169
5598 9514
5195 1037
5228 5935
5393 8377
5008 3058
5099 4111
5476 5936
5162 1286
5441 5327
5405 4090
5529 2588
5291 3053
5512 6049
5201 5854
5056 8675
5206 119
5587 4640
5054 2648
5146 8634
5570 8037
5286 961
5356 5988
5477 965
5388 6830
5319 8188
5423 358
5214 45
5512 6806
5106 6235
5339 2572
5616 9151
5340 6198
5020 4520
5234 1490
5644 8451
5406 4047
5039 6688
5070 7597
5085 186
5588 6188
5396 7095
5068 7130
5341 970
5601 2755
5423 9545
5609 1198
5456 5096
5665 2376
5651 2926
5641 2030
5013 2543
5288 7916
5565 6974
5417 8659
5446 7962
5093 4069
5434 8181
5490 1944
5384 679
5287 3291
5156 2879
5116 1640
5427 4816
5314 1672
5560 547
5596 4042
5297 4375
5397 2109
5107 7893
5352 9028
5706 9608
5404 5634
5264 2741
5427 2377
5636 7436
5584 9513
5440 7041
5067 8780
5548 5636
5671 7782
5235 7364
5188 950
5219 7616
5589 8013
5195 6070
5263 4433
5596 594
5559 2281
5285 1827
5472 3408
5447 9280
5297 2049
5611 6942
5065 3226
5227 7565
5392 5395
5035 7183
5188 3095
5373 1452
5392 3565
5458 3261
5134 3705
5097 9464
5292 4913
5671 8273
5573 9349
5583 7438
5396 8678
5721 5409
5077 4540
5521 8074
5379 1009
5603 2554
5598 5172
5743 8245
5010 505
5012 151
5234 5149
5552 8849
5013 1818
5663 9435
5582 8566
5703 9896
5471 7040
5672 9000
5599 2362
5499 6196
5627 2866
5378 6472
5631 9298
5195 2498
5265 9466
5003 4806
5343 7450
5684 2657
5000 5967
5272 3772
5269 1825
5347 6097
5594 6131
5097 734
5027 8848
5104 853
5558 8338
5524 6208
5255 7779
5240 1339
5170 8738
5150 524
5204 8024
5682 7730
5453 1760
5632 1463
5239 9511
5788 1056
5146 2497
5075 6218
5734 561
5730 6383
5663 2345
5204 8818
5440 2198
5439 6495
5045 7023
5690 731
5701 7077
5487 806
5330 5463
5540 7244
5121 4132
5097 7112
5443 7128
5449 6717
5004 8580
5034 3646
5331 1896
5782 7964
5272 3649
5509 3485
5385 6445
5150 2815
5145 3642
5606 6639
5762 2636
5803 2811
5094 3220
5666 125
5400 6446
5729 9024
5577 3059
5425 1058
5080 550
5410 3124
5719 2661
5707 9241
5455 1942
5069 8068
5256 4450
5265 6291
5526 7070
5021 1805
5653 4362
5330 6522
5120 7456
5723 6305
5719 5411
5689 1189
5698 9389
5788 6043
5230 2498
5126 6574
5663 5453
5211 9450
5164 7548
5051 8056
5804 8487
5645 5645
5506 2869
5421 5446
5563 4561
5528 6565
5800 8959
5031 1885
5225 3934
5515 5009
5663 7123
5621 538
5836 5069
5030 2252
5694 8471
5436 5617
5268 1203
5616 3685
5616 5493
5332 862
5300 133
5032 1069
5349 1941
5873 7927
5518 2229
5519 2464
5246 1902
5407 4384
5266 1639
5171 1525
5620 7186
5702 1324
5379 2405
5247 1005
5474 5284
5020 5990
5273 7765
5664 3346
5264 1732
5196 4777
5141 2144
5669 3694
5753 6348
5485 4800
5636 4048
5009 2201
5014 5414
5540 4226
5561 2365
5441 8972
5319 9962
5496 5137
5665 6899
5232 882
5065 2460
5187 8076
5238 7864
5679 6021
5643 3553
5567 1546
5263 9057
5832 8183
5526 5228
5463 6018
5207 4879
5595 8769
5574 3218
5493 6520
5642 6357
5387 3552
5485 971
5306 4124
5607 4083
5853 2489
5436 5216
5485 6761
5830 8910
5221 3153
5173 1936
5394 2036
5725 6170
5898 5542
5646 5027
5763 8256
5701 1381
5317 8544
5908 8922
5465 9573
5341 7484
5174 2797
5350 7822
5753 9285
5259 6576
5332 4500
5645 5785
5844 2590
5416 603
5660 1879
5000 1171
5617 8814
5221 3822
5015 6645
5245 988
5723 3268
5739 7640
5406 9576
5826 2561
5449 3785
5868 8773
5672 7593
5550 5520
5182 7134
5698 1156
5199 9146
5617 6224
5887 4061
5114 5753
5123 2853
5469 796
5173 9247
5738 412
5829 9886
5736 4331
5486 8523
5614 5900
5420 9393
5327 9796
5569 2204
5813 3316
5221 1457
5105 738
5752 3288
5654 5933
5083 5897
5411 1737
5552 2251
5392 2566
5411 6820
5592 2328
5109 4419
5797 3973
5770 7573
5478 4239
5879 7843
5793 4363
5716 3750
5563 7188
5119 5723
5728 1421
5329 6525
5154 3963
5565 5906
5511 7183
5522 1863
5199 6578
5984 4636
5549 3661
5404 8321
5966 1634
5640 8597
5710 5152
5154 4378
5811 3259
5260 8876
5367 5729
5236 2623
5264 7653
5238 9431
5068 401
5264 4288
5737 8436
5417 2256
5748 9870
5656 4054
5560 8579
5692 2481
5221 5929
5762 5809
5223 585
5194 2449
5230 3917
5865 582
5258 8975
5519 6912
5745 2497
5260 8749
5788 2660
5955 9017
5474 7403
5863 4181
5155 9593
5680 5900
5048 2781
5974 8035
5892 6708
5731 5506
5948 1480
5363 1563
5411 1643
5065 1624
5367 9969
5817 9125
5485 5687
5777 8138
5840 4881
5921 6703
5788 5438
5616 545
5875 6400
5049 3735
5816 2620
5448 2631
5770 2427
5022 4554
6051 5835
5358 9286
5067 298
5613 6509
5368 2822
5460 2693
5896 8848
5630 8350
5987 5912
5440 782
5629 5043
5543 8195
5679 1874
5889 2421
5340 4833
5212 2751
5062 774
5108 4919
5163 1419
5706 930
5515 7239
5013 5295
5370 9935
5583 574
5652 5295
5310 3701
5000 669
5503 3898
5215 1662
5619 4138
5307 325
5682 3875
5865 1039
5686 3740
5179 3928
5933 6265
5664 1552
5324 3512
5847 725
6002 4316
5144 6319
5973 5316
5368 2480
5562 4138
5654 3715
5677 481
5680 6253
5630 3419
5387 8188
5220 7049
5513 8138
5470 3117
5748 5568
5603 8703
5229 1772
5019 8658
5133 5234
5811 7739
6065 4514
5419 1718
5301 5096
6084 729
5773 2012
5632 4760
5880 5801
5493 8341
5592 2533
5003 9612
5235 2945
5642 8346
6129 7046
5927 2331
5799 965
5800 6465
5938 2654
5758 8588
5057 6841
5934 6968
5324 7516
5648 6496
5671 3185
6047 6288
5939 5299
5554 3587
5504 5538
5401 411
5948 4569
5779 1193
5638 4479
5398 9276
5808 7405
5958 5642
6145 9508
6003 308
5423 3122
5964 8193
5610 3890
5411 7117
5522 9506
5235 1620
5429 4460
5448 8456
5663 1086
5527 8362
5952 1460
5972 1172
5783 5164
5236 294
5863 4377
5702 1962
5653 9330
5396 4379
5222 6852
5845 4100
5680 9410
5709 7593
5702 6644
6093 9563
5409 4347
5161 9887
5641 7709
5502 1884
5820 4835
5403 575
6056 1987
5937 7921
5358 3960
5835 2115
5894 6385
5097 1388
5319 8727
5492 8106
5415 3080
5318 3920
6146 4729
5635 8578
5550 8574
5212 5653
5943 4854
5337 2169
5936 6621
5938 495
5292 1247
5957 4683
5254 6804
6174 7357
5132 2462
5151 8824
5634 4671
5033 5877
5252 4023
5128 9726
5552 8204
5336 151
6141 8434
6035 8673
5801 7642
5742 3781
6212 4210
6139 8036
5424 1512
5855 199
5726 7111
5288 4971
5923 8194
5820 8660
6102 6964
6152 6191
5148 595
5540 2599
6125 7246
5094 2033
5637 4135
6005 2799
5868 8183
5226 5818
5809 2185
5719 2041
5748 2215
5857 1857
5012 3618
5922 6534
5215 9091
5248 1920
5526 12
6080 2584
6122 3490
5931 9606
5440 6516
5905 1692
5566 8755
6241 4933
5752 649
5091 5481
5229 6366
5601 9020
5149 8971
5302 5065
5847 1662
6075 8233
5994 7186
6037 8280
5608 9967
5616 6156
5235 5193
5268 2644
5741 4351
5830 1555
5002 6154
5630 6837
5915 7619
5719 5389
6008 3664
5760 4970
6256 51
5918 9837
5930 1737
5384 8193
5483 6706
5886 5242
5112 6894
5370 288
5498 768
5107 1130
6011 7840
5247 6844
6130 8960
5098 3480
5957 297
5918 2310
5106 5125
5941 3800
5912 324
6085 3506
5475 9630
5756 7938
5505 7102
5274 5981
5212 9851
5267 9168
5322 5114
5937 8533
5430 7410
5202 3979
5104 9281
5433 7058
5569 6032
5987 7836
5486 6795
6201 4290
6285 6411
5960 3807
6088 6301
6059 7746
6196 8397
5957 3362
5888 4598
6082 1346
6220 2153
6225 6802
5991 1526
5836 5492
5903 4359
5775 291
5210 9904
5657 1129
5101 5462
5787 289
5329 6450
6143 9721
5242 6160
6065 1801
5182 1897
6107 6809
5120 1679
5868 559
6328 2851
5529 610
5840 7601
5009 6612
5066 8294
6150 1843
5489 9118
6030 3775
5976 8
5214 5907
5301 8369
5597 9134
5072 1122
6128 9625
5342 367
5906 7841
6308 8595
5330 624
5988 9397
5940 7389
5692 3129
5131 6874
5009 6207
5738 2142
6311 2393
5698 6797
6056 1285
6040 9796
5590 7715
5137 1294
5429 2682
5201 8262
6320 8567
5161 3408
6377 2270
5226 8600
5972 8526
5302 5096
6323 8293
5595 4408
6062 7277
5024 3896
5221 6482
5202 4411
5944 2039
6128 2122
5247 9871
5959 6006
6105 2546
5801 9082
5213 2369
6078 9805
5512 8527
5552 783
6012 7926
5873 7683
6305 57
5561 5310
5765 7169
5602 808
5377 9955
5205 5481
5400 4591
5202 164
5425 1732
6342 4084
5683 6113
6232 4364
5173 4176
5332 175
6075 8979
5832 6994
5421 2589
5335 7752
5776 1143
6088 39
6215 4164
5314 7192
5404 7954
5357 2295
5347 4461
5879 6420
6109 3947
5796 3219
5492 9392
5876 1324
5465 7603
5816 6834
5949 9791
6340 1557
5407 6347
5254 3176
6424 3454
5760 7018
6187 7744
5151 4672
5351 630
6029 5513
5461 1460
6380 5394
5751 2791
5515 2771
5133 3572
5320 7898
6327 8431
5691 4510
5234 6153
5933 3277
5656 7094
6195 7121
5746 8534
6237 6161
6123 3233
5518 2802
5487 7173
5667 1634
5227 9365
6393 3360
5013 8165
6026 5701
6139 3948
5579 6638
5031 6924
5114 3592
5246 3287
6373 1662
6458 6026
5671 9645
5051 1915
5000 8687
5881 3968
5312 1403
5094 5821
5634 1510
5569 379
6152 6917
5662 8526
5745 6310
5371 4416
5721 9849
6314 2359
5748 7357
6485 5572
6329 9543
6448 7121
5969 1852
5957 1044
5769 6794
6046 1061
6466 5428
5650 6293
5649 7275
6461 9621
5578 71
5058 5693
6063 8809
5663 1038
5425 2841
5231 7538
6482 6593
5200 5081
5770 2261
5679 5523
5213 1079
6457 9541
5055 8185
6418 1077
5100 6396
5528 9273
5944 8385
6041 8791
5997 9250
5862 9116
5645 6609
5386 2717
6473 2869
5563 2949
5097 2333
6485 1146
5753 9066
5504 3411
5568 9404
6198 2292
5520 4761
5883 7269
6367 8241
5859 2808
6424 1485
6051 7423
6295 9118
6267 1636
6254 5355
6466 8010
5070 8337
5107 9767
5260 1107
5044 1777
6394 7539
5127 4489
5747 9187
5899 1686
5437 2032
6060 7159
6222 9537
5534 2248
5403 8779
6267 9468
6066 5564
6035 919
6312 4178
5535 4332
5319 3983
5242 5919
6489 8136
5336 5966
6063 8638
5096 1882
6188 1104
5253 8777
5908 978
6234 2051
6453 3928
5746 3593
5140 2366
6412 7019
5072 1544
5649 2265
5196 285
6287 4784
6228 5211
5427 2405
5246 1024
5681 5357
5279 3594
5387 7932
5449 5277
6480 5307
5527 2499
6278 2291
5992 1156
5408 9993
5525 7626
5638 9184
5147 3573
6259 6197
6289 3856
5742 9779
5614 9933
6052 25
5680 506
6002 9194
6041 4599
5278 4257
5167 1644
5355 1694
5863 3975
6525 7328
5118 1171
6192 3993
6199 832
5223 1373
6231 9359
5452 545
5763 564
6154 4862
5496 1621
6393 9553
6335 5819
5046 1458
6580 4653
5326 5693
5747 3979
5126 4496
5801 6168
5653 8427
6195 2601
5846 2752
5076 4171
5296 7729
5971 833
5486 2362
6487 8009
6170 8679
5624 9065
5661 379
5550 9213
5347 619
5104 3207
5886 4512
6231 9647
6524 5283
5250 3975
6526 5472
5837 3369
6429 8619
5886 8452
6105 3771
6009 6636
5963 83
5167 288
6578 3924
6394 3769
5590 4271
6457 2280
5471 4197
6156 290
6458 1285
6334 4803
5810 7621
5893 7350
5315 9308
5224 2282
6598 4058
5838 169
5322 7678
5047 483
5245 9408
5284 5238
6231 5234
5675 6840
6639 2872
6638 5338
5021 279
5008 9772
5690 8925
5621 5437
5269 2334
5771 4877
5242 8572
5124 5933
5972 6783
5762 2798
5487 984
5117 4942
6089 1541
5642 9190
6503 3817
5164 8128
6464 3940
5712 8573
6489 1655
6196 1836
5518 5216
5034 6976
5518 3484
6479 921
6359 1821
5888 5583
5266 5341
6148 8735
5612 4843
5037 1450
5232 7641
6416 278
5008 5109
6033 2022
5201 9109
6141 1466
5780 6138
5738 9570
5916 4845
6322 393
6409 965
5348 3351
5092 3361
6148 1378
6178 5078
6214 969
5333 3502
5029 5436
5145 5026
5662 3518
5776 6102
6050 2769
6566 2468
6604 3892
6644 3493
5061 5498
5581 7506
6463 3895
5967 8842
5519 2007
5127 3944
5159 3266
5573 1546
6076 5255
5578 9822
5264 2012
5537 247
5393 5068
5897 3898
6454 1246
5315 9872
5614 2113
5857 721
6167 2637
5764 4333
6045 7971
6259 3504
5747 9259
6705 5294
6370 7332
5370 8903
5880 3436
5964 8815
5889 5845
6225 934
6615 8969
5021 2067
5334 2705
6740 3275
5565 1138
6127 7630
6277 8108
5940 4933
6331 5101
5247 2644
6184 3940
6607 9203
5177 3572
6518 4750
6724 1350
6092 897
5744 6673
5578 4841
5954 909
5999 2229
6515 3229
5493 4457
5190 7979
5664 2154
6554 651
5602 5108
6105 6234
5890 6350
6318 5772
5842 6986
5526 9426
5555 3438
5541 2700
5257 1045
5918 9028
5262 1722
6286 1767
5692 890
6346 164
6528 1492
6499 3297
6550 7480
6587 5527
5518 8038
6331 1298
6001 8417
6223 6409
5923 811
5966 9891
6326 149
5612 8211
6699 3168
6588 4598
5825 8942
5906 5085
5472 8499
5618 2898
6206 5508
5042 8190
6558 2847
6282 8242
6717 7311
5418 3454
5139 1579
6206 2065
6155 7296
5034 2477
6819 2303
5607 3388
5106 7949
6808 7362
5821 8259
6071 9016
5746 8490
6338 9580
6141 1226
6432 5625
6658 9476
5374 9886
6632 812
6653 8370
5362 8451
5909 5744
6423 6244
5899 9012
6059 8880
5527 8810
5472 6853
5666 109
5546 5011
6563 6633
5917 3832
6591 6336
6744 6414
6342 2439
5732 6568
5713 7297
6419 7373
6469 2218
6048 7099
6001 9476
5968 2053
5737 4065
5440 8070
6257 4946
6360 9570
6848 1619
6502 3492
6082 9995
5352 3401
6156 5595
5053 7889
6642 8260
5621 2870
6195 3857
5510 9890
5567 5748
6088 4516
6831 6506
5663 6146
5160 866
5551 9213
6506 577
6007 9108
6772 1575
5783 4345
5506 4728
5547 7364
6414 2141
5907 9309
5140 3769
5405 7201
5384 163
5740 4872
5504 9688
6308 1563
6307 7033
6426 511
6093 2061
6666 6390
5904 6633
5536 4430
5635 4623
5884 7393
6197 2004
5448 8551
6331 2983
5734 7901
6474 5151
6627 7830
6712 4754
6704 1235
6315 3484
6559 1362
6120 9444
6111 8496
6873 4232
6826 315
5060 8023
5644 8940
6010 651
5796 2721
5895 8540
6800 5267
5770 6698
6338 2734
5324 9322
5766 2201
6389 8075
6398 7971
6625 4608
6394 5479
5827 7937
6617 3020
5730 4966
6273 4314
5532 6693
5611 3062
6726 9846
5246 2377
5988 7263
6840 6420
6668 3826
6075 3307
6792 6812
5276 8471
6051 7326
5008 6201
6324 2144
5379 6189
5152 3348
6004 9297
6228 4602
6111 643
6262 7481
5007 2198
5368 1242
5746 871
5262 1779
6310 6080
5265 4318
5050 9109
6455 2786
6339 6285
5955 4594
5027 9229
5587 1412
6852 7492
5230 2912
6148 435
5147 3507
5919 7001
5534 8443
6817 9589
6815 9347
6778 3478
5750 3517
5882 2502
6176 4400
6481 4461
6754 3934
5691 5973
5028 5689
5221 897
6414 1983
5199 4366
5507 8550
5966 7678
6884 1936
6420 9523
5804 2491
5320 6886
6125 8366
5760 4609
5763 5455
5178 3821
5488 7417
5226 9474
6161 4074
5528 655
5036 694
5043 7638
5495 1000
6554 9635
6214 9753
5473 1328
6763 6475
6876 1625
6353 703
5849 3645
6488 639
6853 9117
6490 2718
6431 1381
6228 667
6749 7839
5261 517
5331 117
6374 5902
5070 9136
5685 7869
6956 6558
6024 3203
6935 1597
5394 7903
5795 5448
5370 4450
6410 9585
6173 9425
6551 4798
5923 7522
6444 5204
6573 318
5640 3227
5639 464
5165 3260
5090 5007
5876 166
5044 7881
6883 784
5126 2807
5830 8751
5098 6241
5353 8727
6519 4153
6204 7149
5595 1004
6620 7960
6578 3982
6554 1693
6628 2383
5080 8882
6479 1979
5777 4639
5101 1434
5053 9295
6381 3163
6102 6368
5204 7885
5277 2783
6979 9764
6815 1726
6231 4451
5956 3237
5267 100
5266 2930
5470 8826
6242 8586
6607 7777
5112 9749
6582 2998
6500 1858
5634 4595
5728 6532
6757 6654
5124 1644
6525 4107
5230 9945
5446 2133
6696 388
5387 4452
5314 5986
5818 519
5689 6539
5892 5462
6136 5997
5094 6357
6730 2206
5075 4785
5590 1475
7037 6993
6566 9600
5581 5980
6497 7484
5995 9356
6367 8300
6796 6350
6870 2194
6083 7350
5484 3716
6271 8098
7084 10
6426 393
5931 9086
7055 6343
6299 825
6433 1763
5859 7262
6232 5868
6808 5233
5793 2493
6841 1473
5350 8102
6014 5396
5368 8890
5282 3826
5566 8329
5213 105
5932 56
5714 2165
5117 3931
6985 463
5931 6131
6389 6319
5392 6240
5987 9872
6592 4392
6727 8717
5759 199
6189 4884
5188 218
5980 2547
5933 7907
6001 61
6833 5425
5108 9258
5299 9854
6860 9887
5985 8302
5584 2190
5973 3266
5046 666
6188 8788
6636 5622
6629 5003
6546 6071
5296 7421
5302 4480
5207 3181
6601 7329
6482 8352
5133 3752
5184 5461
5184 9561
6189 3148
6597 4934
5506 7895
6277 5165
5641 4781
5339 1236
6462 10000
7141 4535
5830 4171
5984 7167
6179 7028
6737 2947
6699 2360
6897 9351
7138 8474
6917 2892
5217 7776
6020 2047
5767 6116
5583 5768
5109 2694
6882 2580
6886 7024
6688 5989
6830 5783
5872 6109
5228 392
7147 6433
5101 2037
5558 8675
5790 1477
6893 7962
6480 5943
5593 1984
7164 7878
6349 9892
5770 269
6604 1349
6568 2515
5956 8287
5730 1427
6502 6753
5641 6036
6636 3821
7177 6628
6647 7695
6658 9618
6264 9020
6568 1535
5953 5157
6355 5015
5294 937
6200 7415
7077 5653
7055 1433
5412 4379
5930 8197
6812 9604
6745 258
6790 9122
6623 2473
6732 2092
6484 3191
5347 6413
5725 2560
5844 4344
6886 4722
7211 930
5072 2018
6248 2750
6836 8606
5886 9765
5051 4158
5871 1188
5817 2273
6133 2058
6356 9205
5310 6050
6086 8519
6745 301
6066 1744
5542 4372
6194 4749
6972 2968
7068 2458
6638 409
6645 7024
5828 3804
5473 2
7174 3838
5993 5439
6911 7751
6433 7099
6480 3553
6175 5021
7109 1318
5870 6872
5701 6092
5448 3228
5618 8562
7028 1442
7130 8629
5011 7607
7146 5893
5410 1660
5358 4466
6895 8184
5705 2518
6132 8822
5155 3004
5389 1693
7187 8900
7213 5325
5369 4002
6154 9705
5613 9999
5545 9481
5968 4285
7212 8600
6266 3825
6489 3777
6026 6696
6700 3859
5344 1972
6878 4209
5099 297
6763 3232
6124 7611
6040 1779
7222 1002
5559 759
6172 1658
5180 2943
6342 5386
5774 7980
5856 7170
5711 3917
5578 1528
6345 8932
6136 1496
5853 4795
6790 3342
7021 3314
5572 3899
5250 1491
5505 2787
7027 6875
6101 7650
6897 3131
6011 7986
6996 280
5823 3780
5009 7395
6410 3805
5963 113
5631 4198
5370 9855
6597 2323
6953 5840
7265 5400
6466 7637
5133 2206
6581 6866
5082 3278
6947 9875
6213 7940
6485 2881
5105 9346
5641 1062
5380 9248
5100 6014
6721 389
6811 9830
5852 423
6103 5816
6009 2463
5864 2513
6776 8959
7228 3637
5509 227
5276 1488
6634 5733
6464 9825
7166 8217
5429 5838
6970 2362
7186 9051
6024 4952
5683 7987
7053 8472
5150 3268
6131 5532
5884 1944
5852 4537
7303 9134
5737 4910
7152 9366
5861 7908
5478 6495
5676 6033
6500 8655
5652 4969
6220 7359
6531 8703
6667 5714
5164 5945
7278 491
5547 850
6399 5784
6307 6429
5674 99
6361 3218
5442 8261
5018 3356
5653 5254
5068 9779
5250 1612
5132 1435
7214 4064
5462 5410
6786 1268
5685 6712
5178 250
5682 2717
6354 6598
5161 1753
6380 7639
6432 2103
5041 7063
6254 9618
5525 9768
6277 9118
5120 6513
5927 3425
6628 9552
5650 4836
7042 307
7217 499
7216 5065
6702 2589
7357 4110
5348 1925
6294 6292
5857 5529
6967 5824
7047 3972
6896 9733
7342 9326
5802 2854
6695 9777
7193 8463
6386 6426
5792 4647
5810 9758
6685 229
6726 5957
6095 2286
5033 4432
5964 1035
5766 3491
6840 2036
6372 4033
5959 3139
5583 1232
5745 1849
5678 1925
6366 2102
6081 6399
6814 5804
7324 491
6607 8492
6759 5627
7339 265
6341 1056
5347 9266
5903 5953
7149 418
5080 4866
5172 5058
6638 9289
5148 4141
5668 5353
6861 8694
5209 8400
5218 2617
5500 845
6687 9920
5872 2899
5276 7952
6834 606
7165 308
7295 4073
5377 5603
6944 4732
7096 6800
5388 1599
5999 918
6231 7110
7058 2678
5150 2969
6435 5143
7439 4431
6088 6978
7229 7933
6068 6533
7193 9591
6121 6729
6054 9471
7042 3079
6221 5303
5315 5109
6185 1529
6919 4463
5671 9139
7158 6017
5207 8706
7175 9683
5074 9966
6606 3646
7281 1768
5376 9616
5571 8437
5281 8493
5198 8397
6042 7013
5773 9670
5532 548
6638 474
6655 3580
6217 9731
5711 772
7086 4916
5142 3721
6400 808
6597 95
6070 8377
5977 8908
6399 2404
6022 7827
6395 2469
7476 2197
6164 635
7484 1393
7391 2197
5214 3618
6972 7777
5656 9995
5957 9276
7231 7544
6899 4600
5835 9574
6889 2782
7273 8389
6847 8808
6571 8062
5959 8973
6484 2598
5378 7468
6228 3882
5415 8900
5687 1198
6748 5245
5220 5874
7235 7571
6372 3173
5803 8758
7326 4288
5955 8969
5357 336
6670 2851
5855 2151
5003 7888
5500 7631
6376 6093
7289 9436
6004 9580
7001 2554
5889 1954
7062 2047
7329 6325
5274 1334
7492 2373
6646 3705
6193 5394
7525 2630
5860 4027
6753 7791
5056 9351
6793 1181
6132 50
5134 4646
5975 4389
5853 532
5334 1143
5889 8450
7479 580
6599 5413
5758 2562
5922 3670
6176 9885
6625 7123
5011 4896
6925 9484
7457 5053
6046 8624
6757 360
7166 4517
5136 8928
6135 9858
6387 5945
7147 4548
5458 4962
6561 9382
5677 4173
7270 1275
7158 2580
5782 4241
7400 3490
5688 6
5305 4470
6417 5067
6810 9447
6560 9682
7394 8586
7056 2409
5145 6209
6124 8164
6140 7378
7326 8191
6410 1439
5558 8140
6478 4984
7376 4650
5661 8999
5574 4871
6694 5747
5947 7344
6764 2845
6585 7136
5654 5912
6449 6020
5315 953
6257 4307
7243 1603
5646 8572
7291 3517
6633 4826
6969 6395
6714 4962
5958 7777
6767 7177
5219 2862
5336 3310
6445 4352
5269 9325
7060 901
5633 8378
5776 3473
5236 3862
6979 1812
6513 5893
5701 3766
6630 8706
7096 9379
6064 3148
5550 4085
5113 1791
5364 1543
6452 9216
7362 5975
5122 6010
5303 5423
5171 1696
5898 5541
5451 4256
6749 2215
6137 3799
5948 1501
7230 2377
7213 4482
5689 9853
7550 4047
6135 4171
5858 3731
5194 9835
5381 478
6302 6640
7542 6059
7008 1703
6905 1080
5479 8950
5651 2238
5633 4803
5994 3563
5917 6397
5112 6763
7175 4932
5075 6600
5337 2213
7030 3019
7248 3885
5720 6427
5486 7925
6592 6407
6488 1224
5209 3106
5355 3138
5259 9433
5339 9694
7460 4092
6677 6705
7540 8808
6178 3940
5467 4065
6931 5390
6383 1446
6126 3382
5092 9479
7450 8615
6549 2391
5143 3058
6912 2989
6148 192
5610 7553
7126 7775
6581 3771
6556 1021
5670 6162
5860 2913
7333 2624
5331 8347
6384 3020
5207 6909
6729 7284
6002 7770
7306 2149
5680 6910
5210 9925
6340 540
6971 5759
7459 5832
5483 3651
6832 4598
5353 5507
5690 30
6356 447
6109 5557
6050 9521
6730 3593
5233 1310
7299 919
6370 1385
5685 4577
5757 9939
6956 9103
7655 6172
7228 3626
6407 6042
6080 8005
6961 5824
5345 3665
6313 3099
5351 2162
5338 2982
7672 7091
6935 1543
5648 9978
6154 3058
5900 9017
6431 1714
6977 8000
5100 5646
7056 7345
5483 8067
7045 9069
7322 3564
5634 4501
5608 5281
7551 7134
5661 432
5969 1982
5173 7611
5013 2061
7102 2742
6105 8973
5236 5427
5795 2205
6164 8073
5386 913
6118 2534
6414 5824
5603 8624
5345 3127
5328 859
5426 9226
6038 6912
7065 7532
7563 7315
7651 2667
5153 7038
7036 2229
6727 4002
7015 5439
5725 8375
6352 5827
7299 2902
6288 5877
7470 7328
7162 2950
6503 7519
6856 457
6169 6824
6356 3046
7573 48
6982 9913
6990 6151
6015 80
5776 1601
7429 9186
6914 5390
5333 458
6169 5638
5551 4272
6111 6450
6684 1722
7219 6928
7478 7425
6873 2304
6716 5439
5294 2046
7585 6794
6231 8684
6791 2827
6386 5306
7680 8089
6100 6423
5645 1380
6933 3456
7113 2996
6591 1666
5693 8750
7453 4259
7367 3892
7698 4124
6139 8845
6619 8377
5049 7669
5312 8874
5824 2487
7412 8054
6723 6182
5928 737
6090 7926
6093 7609
5833 7693
7758 7131
5448 7906
6290 2763
7432 4531
7244 5285
6242 4318
7404 3672
7731 9724
5715 7125
5138 2669
6346 2900
6062 6829
5585 7338
5651 9840
5000 6859
6062 5173
6649 8506
6200 7089
6274 9592
5254 4122
6164 3899
6636 1388
7261 4154
5664 4753
5566 7392
7264 2964
5852 315
6816 5102
6717 8722
5723 1202
5346 7799
6798 5336
5333 7030
7259 3433
5152 5104
7827 1533
6563 2670
7245 9670
5995 1432
6934 8348
6783 2117
6651 9707
7823 4743
7310 4392
6913 1349
7152 2563
6629 173
5130 492
5027 1444
5056 6146
7391 9783
5572 9862
7212 4051
6850 581
7346 1103
6687 691
7709 8563
7133 3226
5999 8856
5515 1631
6996 2686
7699 4422
7259 1344
5238 4822
7611 5185
7391 5439
7290 1970
7814 5432
5015 2119
6971 9376
7757 3184
5381 9148
5204 5934
7405 6554
6567 877
6476 7654
6997 3565
5210 2512
5306 945
7717 5521
6240 129
6707 4904
5082 1997
7029 2868
6040 9099
6365 9524
6392 3469
7866 7608
5745 6078
7586 3789
6487 8664
7089 1886
6981 6592
5820 8946
5921 8767
6836 4420
6632 5215
7258 6162
6919 4469
5224 3407
7564 357
7854 2460
5002 313
5455 1412
7854 8344
6623 9682
5350 705
5796 8466
7791 2851
6093 7943
7225 2431
7394 565
6051 7447
7040 6687
7008 1799
5633 9658
5149 7466
5828 9379
7735 9027
5465 5443
6104 7298
6646 4264
7671 1668
6218 3995
7791 2190
5226 4211
7215 5748
7596 5653
6656 4392
6241 4487
5291 2269
6584 9896
6334 7598
5417 4730
5171 9781
5216 3699
6931 3964
5906 4252
7551 7678
7430 8517
5498 8245
6955 834
6934 8292
6538 1727
7708 1089
6425 1537
5898 289
7777 3121
6644 4290
6606 3682
6667 2407
5861 9457
6504 2868
5211 501
6655 200
6344 4728
6644 2478
7244 3073
5555 6316
7503 36
6181 5018
5115 1620
7748 5505
6623 2155
6633 9427
6468 8607
5398 5233
5709 576
7433 7164
6118 7189
7332 9454
5721 8249
7226 299
7280 3349
6667 9928
6500 8205
6026 6301
6574 2784
5142 3289
7015 2942
5327 7059
6903 5424
5348 8
7555 9393
6318 6880
5646 5716
5299 4033
6953 2709
7962 7790
6601 1998
7777 5865
7441 7010
7875 8710
6438 994
7688 7190
5795 8796
6447 5921
7119 257
6966 6687
5940 3495
7094 8765
6628 9965
5575 1536
5664 580
5236 7518
6888 7616
5204 2891
6073 2866
5950 4927
6751 7501
7836 2606
7861 9430
7928 7625
7388 7573
7597 2287
5377 5421
6143 6340
8017 2611
5616 6331
6920 8336
6327 4733
6166 6950
6031 1721
6793 3222
5369 7667
7771 9884
6156 3635
6265 3905
6434 9154
5329 1195
5160 4524
5713 956
7330 391
7990 3574
5740 4319
6403 1356
7065 4064
7304 6556
7954 5526
6800 2507
7342 1313
6844 6893
5776 847
5992 9821
7964 29
6695 2115
6918 3613
6191 7506
5294 7589
5511 4313
6048 5540
7043 7623
5064 9700
7681 6401
6167 9809
5183 6448
6148 4330
7243 4577
5344 8706
6919 3132
6462 5583
7282 1254
7756 7167
7786 6281
6932 7097
5099 5414
7027 6858
5010 1749
5576 5522
6629 3071
6249 1962
8067 9352
6756 1808
5170 8216
5578 8877
7088 1366
5157 6628
6877 7496
8018 3724
7277 9560
5281 6794
5785 2201
6058 2187
7833 7109
5910 3530
7109 9473
5287 3806
6209 901
7385 942
5180 4258
5908 3049
5391 5295
7535 5834
5387 2805
5617 3684
7110 7326
7139 7750
7982 2435
5593 3760
7610 9107
7030 6067
5987 473
5568 7059
5118 4116
7615 462
6144 7896
5979 6568
7931 1488
5376 9249
7677 3165
5200 158
7893 3385
8055 274
8037 6447
7089 3277
6301 2597
5795 6355
6643 2404
7889 1015
6101 4272
7716 3233
5269 4946
5699 8610
7288 4138
5805 5957
7054 8373
6950 9667
8071 245
7407 278
6228 5562
5519 3088
6218 6073
8066 2858
6131 9011
5188 706
5137 2861
7405 226
5553 9355
5177 4051
7281 9196
5514 2451
5994 9221
7298 975
5562 7289
6784 3534
7556 6646
5400 5724
7037 1697
6214 9184
6597 7008
7195 3340
5233 7029
5163 318
5859 2553
6389 9688
7113 7164
7271 9005
7818 6416
6272 4203
7031 3931
6174 2085
6449 6214
7106 8747
5811 822
5740 5759
5056 1396
5699 164
6737 2697
5339 9544
7163 4129
6517 9519
6606 1544
7859 1029
7484 8925
6767 9026
6804 4387
7487 5718
6860 4573
7212 1608
7420 8208
7476 3164
5348 6778
5774 741
7764 7950
6988 7986
6752 159
6827 9892
8173 1043
7860 9933
5930 3480
5239 7925
5628 5894
6420 6262
5165 1832
7448 1953
7671 4475
6842 9686
8020 7306
5394 4317
6509 8310
5344 2017
7118 9916
7805 929
8091 7699
6410 737
5529 6798
5393 8164
5235 39
7600 3894
6574 2820
7561 7650
5878 3867
7309 6466
7519 2781
7719 5122
7989 8057
5956 8529
6271 8209
5761 7908
5844 2140
5287 8347
6913 4940
7280 1858
6342 7825
7072 1437
8135 5571
6620 1236
5886 6886
5819 766
6047 993
7078 5435
7073 5543
8183 5937
6859 4146
5445 9402
5008 9815
6676 2331
8010 2635
5173 6044
7340 6171
6995 8333
5080 5105
7283 9820
7496 5478
7291 1865
8072 3810
5622 15
7812 3551
6637 2034
6225 1214
5376 4498
7304 6259
7175 3723
6213 4292
6065 8924
6191 527
5329 6598
6190 12
7019 9479
8011 3219
5093 7029
6085 1022
7483 4467
7325 5799
5622 3523
7136 7515
7034 2498
6594 8688
5731 3718
6479 7811
8046 7542
7527 6511
5658 1329
7274 1882
7250 4633
5354 4854
7100 243
6157 6715
7585 2108
8032 3406
6173 9010
5403 5064
6392 8813
6743 6145
8014 6813
6088 5907
5807 3926
5497 4971
6906 9665
7936 5356
8271 141
5058 5920
5845 2084
6418 6128
6223 7221
5552 2630
6851 7461
7950 4323
7532 2572
5526 1494
7408 4512
5041 1503
7208 8315
7628 343
5730 1772
7289 3401
7620 5102
5710 3103
6496 4865
5665 5959
7503 7430
6432 1289
7739 8337
7292 178
6687 4673
6189 848
7617 96
5977 408
6105 3307
7017 4419
6090 9377
7860 7470
7445 8218
7822 2966
6438 9938
6266 4484
6755 3672
5183 9261
5097 5404
7924 4998
6204 6511
8019 2548
6362 3446
7166 5089
5365 4009
6125 6255
7950 6141
8242 5738
7565 9629
7896 5730
5982 1760
5679 4558
6669 1744
5005 2077
7323 5685
6864 1204
6467 2318
6506 70
5348 6268
6030 5676
7786 4030
6754 6160
5034 4704
8113 6256
7573 8467
7734 6895
6143 1985
7871 3167
8191 589
8271 4507
6254 9214
5773 358
6729 4770
7064 5070
6392 4703
8307 2232
5074 1002
6727 4297
7326 1654
6085 1117
7000 3325
8026 5776
5860 2825
6623 2866
7323 4439
6672 3547
7082 4634
7604 1063
5541 5218
8366 7484
7328 2360
8200 5362
5328 2622
5806 607
6074 7803
7452 1473
7077 6060
7837 6307
5366 8914
7214 4065
5676 9725
6512 5013
8248 2314
5781 4742
7612 9629
7200 9501
5232 4433
5396 5726
7455 2687
7129 5311
5400 8849
6806 8611
6599 5555
7611 6729
7785 8882
7106 1841
7723 8064
5895 7996
6483 3054
7835 2761
6601 6495
8206 853
5068 6585
8265 5210
7606 7743
7571 9140
8038 4486
7306 5670
5216 8814
6315 5401
6618 3970
7091 3957
8183 1752
6314 343
8003 8273
6079 1211
5905 9800
7863 6466
7077 6477
8273 3078
5736 5026
6968 447
7039 3658
6840 6113
6481 6982
5724 6074
6919 4575
8185 5348
6277 5610
7190 8961
5255 518
7785 2425
7608 2099
6067 8229
8198 9950
5938 8235
7402 5329
5892 2667
7025 8471
6750 5813
5804 8845
6233 7718
5625 441
6456 9713
5873 1723
5056 1540
5726 1289
7564 3391
6768 2924
5960 1572
6430 1955
5659 7455
6854 2821
7154 450
5218 3555
7108 5631
5011 3309
5645 8529
5710 6111
7091 8270
7253 8635
7366 7774
7983 5515
7120 9433
6788 6802
8405 9136
6697 2723
6427 5307
5886 9529
6333 8054
7893 554
7447 1509
5240 6339
8208 6815
8475 8878
6543 3398
8399 3768
6043 8870
6518 4414
6852 7821
6892 3219
5156 6610
6657 3628
6783 1362
8197 3124
7989 8660
8029 5266
8312 215
6359 8289
6267 9946
8157 2927
6182 5934
6985 5508
7654 2449
7924 2137
7607 877
8049 8382
6294 8919
6257 6580
5457 407
6639 4281
8495 637
8334 8033
5375 5892
6528 1511
6059 295
5280 3940
6987 2815
5450 5036
6334 7485
6406 9808
6190 1523
7697 2297
7258 7998
5611 6179
8094 2387
5828 4531
6404 9210
6466 243
5193 2949
7552 4025
6915 7966
7827 4024
6626 1355
8035 9213
8170 5375
6585 5845
5331 3646
5287 2665
5021 9914
6813 9927
6033 9818
7489 3896
8206 6320
5672 1985
7098 6223
6786 2035
8356 2496
8241 9466
7998 9698
5502 8603
6090 9424
8283 1475
5350 9602
7669 967
5183 568
5427 9531
8368 6626
6526 544
8430 3421
7398 9173
6151 3098
6686 3840
5951 6904
5321 7472
5425 7962
8250 8711
6452 8657
6737 6884
5959 38
8504 3623
7571 5591
6686 6429
8284 7351
6966 2089
6214 4166
6064 7620
8144 295
7128 8385
6101 4842
8465 9661
5757 4609
6923 1699
7250 1630
5201 50
5362 2862
6672 2203
7741 2222
5416 1894
7250 7223
6306 2096
6934 5745
5219 8894
6697 8584
7302 9377
8340 8463
6901 2074
6072 4985
5048 8587
7231 4681
5035 7586
6980 8817
6170 7645
5421 637
7603 1289
5973 3790
7265 789
5825 5819
8488 5305
7478 4625
6366 5164
5430 3061
6496 5799
7718 9799
5974 4394
7186 1227
6890 6681
6002 5918
5565 7538
8453 6524
8250 1426
7979 2839
6164 9442
8385 7917
5232 8518
5247 3155
7537 9094
5210 7402
6784 3205
6995 464
7275 1917
6708 4111
8001 1057
5770 3856
8451 6193
7586 5704
5155 4582
6443 9145
6343 9663
7322 6323
7493 4900
5533 4402
8008 1951
5908 2030
5642 4828
7835 4634
5318 9679
6293 1139
6813 4526
8403 5658
7332 585
7471 6031
5905 475
6951 1585
5226 9068
6271 7953
5644 9899
6814 2021
5580 651
7300 3071
5104 1822
6660 5556
5220 9321
5424 9970
6737 9349
7821 2950
5640 9607
8234 6963
5881 685
6156 8586
5703 8771
8124 7817
6616 9118
5688 8244
5893 6070
5895 3684
8504 5264
8077 2956
7527 3611
5945 6600
7432 6774
8112 2431
6833 94
7371 4498
6081 5896
7494 6176
8382 1616
8255 7378
8621 194
6245 2663
5707 2572
5271 6609
8663 6078
8547 3188
8584 8193
5053 5431
6453 4057
5655 2855
8203 7224
7099 521
7765 8390
6561 5139
7070 4453
7134 6589
8389 6532
5397 6899
5871 1887
5028 624
7693 2530
8413 744
6342 8461
8033 1858
5823 5134
6549 28
8070 4337
5359 2397
5883 2926
7018 5718
6207 8101
7076 1293
7292 7985
7833 6248
7183 3096
6929 2164
8380 8875
8264 3799
7601 5093
8375 6796
6361 5660
5002 5853
6268 4538
7179 4960
7391 2851
6499 5645
6268 9683
7076 5545
5254 8441
5282 3534
6243 9974
6902 7359
5961 5359
5387 9557
5817 5535
6505 1410
5452 409
6533 9794
7238 2065
6389 9432
5853 8126
5347 7445
5846 6782
7032 214
6422 1685
8662 6343
5658 6188
6516 969
7986 9974
6056 7587
5820 7960
7807 2674
6528 7249
7003 2801
8448 134
6258 8690
8007 3859
6652 1884
7428 1122
8022 2682
8601 2786
8126 1926
5712 8748
6461 2488
7207 1646
8082 9909
5460 8964
8135 5870
6869 2844
5369 5636
7056 5232
8736 1995
8608 3206
7158 9894
8681 2676
7973 2998
7431 6143
8109 7782
7961 3576
5085 1105
7235 720
7945 9751
7704 2105
8231 4627
8025 9793
7980 9057
5001 2997
5770 5477
6688 8628
7079 2689
6831 1153
8635 4934
7708 7451
6605 9376
7094 2030
6294 9428
5262 6567
5530 2499
5907 4165
7495 338
5853 6481
7548 5388
6299 7215
6474 6795
5444 2546
6511 2734
8065 1818
6289 3070
5899 2518
7049 9565
5447 1706
7325 156
6922 2309
5780 7083
7322 6640
8730 5953
7513 7528
8399 4462
8641 2785
5617 2700
8037 3006
5849 7973
6087 3607
6620 7850
7518 2614
5773 4179
5871 685
6005 9817
7759 266
5958 1591
8692 5255
7484 3876
5090 2488
7585 1633
5813 5248
5496 4717
6364 1881
6115 2172
5004 6173
5706 9399
7034 3954
7432 20
8591 851
5484 7910
7827 636
6187 660
5147 5277
8513 6179
7343 3081
8157 3884
8485 293
6443 3277
8767 8247
5804 6749
8331 7813
6586 3417
7892 8118
8133 3784
5356 6121
6414 6237
6255 7000
5897 2099
7001 5910
6035 5790
7475 5814
7724 992
5587 6901
6466 3426
5358 2607
8135 3227
6001 9265
8642 6190
8464 9990
7790 965
7679 2436
6854 9166
8850 1117
5121 2145
8373 9944
7021 8214
7687 5627
6209 3167
5973 554
7290 2937
7812 6307
7048 9369
6063 6852
6651 5307
5502 1782
6157 3229
5893 8517
5157 9348
8204 333
7419 5489
5478 8775
5061 3953
5900 2723
5818 7930
8855 2532
7830 1150
5253 7285
7828 8064
5223 1155
5525 1689
7510 8691
6722 4510
5327 48
8352 125
6799 8376
6708 7388
7306 3028
6670 8432
7526 8984
5253 384
8840 2991
8765 977
6384 9024
5674 4980
6263 7604
5287 3170
6575 4724
6380 8208
5572 3922
8869 4304
5164 8144
5773 7147
5671 3592
6909 8853
7329 3565
8819 7215
8378 6799
8208 1776
6232 7402
8052 3307
5204 1322
6958 6532
5858 5940
7633 9216
5240 8312
5960 3039
7082 7998
7602 3082
7674 329
6478 9324
6404 4593
6893 9371
5690 351
7650 7382
5242 523
6185 7138
7024 929
5279 1590
8663 8676
6426 8980
7860 3779
7111 8723
8794 2072
8946 4625
7975 8879
7658 8714
7131 5751
6946 2325
7034 7660
5958 9240
8757 6951
5906 5654
7470 4035
5833 4865
8405 4390
8442 1968
7097 6048
5756 9757
8502 8617
6697 2985
8815 8667
5482 5004
8801 3691
5659 4366
8657 1672
7069 8630
6961 6429
7607 4244
5982 6029
6915 611
5146 8670
6138 3677
8289 2349
6544 6254
6155 2294
5488 9569
7960 300
5605 325
7140 4808
7841 6482
6087 3234
8973 3108
8836 8436
5603 4119
7156 5863
8042 4777
6891 7852
5457 4162
7660 3421
5342 8014
8639 8963
8279 2052
7795 7510
6104 26
5071 111
6647 8154
7933 1833
6860 3455
7559 860
6815 7477
5020 4773
7227 895
5620 526
6220 7347
5374 6947
5259 6128
5939 9578
6465 7330
7150 7719
7679 5267
8832 4844
8604 8082
5443 1286
8186 3441
8852 262
7742 2685
6306 21
6106 8813
7264 5532
5872 5743
8470 8419
6428 9241
5298 8145
8722 8752
5107 5854
5129 149
9023 5884
8496 9010
6096 1152
6644 1820
5796 5050
6068 6665
6206 1661
7316 390
9014 182
6704 9072
6968 9450
8281 2742
6040 5632
7273 7861
5923 2192
7870 70
8087 883
8834 3810
7921 8097
7407 6730
7951 6700
5163 9125
7079 4247
7321 6388
9019 9987
7872 2164
7432 1575
5452 9955
5467 1077
7857 1899
8707 1040
6751 6340
8110 5780
6295 9662
7307 7741
6428 9
5788 6550
8290 1378
5175 6019
5581 7337
7104 6301
6454 1474
8674 3162
6262 6734
5049 7198
8085 6392
7857 5970
6688 2569
6049 756
6340 8240
8130 3210
8872 986
6795 7654
6483 4578
7630 8927
9047 5227
8726 5105
6977 5904
6907 2497
5382 6464
8889 8973
8883 5249
7017 5187
6677 516
8456 401
5928 9093
6258 8641
6392 5343
8813 2044
5142 2938
8083 7901
7238 2866
8705 2941
8509 6840
7350 4984
7065 4850
7139 1292
8250 2307
8057 271
6004 4748
5999 5352
7036 9712
5917 4250
6892 4602
5682 2780
6493 9654
7845 5671
8096 6614
5012 7980
6051 3986
8845 6982
5634 4691
5237 9765
7394 3334
5454 7813
7667 5514
5354 990
6545 9475
6217 7853
8982 1415
6082 1781
5713 6662
6090 6729
8753 4464
8770 4679
8351 4180
7127 5500
7966 9645
7668 650
5617 1640
6111 257
5251 4472
8336 6815
8235 1254
8490 3595
7068 5185
5262 8407
9020 5292
8985 9426
8708 8482
9105 7214
7693 431
7022 7488
5772 3469
7392 2838
7921 6267
7856 3038
6126 239
6340 172
5031 5273
7835 259
5056 6408
5453 5015
9058 1672
6834 5103
6436 4266
8208 2030
8934 6989
7116 4895
9090 519
5547 1527
6766 931
5034 1165
8737 985
6187 2412
6912 4476
7525 3096
7123 2038
5366 8969
8537 5081
8998 6205
8954 8671
5946 9878
7554 8718
8594 4774
9023 30
8161 1044
8115 7113
5536 2637
8162 1671
5725 8275
7763 6230
6825 5639
8429 1048
8731 7283
6295 3226
6467 8816
5888 4654
7040 7676
6234 3178
5306 4729
6875 3480
5783 8064
7846 7854
6437 6767
8058 918
8187 5672
6750 731
5657 4732
7735 6719
8978 2212
8384 7295
5472 7756
9164 7814
6642 487
5213 1432
9125 2547
8705 630
6278 2641
6989 7670
5747 7932
5064 2088
8468 9292
6436 4575
8463 1082
6722 7819
7314 6906
8290 1970
5080 3365
5499 5790
7794 3920
8418 5077
8012 7844
7734 7879
7518 6411
7114 1626
7743 6829
9068 8857
7731 4160
7486 9232
9220 3650
7272 9951
7731 5429
5048 8600
7283 6892
5737 9448
5399 7867
9043 169
7360 9408
6190 690
7686 3405
6820 1794
5266 5437
7089 5651
6748 3464
5739 9211
7651 4947
6007 5845
5275 837
6388 6130
8969 9200
7541 6647
8388 7532
5875 6637
8944 5722
8158 9689
8736 5694
6752 8886
7403 5684
5221 7590
5695 198
7486 78
5285 8647
5008 2841
8204 2919
5729 7146
7434 341
6420 1641
7966 9614
6146 4881
6849 3448
6910 4447
7589 5201
6134 1976
6521 5465
7608 1069
7813 1595
5702 6403
7968 1589
6532 8040
7547 9839
9110 1973
8266 2219
7822 6281
5492 4183
8467 178
7030 3687
6920 3617
9292 9674
6239 5080
5695 6827
5730 2645
8989 8368
8316 7381
5338 1001
6984 4318
8899 991
5092 263
9058 7540
6674 9271
5299 7330
8010 5729
7604 7446
7520 1320
7382 6566
8265 5613
5497 4293
7390 1778
5039 3229
8888 6788
5431 2040
6542 6566
5667 395
5164 8320
8097 8106
6119 2893
7187 8495
7495 6055
7952 3143
6918 6322
5649 7263
9306 8933
7894 8227
8038 1078
5694 2332
7730 9421
8763 9670
7421 9232
5008 3409
6944 4714
8267 2818
7413 9589
7985 7742
6242 6381
6760 952
7642 3574
8602 9122
5324 8690
5782 6235
5395 1190
6998 430
8465 1165
5749 3120
8244 1309
7195 7933
5453 5285
6643 8088
5707 4849
5391 2019
6478 9601
7460 5958
7033 3581
7395 6566
7374 4762
8876 2434
6940 6304
5853 4231
6504 173
6884 2573
8212 6189
8923 1711
5690 9210
7076 4224
8014 6558
5865 9357
7530 3149
7364 9097
8107 1428
8240 644
6700 3057
8776 2466
8623 9827
6339 4671
6636 4768
7997 8662
6723 9308
6449 1474
6488 2880
7629 2572
7309 3212
5774 4379
8695 7642
8873 3715
5691 6899
7357 2505
6657 6302
8069 1740
6072 7841
9365 8840
8368 9265
7735 3037
8589 5107
8812 9892
6949 1591
9348 4550
6454 8371
5686 6001
5716 1210
5626 3353
7348 1239
8774 4045
9279 5025
5530 8725
8660 6634
7204 5768
9349 3426
8678 6146
6089 8081
7954 8871
7327 5079
6235 3314
8199 7818
5373 8672
7858 12
5316 1642
7251 6611
7445 4443
9244 5062
5861 7720
8761 8157
9334 2329
6659 6231
8937 5719
9282 6142
5007 4955
6909 5101
9055 7703
6505 2812
7807 5116
6873 1633
5225 3253
8205 6583
8599 486
6720 4546
5179 6604
7319 1154
6914 7780
7088 9417
7751 2284
7724 3478
5417 5332
5539 2283
6866 9521
6386 7519
5091 2977
8645 9190
5445 7820
7187 617
6541 1167
7774 3456
6229 1915
9279 4158
6485 6855
6638 8239
9141 5549
6167 3738
5242 6443
7633 499
5887 6077
5367 7320
5239 2186
7063 4099
8971 2542
6592 8536
9430 1304
6255 3135
9279 3382
8726 1562
7438 9734
6555 6912
6737 2078
8213 9368
7838 9100
7618 7897
8764 8408
7867 276
7589 1780
6581 4296
7561 5016
8339 9715
7578 593
5165 4547
5795 3326
8945 5767
7148 6151
7672 8813
8646 2111
5375 9345
7257 7527
7773 1386
5654 4796
5764 8923
7414 3736
8146 6192
8545 7698
8476 5231
8923 3191
7107 3710
9051 3466
6912 3607
8029 9874
6541 3860
7864 1778
8110 6495
6979 5124
5950 9942
6687 9503
7341 7370
9298 8064
8858 4582
6543 335
5616 1100
7375 7902
7079 6899
9439 2183
6559 9936
7805 1791
7135 6712
9173 5041
7301 5355
8247 4302
8138 191
9444 7536
5244 7699
7216 7451
6451 2413
5110 7012
9524 525
6557 9669
8756 7792
6092 632
6014 3316
6202 7652
7907 6565
8577 1476
6314 4868
8918 3256
5342 1669
6693 1223
7298 2824
7804 5572
6352 2182
5378 4257
6606 2892
6210 9341
5868 7424
7453 1074
5739 5384
5394 7774
8212 5320
6711 3527
5662 2305
8803 8558
5054 9608
8198 3438
7516 9985
6087 3753
9263 1892
6858 3572
7286 899
6739 6959
6840 8529
6079 7066
7806 4309
5516 7433
8223 8276
5633 8575
6229 6893
8425 6435
6065 449
6714 889
5194 9470
8076 7249
9147 5602
5710 9089
7895 5870
8859 113
6455 8704
6646 5717
8441 741
9391 8628
7160 7129
8843 2915
7372 4456
7916 4321
6472 5047
7680 1717
9421 4320
7572 2912
7472 6301
8095 1973
6255 2323
5098 2432
8797 3351
6998 1106
8181 9730
9558 5686
6136 2632
8302 447
8578 9632
6633 3503
5766 5010
6592 3062
6868 8415
6528 4094
7041 9253
7057 161
7370 8888
6251 3614
7659 3832
5861 6478
9169 4339
5169 2455
6429 8122
5690 3420
6128 7573
7500 860
7878 1943
8152 8746
5499 8656
7253 5424
6283 4022
5510 7899
5956 3482
8900 2368
8563 1891
8807 7803
5434 3052
7649 6324
5436 9879
8646 2371
6664 3970
7306 1264
6663 3129
7244 1019
6117 3352
6121 2073
7059 7678
7846 7909
5868 7825
8102 4735
5925 3335
6507 8180
6462 4567
5149 2931
9244 4875
5284 4471
6917 8733
5918 9507
9405 9153
7803 7196
6264 3016
5838 9041
7847 3120
9054 5528
7636 646
5743 1411
6449 2032
7659 7031
5317 4489
8679 5951
7130 8093
5155 5144
5094 7301
6378 9526
9280 9028
9069 6235
6916 5260
5684 5888
7263 8014
8480 7826
6086 9820
8022 2081
7321 9110
8586 1335
7541 5370
7956 152
7304 3922
6662 9146
7174 4546
5094 4390
9346 135
5155 1877
8181 8854
7175 7485
5780 9980
7328 306
5638 2452
7149 5050
8452 5254
5952 308
9072 2551
7132 3963
9495 1222
8165 2252
9026 3196
5307 1841
6320 5160
8609 9761
5704 131
8971 2953
5906 3929
9005 60
8935 5599
9395 8842
5438 3480
9418 5856
5568 6893
7255 3290
6851 5796
8130 9533
6425 6820
9121 8897
6960 2451
8455 4420
5857 3743
6952 324
5735 9841
9201 2830
7634 5405
8536 1411
6841 2373
7655 2245
9341 5595
8417 734
7860 8068
7218 8160
8789 5336
8897 252
8945 472
9118 7668
7176 7053
7848 6095
6615 5398
6903 2137
6642 2459
6841 6351
9491 1116
8918 511
5632 1945
8441 6705
5417 9099
6570 8007
7106 2869
9053 5406
7946 7311
5440 8211
5097 4413
9235 250
9778 7126
7504 1394
6108 6381
5303 6953
6635 2490
8772 3210
9315 9375
6208 2627
6745 3768
6146 2308
7938 9175
8624 557
9000 5233
8834 2657
5110 82
8709 1025
5787 5790
7495 9967
5076 5186
5063 208
9257 9228
6876 1759
5795 6763
8030 846
6110 1475
7975 9186
5600 1363
9674 6178
6397 3180
7309 9909
8399 5140
5324 1688
7842 6022
6021 9077
9476 8571
9356 722
9113 1771
8320 616
5445 1814
5480 9772
8622 8153
6982 6617
6565 9704
8550 6154
8321 5450
6203 1199
5132 2174
8994 4673
9348 6047
9716 2630
6011 1251
6136 1788
7114 940
9423 5220
9184 1929
9669 3905
5631 1756
7049 2134
7636 2828
5465 9569
6710 4375
6414 20
7079 5308
9156 2269
5561 5007
5543 6303
6603 7039
9607 7299
6880 8650
9784 9455
8268 1799
7424 44
5777 1471
7535 1904
6012 4168
8719 4372
5891 1446
7348 5597
8397 7463
9841 7464
8307 9302
6797 5157
6347 2956
8272 5276
9767 906
6308 4488
5365 8510
9131 306
7195 9478
7274 7326
9100 6379
7699 3098
8024 7736
8288 1588
8608 9381
9749 4043
9220 1986
8205 8663
6726 335
9351 8365
5619 67
9852 5718
6290 6066
5467 4831
8655 2789
9584 2205
7238 2450
8479 665
6645 9137
7685 4100
8906 6358
8515 3860
7898 1142
7453 1158
6481 9116
8159 7511
5576 3616
9623 7727
8919 9614
7864 6446
9458 4152
6396 9141
7402 156
7394 7146
5537 1920
9165 3922
8535 661
8623 5034
9500 3617
8814 2568
6044 4447
9886 8556
6265 7213
9854 5886
5698 3678
7561 8498
7875 6169
9761 9442
6955 2481
6248 803
9021 483
7904 8212
6524 7055
5097 7893
7103 5203
6747 6674
5555 5534
5483 8899
7041 6148
7524 6743
8142 8098
7590 2454
9134 343
8076 2726
7116 7993
5376 6873
9148 1486
5337 4195
8215 6393
6973 5989
9722 1283
8941 4043
8652 8947
6892 2845
5530 6346
9031 5457
5205 263
7175 5385
9343 6267
9457 4739
7557 5007
8346 5738
7962 8687
9428 5990
7919 8056
9039 7092
6423 9301
9620 4531
5951 7694
7297 2783
8518 4867
7821 3431
7059 490
5746 8656
8628 5678
6336 606
7240 5066
5396 206
6485 9480
9741 8309
6887 7493
5848 9534
6375 3248
6275 5946
9931 93
6712 148
5296 4903
9122 6849
8619 8016
5744 1277
9192 2927
5593 1654
8581 3186
9552 914
5727 2978
6627 478
6612 6931
9719 7978
5820 4629
7113 3284
9605 9252
6909 5080
7598 552
6167 3963
6330 9628
8889 1845
8220 5002
6924 9754
6089 3302
5754 3259
5678 578
5460 207
