5000 300
2583 3555 56
1451 2258 83
1284 3106 81
1542 2820 31
2418 3483 79
4098 4328 81
1977 3384 40
4536 4931 18
529 3288 62
391 1167 83
1535 2766 100
714 2087 46
105 640 59
2327 3790 59
530 3974 53
650 4714 60
1403 3563 99
743 1839 14
3275 3974 73
3708 3842 96
842 4822 83
686 1040 13
869 907 15
1797 4255 38
1004 4519 17
2153 2732 30
3237 4419 37
3702 4252 11
1805 2593 15
1636 1696 17
1519 1814 21
3001 4334 12
1907 4924 65
1698 3561 67
1197 1895 11
443 2220 5
1904 3840 62
1444 3178 37
4029 4896 66
3759 4245 50
1823 2693 19
2572 4269 40
2325 4297 1
1573 4794 79
417 4477 22
2508 2717 1
576 4011 71
3168 3341 78
622 2811 27
94 2493 61
2076 4420 3
1121 4998 8
1496 1542 13
1344 1876 49
2830 4159 23
88 1217 40
640 4411 70
1357 3036 39
2013 4386 77
1441 2254 15
1531 2354 55
967 2077 92
1588 4714 64
873 1070 74
1361 3564 66
2121 4518 15
2574 4672 89
4525 4961 45
631 1967 88
2423 3915 35
1968 4149 75
568 2893 3
2609 3639 15
2165 3441 3
336 3936 13
856 2094 78
194 2749 50
2020 2674 41
2293 3541 20
572 598 52
342 4144 47
4148 4522 78
769 4464 40
2906 4291 86
2086 2092 6
3117 4366 75
175 2333 65
977 3368 33
528 1423 51
1237 3548 2
1379 2507 82
482 1425 90
2946 3113 14
4255 4650 100
4265 4363 87
989 2107 24
3659 3852 7
3321 3817 59
1006 4664 16
36 2559 18
58 3805 96
1304 2280 35
2989 3570 76
3095 3272 40
2533 2568 45
432 2923 50
643 1145 93
1165 3988 65
1471 3299 52
3275 3519 25
601 1175 82
3883 4424 27
372 2713 33
2763 4000 95
3368 4825 50
3827 4733 11
2749 3694 67
1197 3804 79
2343 2541 26
3052 4534 13
2107 4815 44
2439 3786 11
2475 2505 95
1881 3463 94
2877 4693 19
534 3143 9
274 3689 58
3583 3846 80
3300 3479 29
829 3701 31
1532 2281 70
377 4576 35
1059 2639 24
1260 2203 15
2832 4201 45
498 701 5
2022 3938 93
1083 1406 98
980 2999 54
452 1746 90
3990 4253 74
1122 2729 34
2779 4182 67
58 1691 39
703 1162 34
54 3470 1
1120 2637 27
3244 3385 83
2391 2625 30
884 4055 27
1156 4790 21
2280 2387 44
15 3225 92
759 2645 12
1406 2942 22
1822 3633 51
3219 4083 68
4593 4864 55
894 4338 9
2690 3484 80
2329 4376 53
3787 4268 73
1595 2846 45
335 2168 86
636 796 57
1055 2758 55
4604 4902 70
1085 1695 7
1341 4575 61
2141 4863 56
693 2633 34
965 1198 60
4694 4859 66
55 3606 96
980 4373 26
1468 4297 44
2389 4504 68
3900 4277 76
3061 4844 47
811 3947 9
2241 4892 36
853 1134 36
1625 3106 23
2068 2764 41
1113 3915 84
3527 4933 62
1772 2680 33
1318 4153 73
1463 4941 10
483 4315 75
1268 3138 59
2097 3584 27
763 3324 28
1019 1772 64
863 4964 88
3047 4302 46
1004 4301 72
3987 4196 19
4290 4681 87
1047 4213 33
120 630 67
1504 3291 84
1989 2327 18
2110 2137 89
4266 4493 6
1358 4503 92
1056 4598 20
982 1098 50
642 1726 62
2132 4280 22
2523 4976 93
3259 4688 49
505 4520 73
2446 4228 80
2510 3631 2
1283 2956 91
184 1997 82
3456 4195 23
2339 4765 92
1811 4054 47
2371 4456 28
2697 3875 100
2351 3335 89
1547 4406 58
1503 3920 36
1453 4864 89
3983 4831 6
379 4704 48
1102 2190 39
15 3603 34
2671 2833 49
22 2806 69
220 2625 3
121 3951 70
1228 1949 69
2792 3802 21
2103 3027 36
1970 3192 42
3724 4922 68
223 3368 33
2061 2534 89
1529 2139 34
1278 2180 94
3063 4193 91
635 2892 63
590 1657 35
2399 3331 28
1934 4366 57
600 3217 78
1289 3736 18
1436 4476 48
1622 4299 65
3191 3516 88
1624 3803 39
392 4674 41
993 4937 18
801 2011 95
340 962 87
1665 2063 7
2056 4441 83
1049 3677 20
2673 3997 61
2484 3874 88
397 4137 94
278 4304 27
1304 2421 82
3998 4388 19
2258 3280 32
260 4622 30
1651 2838 39
107 682 23
1771 1995 54
711 2121 3
1254 4462 71
2265 3150 19
2267 3812 14
291 739 10
2590 3573 86
1968 2987 26
193 453 4
1229 2677 26
3120 4571 61
3481 3788 100
772 3719 30
2871 3901 66
252 2401 55
1152 1747 84
3901 4555 83
3472 4654 92
778 1687 40
2672 4489 85
1644 3692 50
2682 3293 49
1226 4179 32
1753 4348 24
868 2148 87
3983 4613 60
1243 1717 25
309 1251 7
2938 4054 58
2384 2443 25
4606 4732 79
666 2505 74
3430 4537 56
759 1115 21
389 4259 1
914 3779 66
1262 2085 28
790 2449 99
1482 3117 34
3694 4307 81
2497 2845 53
3582 4812 8
2411 3047 54
19 47 2
1811 2939 18
1929 4238 40
3420 4668 100
335 2516 27
3210 4302 99
2986 4701 20
2896 3051 90
1625 3164 58
1360 2225 72
2761 4899 72
3202 3808 5
2772 4794 57
180 1475 13
77 3154 60
1369 1918 73
223 4065 49
130 2197 28
2315 4852 18
761 2473 76
1082 2997 22
3176 3500 88
379 4737 100
816 994 64
2419 2602 94
598 4575 34
570 915 96
2359 3771 31
446 4479 85
2075 3943 10
1955 3212 51
1302 4777 11
4348 4901 43
1285 1915 61
3895 4124 30
555 597 78
417 4688 18
704 4635 32
791 4124 87
696 2559 68
960 1078 94
1986 2288 81
2271 4843 22
2933 3816 62
1361 3076 84
2445 3746 6
2490 3726 84
723 808 24
1371 2254 41
1052 4667 6
287 3156 89
279 1212 39
1565 2989 35
1474 1479 86
739 2979 97
405 4528 29
316 3975 13
3341 3690 59
716 1620 97
3122 3826 51
540 2432 52
146 2224 62
400 3467 36
3689 4719 97
2439 2677 31
1386 2756 92
582 3101 80
2375 4776 49
631 3564 88
1138 1881 96
1225 4773 18
1136 4520 97
1285 2424 95
1088 3773 51
1493 2027 87
293 4769 64
1056 4337 54
1675 2372 56
1862 2796 31
724 4260 40
1458 4883 9
1407 4867 76
1343 2177 42
1351 4263 10
1387 4701 86
1911 2402 79
3963 4515 66
81 3477 64
3986 4886 99
821 4263 75
45 941 79
1704 4880 20
1315 2065 88
3460 4105 78
998 4657 76
402 1284 98
2978 4087 68
3278 3585 12
563 1582 49
4 1757 42
878 2583 38
579 1268 98
1287 1488 58
213 4505 58
2074 4379 79
1447 2153 40
4657 4870 26
2263 4717 21
2250 2554 1
1198 1974 48
2942 4311 7
1258 3888 34
3439 3589 41
270 3017 91
1849 3781 95
942 2385 33
1046 4010 48
2821 4106 94
330 1127 60
1318 2228 56
2027 3760 34
1067 1277 12
2374 4978 51
719 2730 95
1009 3755 14
1936 2525 27
1666 3045 11
2313 2586 43
3339 4763 79
1042 1702 8
195 3766 61
1559 3260 95
2030 4523 22
3372 4500 47
1827 3795 31
1229 4781 32
2379 3044 69
391 3398 21
1031 2722 77
1804 4454 9
2824 3839 65
550 948 2
4095 4328 63
2302 3684 45
1323 3454 89
2431 4767 48
2705 4052 74
20 1439 82
2803 3011 94
1928 2703 71
1713 4819 2
1435 4458 17
1033 2015 55
827 2963 1
166 4364 30
2144 4425 17
2759 4360 18
2080 3966 14
930 2533 6
116 4239 3
2186 4668 56
4442 4696 4
273 3522 89
1570 3283 29
1284 3268 93
1158 4631 1
3527 4192 76
3139 3677 48
203 1485 51
2157 4946 45
283 3071 8
1283 2837 28
840 2656 81
3750 4870 60
665 3114 86
910 3857 4
63 188 53
1561 4000 85
1612 3277 17
2953 3329 53
1165 1732 26
1296 2190 96
1715 3742 70
29 3359 2
2249 3900 49
4116 4753 41
3196 4660 39
434 1012 24
2508 3679 69
3290 4736 49
282 4006 83
361 3115 64
1345 2373 68
1035 4372 83
2995 4192 8
2640 5000 17
2785 3390 100
373 2674 25
2506 4486 21
3358 4697 49
2984 4327 73
91 1113 29
2346 3432 86
1072 4540 70
1453 2187 12
828 990 28
2543 3612 8
281 2616 22
135 3544 12
441 4936 48
377 2550 78
1414 1833 43
510 2910 19
4456 4969 40
3258 4016 22
2074 3620 99
2316 4148 71
2811 2819 11
1828 4727 96
3459 4548 58
387 802 21
1611 3063 30
3972 4945 8
379 1391 84
2408 3834 31
2158 4301 40
1316 1720 22
1700 2833 71
419 3867 87
683 1276 90
1795 3832 4
935 3602 77
676 2293 82
980 1161 22
2965 4743 68
3153 4358 93
4372 4856 94
2987 3173 51
4419 4445 8
1349 2985 12
3712 4401 68
990 1657 80
2885 4416 29
1555 1595 42
222 913 86
1250 3814 45
3439 3634 54
2133 4257 50
4532 4663 6
394 4798 83
96 283 51
553 3119 34
2882 3119 39
2816 4087 42
2697 3339 63
3250 4438 69
3455 4401 100
4721 4867 92
265 978 8
2528 3966 91
308 3701 69
3103 3963 76
3278 3645 93
157 4251 34
2088 2549 5
1704 2164 87
2928 3533 80
2133 2212 51
1575 2120 97
3731 4433 44
1606 4601 43
3392 4260 85
3092 3596 38
3815 4208 63
2656 3200 16
134 487 61
1041 4670 15
2899 3223 90
933 3009 96
127 2716 44
3816 4254 72
98 2866 69
320 1744 91
2905 4378 22
2095 3687 43
155 1616 42
3556 3641 33
4073 4209 74
797 2276 16
2293 2952 50
2406 2615 82
715 1151 45
882 4848 44
56 3607 96
2210 3615 47
1351 3891 31
4382 4985 59
2785 3306 15
1127 2727 26
2467 3614 29
276 630 56
1417 3224 30
1841 4929 54
226 1899 37
584 4435 34
1953 4178 70
207 1962 99
4016 4569 54
3158 3965 27
2201 4658 26
2236 2922 1
3787 3896 83
2093 2616 78
1142 3850 1
4409 4581 11
231 3285 71
4018 4568 57
1424 4694 52
271 1817 34
1124 1955 60
1206 3053 18
268 1416 75
2819 4827 68
2699 3006 25
2254 4771 50
2351 4035 59
2434 3387 97
147 709 57
2949 3224 45
2426 2704 82
540 1754 77
807 3035 64
146 4413 83
1830 2868 7
1446 3487 45
2450 3626 89
2022 2516 49
1261 4822 86
1255 3700 93
1239 3216 76
1479 2883 11
705 788 24
1430 4061 55
3402 4772 73
432 4042 97
2251 3958 91
256 1132 69
1827 2232 83
550 1689 68
388 3809 69
1647 2570 88
4169 4356 28
4244 4445 74
907 4272 53
491 4794 31
469 2913 18
2213 4416 76
1748 4324 94
2014 2144 77
1022 1764 97
2109 3703 86
1776 3705 1
653 823 70
2951 3196 35
430 2059 41
138 4221 32
663 2146 89
665 3347 78
267 364 61
3246 3314 72
1196 2384 62
1596 2842 80
803 2828 56
116 3598 43
2440 3545 15
1274 2529 54
633 1622 26
742 4531 14
759 2132 30
1500 4737 48
2365 3197 98
1506 2380 9
2891 3954 91
1297 2530 50
61 1367 43
708 2990 73
1145 1571 46
1108 2044 71
307 1412 14
2194 2492 15
3335 4907 84
721 2111 48
18 300 70
3081 4662 34
2004 4270 86
809 2697 36
404 4811 68
810 1729 15
271 487 63
1439 2220 12
2960 3844 15
1841 4467 48
2148 3009 23
3081 3151 58
25 1982 25
1633 4101 98
3189 4251 14
1336 1859 84
1190 1852 86
2913 2914 89
912 1107 56
1720 3671 39
7 519 22
4477 4496 72
4258 4871 14
3363 4230 29
2767 3494 87
3422 4583 15
1457 3923 96
1837 4849 51
116 4001 20
2944 4799 90
1989 3303 48
2784 4110 22
2078 4340 58
1540 1698 88
2707 3706 51
380 883 43
3261 3534 14
2689 3908 42
2614 3136 8
4427 4850 75
1220 4343 31
410 4168 31
3846 3988 29
1927 3620 45
1099 2418 71
518 2760 43
1351 3674 40
1133 3394 86
3240 3573 20
2219 4101 72
599 3030 10
1157 4543 64
1786 2793 29
1169 4584 8
50 3271 79
3055 3653 39
322 341 47
122 2244 40
712 4371 2
3961 4425 88
493 3007 70
1338 3468 54
1888 2439 85
852 2769 15
1299 2713 6
619 3299 58
1219 3454 52
504 2894 89
4134 4845 12
777 2784 79
151 2650 73
2466 3479 86
2507 4091 52
3282 4564 82
2433 2901 10
2262 3011 8
2829 4964 44
2871 3470 74
2199 2456 70
812 3511 36
1007 3638 72
1404 3333 77
1536 2884 74
3166 4647 58
3902 4267 44
921 2946 48
1622 1642 61
1178 1333 28
163 745 47
276 3656 51
2229 3046 39
332 4809 32
1482 4767 23
1788 2075 64
155 4509 21
2568 2605 80
179 2907 39
3590 4255 58
2319 3880 69
1515 3481 28
1372 4345 61
456 549 93
29 4117 90
2493 3947 28
1885 2375 56
858 2985 27
1632 2327 21
857 4207 37
359 3135 33
2487 2619 58
1343 4400 60
396 4870 57
566 3147 91
928 2383 20
2824 4107 5
192 1059 18
1102 1688 48
896 3218 80
4668 4673 74
2860 4110 63
736 1417 91
2843 4865 45
1879 1946 31
208 2439 15
793 4951 50
676 1151 1
2050 2247 86
549 4598 19
887 3094 83
1764 3671 73
123 4017 4
2468 2790 47
942 1202 97
1411 2624 65
881 1323 2
2456 4974 25
1436 1475 40
101 1045 24
938 1725 97
223 3008 90
3881 4635 36
495 4103 96
620 3351 20
1666 2128 99
2345 2774 71
3096 3822 17
991 4527 70
307 1912 97
2495 3338 40
636 4970 50
2233 4067 53
2966 3882 43
1812 2858 73
1834 3277 4
3188 3608 63
2282 3747 15
657 2028 34
381 4558 16
1119 1546 46
1165 3182 28
2329 4583 72
188 1930 71
1836 4224 85
1763 1988 7
2189 2349 70
2305 3681 87
3127 3767 83
117 4301 55
123 1093 31
1403 2171 82
187 1504 44
181 2912 13
144 4134 97
1655 4527 84
1545 4982 68
2104 3690 21
2713 4025 29
2472 2893 95
2415 4090 35
1239 2989 60
1121 3281 15
1320 4948 76
768 3366 23
2131 2153 37
2403 4313 39
627 2880 55
836 2742 83
3569 3930 4
467 2422 23
3067 3808 5
860 1283 71
273 3794 64
185 2058 3
1568 1823 29
1838 3932 7
1100 4201 1
613 4029 83
61 3515 17
288 4779 70
1700 2420 5
149 3604 13
2407 2777 43
1167 4014 16
1976 2571 57
1577 2785 11
2416 3556 47
1587 1723 18
365 1895 96
1956 2516 26
2889 3755 20
3132 3415 24
3122 3592 87
2754 3774 32
4295 4647 91
1462 4931 17
3694 4718 42
2585 4490 82
666 2110 88
4168 4904 22
716 2291 63
3204 3911 99
3870 4394 1
1490 4704 13
43 2638 57
1106 1270 69
1882 2768 93
2319 4452 34
1276 1374 41
1302 2579 69
886 4815 70
1632 1664 11
342 3343 72
774 1256 50
1752 2785 41
1206 4014 32
151 2456 53
1628 1899 55
2093 2794 93
2532 4062 82
84 3392 2
2151 3741 99
3844 4102 96
3030 4222 28
459 4367 97
127 691 25
1455 4924 10
3429 4331 33
533 3835 8
457 490 87
1426 3657 77
225 2962 8
2502 3530 87
2266 4318 90
683 4494 52
1375 3062 79
284 1177 20
3025 4630 95
2406 3284 55
1979 3235 95
4163 4199 13
4317 4399 1
661 2582 16
36 2449 3
1013 1896 15
778 3955 43
3220 4765 56
179 930 20
273 1409 14
2522 4869 49
785 1825 65
1968 3467 70
1767 3495 84
601 2291 81
377 3640 91
712 2554 87
3127 3413 74
2096 4680 99
1179 3318 40
1188 2675 60
1993 2223 25
1892 4284 63
237 558 76
4284 4965 55
468 2872 68
747 2988 11
499 3052 48
155 3888 17
2428 4115 92
518 3340 10
4476 4738 81
1450 4579 41
405 3110 70
4434 4595 1
4578 4736 82
1019 3588 27
3826 4745 27
1180 2163 21
1766 3544 72
2298 2478 64
4177 4208 66
291 4316 34
983 4131 56
209 4618 2
1969 3346 51
3428 3484 25
572 2194 65
2004 3279 94
583 3627 58
1448 3531 55
2915 3571 74
465 1883 15
3999 4205 35
1549 3141 70
502 3252 16
2410 2645 54
118 1406 99
3374 4173 38
2430 4392 65
81 3952 71
1372 1397 3
1932 4051 11
323 968 54
1367 4718 23
4408 4978 97
1385 4741 2
488 4433 78
2931 4239 60
3689 3891 68
1367 2598 24
207 4448 78
1258 4434 7
4110 4566 9
111 3023 91
786 1461 65
1045 2802 70
562 4173 24
2214 3282 97
3286 3660 11
2352 3035 58
3743 4513 28
262 4456 99
786 3697 5
1374 4429 67
3268 3728 58
16 236 60
2931 3524 45
870 4118 6
3338 4369 16
842 2840 81
263 1768 32
738 4659 71
668 991 25
4271 4987 69
2557 4160 74
246 798 8
676 4728 6
2514 4490 67
287 1769 34
233 3040 22
459 3520 53
187 708 69
3884 4115 82
2264 2583 92
3602 3790 32
1279 1627 81
669 2258 76
970 3984 25
311 4251 17
290 4780 12
615 1382 47
1855 4556 84
765 1108 27
2644 2650 53
553 1369 33
929 3856 48
2709 3405 43
3525 3718 84
750 4222 13
102 4343 96
803 1716 20
1335 2199 24
906 2986 27
384 2592 51
314 4060 2
39 1341 91
126 3682 91
27 1370 68
1087 2301 52
1856 2088 49
94 4179 95
1135 4582 20
3649 3963 34
3428 4403 28
3756 4859 45
1195 2354 34
3193 3251 63
1057 4460 74
1123 1530 51
2770 4489 80
119 2487 91
611 1248 28
2829 3739 3
1249 2498 67
3075 4954 62
1752 1806 88
2516 3601 91
25 4344 35
1208 3477 81
610 4149 93
118 1133 13
2357 4425 27
1227 3586 24
3254 4625 40
407 535 10
1066 1152 75
3184 3556 61
2556 4365 20
1954 3019 24
3119 3163 12
857 2134 8
2005 3184 47
352 3815 57
2236 2960 54
2919 3907 50
311 2393 8
1806 1964 26
562 660 40
1836 3547 91
3016 3530 1
1222 2155 9
162 1792 26
1285 3846 79
3345 4109 73
1670 1901 4
140 1010 31
934 2659 77
2866 3893 97
1741 3952 22
2475 4921 50
526 3675 81
2720 4148 73
4047 4476 80
189 400 75
618 4715 76
1039 4149 36
156 3848 96
1809 4465 63
412 1916 83
2193 4527 36
1571 2101 51
1722 3462 85
161 2124 25
748 3242 53
605 1057 65
1236 4880 76
4090 4321 58
921 4988 84
3530 3845 47
1630 4076 100
1697 4657 95
65 3869 67
1462 4602 89
2119 2857 11
2142 4670 94
256 1484 91
536 638 12
495 4360 3
3391 4042 6
4183 4740 64
3430 3634 19
611 2511 65
2164 2909 70
8 3470 64
1060 4496 57
463 4044 52
847 3255 60
2725 3585 26
320 4654 43
76 4100 92
306 2476 94
1827 4893 62
2531 3878 42
1287 3875 62
1000 2384 29
3783 4905 45
641 2652 13
1259 3335 13
2987 4679 71
841 3909 92
80 1477 23
4117 4255 81
1023 4672 3
1079 2619 100
677 1612 87
1008 2612 50
1225 2165 69
973 2659 33
3830 4143 46
3507 3576 84
523 1338 20
1648 3494 97
3451 3562 81
1181 2369 87
4629 4713 70
2294 4702 31
1261 4604 98
3101 4038 2
4107 4816 49
2565 3293 35
1570 2022 66
884 2323 47
1910 3428 29
2123 3175 68
3896 4458 96
992 1093 99
1728 3585 95
369 901 28
151 4488 42
951 4383 31
1393 4908 19
649 831 13
356 1379 79
1532 4972 92
325 1830 100
2668 4283 11
2988 4963 57
1197 4236 1
1193 2794 70
911 4928 94
846 4403 8
1455 3468 74
470 4156 12
2096 3965 85
403 3557 84
2036 2223 51
1996 3461 88
1965 2988 26
2776 3853 15
2727 3132 14
1190 1610 49
459 1402 83
3450 3767 77
1503 3454 42
886 3075 2
1733 2973 29
328 1212 89
1988 4068 71
910 2769 100
1619 3738 82
84 1603 95
3445 4868 27
778 3806 57
1598 3572 81
1545 4898 48
1711 1858 30
169 258 71
85 4979 66
488 4917 81
309 4295 87
1379 2673 88
1907 3155 86
1431 1944 94
678 4769 18
184 4563 69
939 1060 66
1656 2394 54
781 2282 67
1721 2698 49
3163 3312 55
2885 4328 71
2094 2666 50
2694 4120 51
2612 3073 93
2473 4469 18
1592 3089 51
2636 3779 85
1044 4774 55
3412 3636 68
918 3184 35
1729 4330 93
1229 2874 56
1288 3910 98
213 1229 51
418 3158 68
951 4975 47
4666 4995 26
4089 4579 87
3154 3308 68
1668 4457 32
974 1395 2
962 2948 89
343 1369 69
917 4324 79
1162 4199 58
2503 3503 1
1727 3509 31
1154 1448 71
188 2663 85
2969 4161 74
688 4150 4
4076 4187 98
296 3693 98
1367 4362 24
2015 2801 29
1708 4721 17
2214 2917 77
500 4177 24
1167 2936 50
3537 3798 74
4012 4218 15
3372 4517 90
168 4748 48
2063 3371 10
2160 2727 26
1181 1646 7
4587 4611 70
2498 2860 69
2724 3677 35
319 2632 60
1195 2288 9
3030 3169 2
1029 4944 78
431 505 36
629 1573 19
154 4457 64
291 3612 94
2563 2578 12
4777 4884 78
893 1306 3
2658 3027 82
139 2026 52
1950 3043 20
225 636 4
304 2325 93
1748 2254 86
1479 1767 45
1226 2233 63
3565 3580 97
300 4862 81
1632 2852 35
1612 4046 12
1135 3350 13
2691 4156 61
3161 4572 64
1675 2007 5
744 3748 95
1725 2827 29
287 3858 83
1227 3877 81
852 3121 99
2819 3413 42
1735 4186 55
4435 4638 91
1142 3691 58
2611 4460 59
1608 2325 56
2006 3154 9
703 1279 11
573 1650 46
2345 4551 56
3153 3946 76
689 2890 60
1165 3970 92
1951 2451 79
1516 4282 99
239 4104 41
912 1950 83
383 4363 17
2919 3199 9
2469 4206 30
2048 2266 82
893 2230 97
996 2375 81
318 3131 93
3973 4312 72
1997 3256 95
1157 3126 42
2502 2559 90
689 2538 50
73 202 13
1827 4657 94
1071 4460 92
159 4912 77
3036 4603 43
2099 2922 63
1351 3162 78
2022 4227 41
1713 1850 39
1042 4522 81
1072 2444 55
2841 3907 99
243 1139 83
6 4755 42
1095 1269 35
1795 3050 87
1393 2390 57
3727 4827 83
853 1348 37
1086 2660 87
185 911 55
3396 3425 37
396 2605 51
2044 2731 85
2690 4288 46
343 1330 48
1073 2062 55
1034 1851 48
1859 4202 74
124 440 3
82 4589 97
1801 4186 39
1900 4077 39
620 2928 69
414 3538 48
3148 4478 91
858 4866 71
2367 2918 16
377 420 68
2221 3983 23
1855 2550 55
3153 3159 66
4556 4637 31
984 2542 76
343 4381 36
2983 4462 57
1707 4229 76
909 3823 62
156 4455 1
797 3457 72
2968 4494 63
4015 4266 26
876 1015 92
201 919 81
1298 1811 51
3032 4527 100
243 2861 79
1731 2180 47
1341 4054 20
4042 4852 35
1471 2475 28
1446 4192 21
1252 3058 64
2325 4302 48
1699 2262 18
722 3660 12
1627 3202 74
4131 4234 95
986 999 52
168 1854 26
1014 4345 34
844 3965 35
962 3082 64
3915 4363 84
1531 1771 74
62 2830 6
1461 2647 71
2613 2875 94
3556 4731 52
145 4782 96
624 1192 54
1663 2580 3
1166 3818 5
154 389 59
1979 4385 90
1574 4957 5
609 3443 48
1279 3246 7
2252 4649 83
1985 2515 56
3722 4343 58
1192 2602 5
1931 4569 36
3 1741 22
1120 4070 46
4196 4381 37
1505 2517 73
4123 4415 86
1408 2277 32
3573 4989 34
1203 4805 91
2458 4384 96
3944 4504 63
2314 3192 96
843 2017 39
294 3611 23
934 1067 83
3387 4785 46
2294 4479 70
226 2469 14
3126 3302 25
1852 3351 44
3119 4633 65
2987 3143 85
894 2668 65
724 1361 29
256 2104 100
847 4514 15
215 4505 18
1499 4974 22
1391 4017 93
1091 4646 57
2036 3938 26
1933 3077 19
4154 4324 6
48 144 36
2263 2908 31
599 4272 73
1313 4862 38
1756 3552 56
740 2722 32
368 1362 67
510 3286 78
3290 3377 5
964 3638 75
103 4834 83
481 3824 26
157 3500 55
310 1749 25
857 3666 73
943 1221 37
2110 2421 5
1315 2316 87
3097 3572 15
455 4673 15
562 3648 72
2181 3925 7
4079 4426 17
2311 3127 17
1854 3280 61
1164 4291 66
3873 4341 15
2210 2901 17
3077 3688 14
3318 3337 75
377 4998 5
1567 2339 21
3385 4618 24
525 2883 37
4081 4455 86
1299 2904 63
3298 4734 76
562 4128 83
3677 4458 77
2581 4328 85
817 4742 28
2626 4985 3
3634 4057 60
57 2099 36
1645 4796 80
3094 3388 25
1769 3358 91
403 4095 29
1779 3617 73
88 3077 85
784 3303 32
437 689 49
893 1003 76
309 443 45
1469 2062 100
1030 2480 63
596 1924 77
539 4860 40
1730 3007 17
2273 2373 41
2746 4652 81
99 3815 44
428 4789 86
262 1904 5
2749 3602 82
1168 4890 4
1161 4786 5
2309 2347 21
1282 2793 36
2941 3793 77
249 839 94
2069 2684 93
1499 2987 8
3355 4413 5
1280 2135 25
1546 3680 29
2495 3529 86
3149 3297 98
4513 4627 82
692 4624 53
3967 4068 62
2809 4435 13
1618 2033 44
1205 3670 97
193 1460 68
1193 1403 68
1913 5000 48
248 4533 56
285 594 14
874 4822 83
954 1180 71
1216 2861 10
3858 4188 23
1435 4405 31
1495 4158 21
2467 3739 32
675 2705 86
349 3789 18
2817 4214 25
671 1031 16
514 3766 70
1894 4253 26
3458 4349 17
4906 4960 15
563 3134 79
224 2010 93
3988 4066 27
3 3916 47
250 3078 75
3637 4612 88
485 2571 94
2160 4371 68
841 3248 48
596 3684 2
2169 3998 73
2430 2946 41
152 693 23
1510 4956 76
1389 3601 3
1328 1649 88
1019 2364 40
1175 3357 9
2504 4426 35
893 4715 54
2932 4877 60
1263 2472 86
1703 2211 57
2108 2754 44
1343 4738 96
2982 4900 8
3556 3885 24
4397 4622 57
4318 4828 11
3308 4466 30
1843 3270 78
3100 3744 59
3014 3753 57
1427 3935 23
875 3660 45
103 988 54
3294 4672 68
3209 4564 71
1994 3252 14
960 3313 89
1104 2331 31
365 2776 15
3199 4939 61
2650 4206 92
18 4111 33
2224 2763 55
2170 3952 53
3851 3941 36
3010 4660 68
3271 4843 42
4601 4834 9
458 3680 3
3254 3272 19
1118 1286 84
1417 2273 63
2540 3414 88
662 4533 28
1171 1727 7
1948 2499 22
1317 3140 41
2683 4306 96
3074 3171 57
451 3898 20
581 3157 8
1019 3646 20
1115 4905 24
429 434 37
890 1633 54
1831 3924 18
2586 4359 21
1264 3010 43
265 306 23
2080 3206 49
189 3718 31
1991 3476 3
12 3341 40
2776 3993 9
29 4853 86
112 4704 96
519 559 9
413 2868 34
1440 4294 47
1894 3209 7
1207 1650 93
1327 1508 85
2905 4080 71
632 4557 73
3879 4664 11
3587 4614 24
1399 3475 51
801 2054 38
2544 2602 88
3169 4958 16
1274 1430 17
830 1755 23
2594 3015 87
883 2642 31
151 3660 58
3359 3704 94
3395 4206 53
2947 3124 19
545 4121 29
1132 2992 14
438 1179 44
2525 4645 12
1244 3090 33
2969 3657 87
1229 2097 47
1895 2233 1
2582 4543 33
1140 2486 53
1546 2524 51
321 3216 9
1603 2228 23
3326 4493 92
2738 3287 91
2666 4100 5
3013 3452 50
49 60 68
1672 3575 69
832 2390 16
988 3691 78
1925 3854 84
457 3122 35
738 1355 40
1344 2467 8
1029 1725 9
2349 2465 92
3155 3768 90
1946 4480 51
3171 3529 98
1307 4782 58
2681 3706 41
1579 2307 3
3402 4468 41
1230 4540 80
2120 4628 22
4443 4733 28
2856 3828 79
1519 3822 2
491 1315 9
3131 4434 68
2124 2241 69
1804 4127 69
1468 4942 72
2806 3102 32
798 2679 77
145 660 58
668 950 81
4215 4806 18
3375 4660 61
184 3934 44
875 2636 44
954 3415 64
3833 4734 65
932 3762 31
2074 2172 35
3107 4833 31
535 1997 37
705 3350 91
2738 3861 68
222 1770 64
2184 3768 54
3560 3929 88
1431 3565 29
132 3838 52
19 387 30
1379 2360 81
1777 4057 100
1121 1638 98
523 1286 89
69 1424 53
2038 4127 88
1916 4470 63
64 1956 52
888 3862 91
3702 4313 65
1729 2847 95
1375 3363 66
2445 4843 25
1987 4730 32
2299 4227 20
19 1512 50
705 1203 4
1591 3579 19
294 2400 84
2628 4492 75
972 2791 97
538 4491 17
2177 4134 66
2600 4541 84
165 4220 37
4069 4655 87
2288 4335 99
841 2765 21
418 2602 39
914 1693 28
1418 3531 4
2765 3528 68
2573 4431 24
933 2479 73
1984 4340 42
462 4483 5
564 4514 54
846 3587 51
465 4413 28
2145 3517 66
4038 4627 6
1108 1662 57
1016 4049 93
1693 2251 31
233 243 56
732 4470 2
1549 3493 20
136 943 100
38 321 100
254 4747 73
2005 4948 98
1538 1771 39
3296 4726 71
2363 3386 35
1343 4501 75
2100 4126 42
576 2671 99
1876 2712 74
3830 4324 80
2237 3716 88
1087 3433 64
223 3628 33
49 427 87
405 4436 3
1488 3622 13
1036 4123 67
3947 4056 96
1060 2982 99
1086 1275 97
1955 4640 52
202 2272 9
80 1409 61
4375 4770 73
1646 1811 33
1833 2370 97
3492 4754 15
2881 3288 77
1476 4712 65
960 4705 5
3560 3659 36
2841 4382 13
2266 3381 98
1612 1698 49
946 3636 16
312 4649 97
2778 3507 3
153 3455 87
3563 3845 56
2181 4143 100
765 2753 29
1612 3017 72
1144 3959 79
1511 2945 26
3201 3943 96
1351 1852 71
17 2905 22
886 3542 49
2508 3477 49
1506 4516 3
331 2247 31
1576 4980 32
2662 3684 32
3815 4859 92
194 1928 24
455 4536 40
2972 3235 94
1062 2009 57
1949 2865 22
1164 1953 41
606 1156 67
1807 4106 41
928 3637 95
160 4675 67
177 3392 91
615 1357 36
3802 4558 94
625 3497 50
1953 4602 21
1884 4094 42
56 4181 89
275 4421 70
3767 4932 26
146 4334 6
27 3235 24
2649 3687 29
1226 4539 34
2093 4796 53
2424 3544 40
3396 4009 51
892 3527 97
1051 2645 90
2271 2391 73
582 3144 57
617 856 83
369 4536 17
1691 2755 97
993 4320 24
3224 3293 80
2380 4565 32
3082 3871 84
1693 2678 21
664 942 81
2604 3508 38
4121 4430 83
4409 4410 48
755 3512 94
2665 4875 72
134 1715 52
1525 4719 62
2630 3574 36
2438 4172 46
1168 4720 72
2998 4669 40
1219 2528 91
111 4598 22
2732 4915 63
1580 3559 23
2317 4102 32
812 3162 89
1949 2414 10
242 3111 96
1531 2010 79
3234 3569 74
3160 3687 21
1989 2927 23
3063 4582 90
252 605 48
327 763 8
404 572 5
432 2546 74
1119 2441 82
2765 3977 89
748 780 92
2746 4233 53
4246 4425 13
2053 4002 58
1805 3251 48
2300 3990 80
910 1024 67
508 4698 11
2848 4316 45
8 1493 18
3573 4477 33
766 3116 3
3215 3971 39
882 4459 36
4054 4915 8
4786 4920 5
2822 4946 92
479 1443 26
4451 4927 92
1777 4829 80
981 2473 20
2722 4881 66
3667 4073 30
1444 4090 27
371 2809 85
986 3459 1
527 952 10
2980 4527 30
936 2220 5
974 4072 10
925 2289 65
2715 3190 56
670 3144 22
1089 2756 70
1142 4294 90
2352 4452 21
2383 2421 40
2283 3423 69
2241 4081 89
2472 4153 42
4413 4593 73
681 1812 3
2362 2516 33
3365 3659 15
705 1607 88
192 4690 91
1471 1903 90
2814 4868 29
1752 2651 74
1506 3047 55
621 1394 24
1788 2912 62
1228 3205 16
797 2355 89
83 912 47
2279 4751 9
301 1238 69
1833 4876 2
2172 4625 26
1130 3660 8
2469 4155 47
1786 4681 37
2518 3717 76
1030 4466 96
1141 2222 73
177 3909 29
2851 3488 93
2644 3586 21
430 3396 14
1293 3960 77
2367 3074 76
1961 4016 81
1579 3110 19
425 2150 100
512 667 16
1354 2301 37
3136 4872 73
2592 3164 35
2128 4520 10
913 4867 38
1422 4176 47
3804 4949 90
1407 2146 69
781 842 43
2170 4850 86
98 4793 33
1832 2243 43
2734 4777 2
3578 4122 57
139 2747 77
1209 3419 80
2238 4398 99
207 4485 57
146 885 6
2006 4746 62
769 825 44
4576 4630 60
2107 3458 9
1346 1689 60
939 4473 1
3663 4721 20
773 4008 46
1286 4999 10
2822 3651 57
1957 2017 30
2127 3632 97
1703 4422 98
72 3501 42
1400 1592 9
1985 4613 32
1438 4222 76
117 1985 10
2470 4729 59
2168 2484 43
242 2424 76
1544 2189 2
103 1217 6
1412 4680 11
1507 4825 6
2444 2876 65
2202 3905 50
442 1063 97
1915 3366 84
3175 4791 39
227 4642 37
11 3651 2
2682 3011 64
2150 3193 10
386 4719 24
1124 1150 34
3713 3880 19
2615 4509 22
1907 4228 88
440 4848 60
11 558 75
3845 4330 18
1582 1897 99
3271 3974 81
285 3430 41
2547 4373 18
229 1043 51
1834 1898 57
1144 1189 90
633 1698 87
785 959 50
2681 4317 59
1288 1390 70
2369 4183 78
491 1477 15
1704 2665 26
82 93 35
576 3127 78
2701 4038 26
204 793 1
2358 4159 60
509 915 87
2190 4296 69
2182 3217 67
3258 3904 17
144 988 82
577 1862 70
459 2210 62
165 1189 45
1463 2953 79
165 4822 78
674 960 100
2660 4789 99
1125 2382 97
3858 4407 39
3027 3077 95
782 1594 26
510 1260 62
342 3598 49
471 2148 31
3515 4189 55
21 2755 88
390 2659 2
1216 3123 71
1912 3707 33
1001 1293 11
3185 4465 44
3436 4507 75
3950 4387 55
1029 4023 20
3413 4160 19
2656 4544 98
129 991 10
3467 4563 57
974 1699 76
1196 1399 49
3360 4457 60
1655 2453 19
1079 3490 8
3100 4024 44
3031 3512 4
2220 3206 51
1308 3560 3
1709 3215 11
969 4187 68
2506 4917 43
531 2226 63
2287 4417 73
1195 1869 46
2995 3391 88
1647 2243 80
508 4085 58
444 3955 11
1682 3654 37
3120 3791 90
1348 1820 76
2529 4379 1
2385 3118 40
816 2972 10
902 2886 69
658 1127 77
2520 4276 8
1790 4040 50
2031 3255 92
1243 2063 84
1785 3664 23
742 861 60
1911 1912 57
833 4773 80
4220 4880 10
2386 3463 70
2025 4199 63
124 1882 22
3313 4665 81
1775 2060 10
3115 4272 36
395 4533 74
4422 4821 27
1042 4465 45
2857 4983 42
1153 1322 33
2340 2585 51
537 3008 41
1878 2654 96
225 3968 10
343 630 7
2514 4786 76
3649 3734 40
42 2489 29
142 224 3
2592 4628 44
144 1841 70
526 2404 34
3450 4606 28
385 4576 83
332 863 37
3592 4392 65
3047 3725 33
616 1980 85
2128 4028 29
2495 3234 80
3477 3824 71
3238 4989 7
1695 4915 82
1087 1689 38
2590 3016 5
1974 3802 72
455 2675 77
1552 3184 95
775 4845 76
3491 4117 31
2183 3983 18
3073 3772 41
593 594 11
399 3929 88
3177 4067 94
2917 4666 89
2637 4036 52
4166 4600 23
1332 3711 50
1088 4356 82
202 1973 49
1529 1929 38
954 4222 28
1143 1883 47
1490 2998 4
646 708 3
3604 4133 32
339 1693 30
2801 2980 6
162 2881 34
4568 4883 44
378 3977 47
930 2091 95
1093 2029 7
2190 2630 23
1954 2902 87
622 1607 37
1940 2648 100
1415 3930 15
92 2740 75
2005 2220 35
1076 4923 10
424 4416 61
789 3290 98
285 1973 94
4334 4999 75
743 3497 81
432 2872 95
1316 3440 13
3572 4663 96
2868 3923 24
1197 4309 99
1352 1457 53
1507 4818 90
780 3626 18
4790 4893 10
1979 3112 69
2579 3661 29
897 2636 72
2848 2946 70
3027 4151 19
1188 2346 69
527 2802 81
2704 4709 29
1760 4144 42
580 3972 63
130 4911 58
94 3408 70
1304 4782 41
3037 3179 35
2543 4450 75
1936 4868 64
2894 3478 89
3929 4221 10
1258 1659 13
4287 4533 51
2170 4112 99
3255 3939 92
23 202 86
1652 1696 75
2860 3716 22
846 4874 11
2747 3199 51
655 1454 21
315 598 48
1494 4091 6
2112 2807 84
127 1623 36
296 3426 26
1148 1409 50
1742 2817 92
946 1937 86
1553 4490 5
1000 4543 85
1712 3752 16
3593 4713 42
72 1649 39
107 995 80
574 3765 15
924 2602 94
2720 3865 21
2524 3592 47
851 3897 66
343 841 34
733 4037 28
1991 4812 19
466 2692 21
198 1538 79
1388 4805 13
426 3565 97
3151 3246 70
1799 4735 87
4169 4472 80
1230 4995 25
2026 3246 24
1688 2768 71
3518 4343 35
116 2901 76
1791 2781 25
954 3856 53
1177 1753 40
489 3278 65
3458 4055 66
2986 3606 70
134 4966 93
1504 2797 65
1001 3543 92
1489 1900 49
2414 2461 79
258 4681 22
3855 4861 32
515 911 26
1169 1988 68
764 2775 52
667 3196 9
1883 4048 81
4640 4744 59
1324 3776 77
2257 3719 28
3209 4372 69
2831 4498 81
2466 4163 91
1641 3662 51
172 4941 23
1506 3033 88
1591 2342 89
902 1509 5
831 3297 94
1262 3863 53
588 1486 3
1466 2288 4
181 4898 16
375 621 13
587 2644 32
1083 3659 41
406 2036 48
717 3330 37
1490 4692 82
2586 4216 87
357 4109 21
1434 1753 62
1945 1994 94
1879 3965 20
921 1154 91
1308 4192 80
173 1807 73
2956 4904 90
97 3872 100
977 2001 52
3264 4980 78
1106 4499 43
3727 3871 87
231 1483 96
395 1686 12
2185 2277 47
990 4693 62
273 4568 26
2309 2500 60
11 3940 4
1030 1141 45
2724 3219 100
1152 4225 15
3188 4118 67
1868 3699 33
643 769 85
1724 1939 96
879 2828 14
389 2165 69
1861 4567 5
4027 4290 52
2769 3885 6
2135 3685 58
2804 3527 13
1484 1714 50
4261 4875 66
1560 2909 62
2121 4985 41
95 4805 29
779 4362 43
907 1330 6
3131 4564 26
814 2665 98
423 3991 75
150 4450 69
4189 4357 72
1752 2230 17
1648 4256 29
799 4874 20
1134 2237 50
1205 1398 24
564 3015 92
2616 2672 50
3844 4181 52
1802 1806 97
4 3664 33
4031 4227 26
2536 3198 20
2830 3179 48
67 2299 55
2504 2609 86
1188 4791 71
3747 4827 93
62 4319 15
552 2819 40
673 2460 10
2342 2851 23
42 2494 69
1516 2656 88
585 3864 97
435 955 57
2973 3063 61
54 4018 35
1364 4641 23
390 1451 84
865 3337 77
2543 4533 1
3831 4075 38
1469 4003 98
1206 2687 24
3680 4834 43
589 4455 42
2107 4365 35
134 3831 87
3360 4481 93
656 2558 70
2183 2947 16
2385 3051 72
1640 3900 60
117 3056 95
1548 3061 26
980 1113 54
3886 4987 3
899 4516 37
119 2835 50
1068 3744 33
1881 4668 58
2073 4654 60
185 1618 28
3594 4399 11
2774 3569 44
187 1331 19
142 2420 28
2851 4372 19
415 2748 12
1758 4397 9
1026 2696 13
1161 4599 53
4804 4934 60
2516 4198 64
877 1205 81
4544 4820 99
1351 4372 67
2732 2787 16
3066 4953 92
1578 3869 75
3693 4547 86
1570 2734 56
3071 4471 23
2375 2885 69
3201 4243 57
1547 4874 27
3901 4057 92
3541 4122 58
1083 4193 76
1219 2245 11
712 4127 14
339 992 11
1577 3690 50
3184 3321 52
2095 3093 91
1245 2673 20
3211 3654 64
646 967 17
1615 2267 82
537 2591 8
347 3355 89
1828 3645 50
380 3502 99
2571 4755 43
948 2515 57
235 2603 29
1519 2238 37
147 4878 28
2290 4639 15
1662 1885 52
2217 4507 31
1833 4177 41
3456 4699 37
2141 2675 59
3000 3647 23
1134 3315 69
1032 4379 26
2116 2328 7
81 4927 7
280 4052 63
1937 2042 15
4749 4935 77
1575 2148 77
3666 4431 32
431 2056 56
961 2277 11
775 2761 39
890 1912 33
2275 3817 35
4161 4422 58
830 1368 43
1782 2947 93
3914 4574 22
285 1479 48
3468 4117 48
641 2651 28
2256 3178 8
1147 3746 64
459 1461 30
124 680 35
1780 4669 4
421 4245 73
965 4270 14
743 3247 43
232 247 36
1095 4503 71
1419 2502 60
641 3550 98
913 3150 65
720 1953 54
121 1151 92
3559 4969 96
190 3223 22
2511 3973 40
2911 3083 55
252 2715 51
193 3034 91
1800 4396 82
1008 2362 53
296 4888 39
485 4384 89
2990 3622 26
2271 4627 16
1633 2773 78
2122 2628 76
1488 4489 88
321 4913 7
1240 2449 31
793 1401 19
3102 3267 47
594 3712 80
1017 3947 47
3105 3263 54
757 4572 80
2524 2854 12
647 3277 22
746 4889 84
4608 4701 8
1599 3280 17
2388 4579 87
1238 4869 97
1099 1679 53
2272 3450 22
672 3806 28
3109 4017 82
2686 3288 97
612 4634 51
696 2197 17
2120 2505 3
1763 4257 79
1213 2114 1
858 1771 96
2110 4633 66
2104 4997 89
494 1454 68
1801 3497 14
133 2366 70
963 1972 87
471 2707 10
780 3261 40
2170 2756 37
2678 3556 89
1556 1932 23
908 1244 16
1622 2530 32
3897 4091 5
927 1218 25
984 3156 99
967 2313 88
572 3916 17
713 2662 29
2313 3490 88
2890 3102 24
2768 4105 80
1131 4585 93
1681 3667 12
1659 3364 10
2127 4218 75
49 756 54
2260 3369 69
2446 4143 40
849 1415 85
937 4925 42
1160 3502 17
182 758 26
637 2126 48
734 3904 18
531 3539 36
95 4047 89
1195 3369 50
4458 4603 78
2063 2430 38
2188 2455 100
2333 2948 26
2351 3006 18
2593 3713 33
2902 3410 17
2051 4717 85
1556 3448 74
2215 4383 52
169 471 88
1073 1648 70
983 4770 87
697 709 87
2200 2486 82
61 1186 16
2196 3080 70
484 1788 89
1790 3082 33
3 630 69
23 4179 99
3348 4296 74
352 1189 33
2070 4926 40
1196 4504 8
2402 3171 79
2333 4548 64
2997 4361 36
583 4612 25
2312 3524 77
2550 4888 55
2199 4290 28
551 1901 48
1220 4403 89
3763 4212 74
1181 4653 23
2740 3883 67
205 4977 12
1841 4049 90
516 968 46
2377 3124 7
1838 4880 57
3946 4489 66
135 4828 32
776 1425 39
1764 3308 30
2667 3479 47
69 2313 64
3484 4180 10
2046 3793 90
1332 2688 4
1769 2287 79
2348 4748 8
2318 2770 76
1972 4973 37
2499 2709 54
73 2297 30
1953 2634 43
2787 4253 78
311 2919 57
1703 2844 2
564 2788 37
2337 2888 67
834 2695 1
421 720 85
2345 3355 46
1694 4887 20
2834 4788 93
878 1783 56
136 1606 87
2637 3637 14
143 3707 60
1981 4357 3
2681 2737 82
14 1354 19
3787 4156 88
188 4435 31
2453 3402 85
4671 4848 90
3510 3947 98
240 4625 100
1827 4543 50
2657 3415 32
1360 2650 67
1633 4550 76
1120 2614 92
2234 3397 6
1252 2830 49
2887 3006 65
185 2667 23
1116 1990 56
249 831 67
2029 3972 94
995 4890 80
3115 4435 99
4469 4559 39
574 905 78
554 772 81
1533 4664 37
2673 3401 69
257 3739 62
605 1580 96
683 2515 40
4099 4240 29
823 1573 95
430 2642 20
2474 4966 56
1838 2156 39
4065 4796 75
1777 3722 32
1153 3807 58
2448 4260 65
3829 4269 43
292 2416 37
802 5000 91
81 2574 96
2243 4116 72
1748 2052 54
1763 3416 25
3060 4087 8
972 3235 54
537 3000 69
2333 4074 17
4193 4361 77
2489 4937 44
291 4150 85
362 701 38
4355 4494 52
4151 4762 60
2355 3044 96
1949 4495 27
16 2323 90
2621 3025 2
1391 4282 43
3531 3799 21
1185 2431 23
1229 1907 78
601 4053 24
573 1087 7
1045 1072 53
196 3362 36
324 3795 33
2325 4606 36
1063 1323 64
4107 4999 92
551 2161 100
2994 4001 63
1505 4511 25
2017 2401 67
1177 1815 74
581 1816 80
1794 2999 59
2540 3276 6
2555 3163 35
145 4865 12
31 1021 11
682 2817 65
540 3743 51
370 4936 17
3603 4524 61
1292 4869 9
2628 2640 44
2705 4356 66
2337 4929 57
4622 4772 8
2640 4545 63
1345 1357 56
3411 4269 54
792 3060 61
1076 2852 98
4786 4959 6
4304 4749 56
2210 4032 92
532 2386 13
588 4547 47
198 4789 15
1521 2958 51
3473 4177 8
2557 4332 23
1165 2793 3
1580 3289 39
25 4160 64
286 3702 85
2847 4178 72
2304 2405 42
234 1793 43
650 4761 68
1224 2283 21
845 1370 19
1020 3606 9
2215 3228 40
3603 4406 42
38 1501 45
2953 4930 35
795 2264 100
2100 2581 24
1419 3095 75
364 4829 16
3903 4202 41
1384 1969 59
4202 4605 82
304 2167 13
109 3669 24
873 1396 14
3860 4723 35
1792 3517 55
1030 1707 98
188 4463 100
2031 4786 85
1043 2954 58
451 2222 41
3486 4087 19
2087 3353 55
717 2393 100
1891 2415 42
726 2822 42
1826 3171 74
148 2156 75
1376 4033 98
3726 4395 90
712 2788 55
751 1415 99
4020 4820 30
470 2589 27
2406 4794 55
492 614 46
2635 4988 67
4709 4795 88
2015 2943 23
3924 4391 88
1777 3625 14
2993 4137 86
1615 4361 49
500 1818 87
1521 2367 77
1089 4163 53
979 3125 98
2393 3797 40
2533 2573 49
259 4397 49
701 3116 58
798 2418 58
2080 3849 49
1963 4918 5
979 4376 31
1049 4046 17
2555 3453 91
655 3681 25
4413 4879 86
2128 4352 86
818 3683 79
2366 3786 4
3846 4527 48
2711 2967 9
1149 3891 21
3654 3838 58
2233 2808 67
3047 3474 63
1554 2948 72
1444 4320 10
491 1719 62
3462 4131 92
2234 3322 35
2337 4603 44
964 1058 4
2535 2977 43
1187 1495 43
2267 3066 76
345 1698 13
30 818 48
4177 4491 35
363 2413 63
2898 4056 34
1527 1930 49
990 3994 37
1483 3860 11
262 545 96
3040 3526 82
1420 3476 77
3509 3975 59
213 4364 45
1697 2826 56
1114 3548 57
1841 3263 98
2855 4985 81
206 2852 25
3508 3896 54
606 3075 51
786 3069 56
1350 3088 56
1703 4987 38
1662 3485 39
1662 3950 33
3501 4463 64
743 4225 99
551 2261 11
1482 3008 29
1759 3519 27
553 2837 26
1831 4579 5
3536 4376 30
807 2952 58
295 4859 63
1010 3500 39
2136 2186 56
4080 4339 8
1268 1481 49
1521 3744 19
1158 1831 79
1104 4916 21
221 2336 82
855 1479 5
1893 3015 68
1495 3075 92
2395 4597 97
1525 3411 38
2375 2522 69
1823 1927 23
1679 4886 54
1777 1885 20
1621 2275 17
1437 4368 2
375 3304 32
1544 2209 38
3144 3410 57
2602 3289 94
467 948 95
1134 4081 79
2655 3193 92
3788 4820 93
1249 4976 44
2476 4295 7
4179 4832 5
3625 3924 62
1435 2957 71
1583 3197 12
360 2579 13
1779 2329 75
1140 3649 76
4225 4251 62
2048 4364 85
270 1906 79
1653 4191 96
718 2784 54
943 1582 58
96 3927 84
59 4786 57
320 3763 19
1532 3010 15
59 2705 29
31 1129 27
2839 4375 30
2474 3492 57
3941 4464 51
4471 4530 16
3631 4250 51
2627 2684 53
545 4447 95
1355 1956 30
1358 2877 50
94 3357 39
4656 4882 91
223 2864 20
1461 2515 73
3071 3152 48
908 3178 61
3845 4676 14
854 4399 77
1842 3566 9
2999 3807 2
523 3900 50
458 3403 54
2108 2943 93
30 1395 1
257 1408 66
3178 3554 61
4308 4721 68
1322 2826 44
139 4862 60
2412 2458 28
2619 4783 98
3659 4289 9
3194 4605 90
1545 3819 86
7 3099 60
3822 4017 94
715 3345 2
3228 3642 13
2097 2716 13
29 3827 55
2534 3368 31
2215 3471 85
3194 4268 43
2541 4734 67
3549 3585 70
37 4944 86
727 2502 32
3465 4583 9
942 4933 30
1470 2339 88
2215 3483 17
1122 2953 19
3787 3902 59
2755 3336 100
789 4295 97
244 316 60
4310 4553 57
3390 4261 43
3057 4595 54
1995 3384 57
1841 3562 56
4609 4882 7
423 1767 26
3536 4593 23
2146 4684 21
2069 4367 41
406 3310 10
2478 4939 71
834 861 46
678 2788 68
641 4787 68
406 4094 59
1715 4275 93
1254 3978 43
826 3237 24
3328 4697 6
149 2995 35
2459 3253 99
3197 3324 52
68 3441 72
1764 3556 29
821 3233 24
167 3595 48
3629 4453 76
584 4404 41
245 4603 37
527 2179 50
2412 3280 73
557 651 6
2712 4946 36
1587 4748 11
2602 4417 14
963 2732 2
2240 4730 72
1900 3263 100
1120 3498 31
2565 3343 51
3023 3694 53
2486 3360 86
155 4278 80
107 2852 80
1483 4038 46
180 1990 47
268 3135 43
816 4855 81
778 2417 29
279 282 15
2551 3327 85
1050 4992 58
4028 4600 98
1212 3803 82
3695 4256 11
1465 1471 62
3371 4478 11
830 1468 73
1027 1967 68
1129 4405 40
3157 3742 61
1199 3484 34
1065 1174 87
3968 4123 70
490 2577 85
557 4379 61
2506 2981 61
3057 3743 48
1102 1213 68
1384 3160 44
537 3785 48
2238 4071 73
1718 2854 58
2633 4782 5
921 3720 78
580 1837 44
2289 2412 59
2960 4563 37
2808 3783 70
961 1015 37
4840 4983 93
368 3004 57
1530 2439 11
1122 1866 82
2222 4423 22
3010 4400 25
1528 3973 86
1132 1637 77
99 141 28
3259 4938 77
1231 3129 75
1164 4507 16
1291 4390 75
3104 3843 60
214 3661 21
2007 3117 97
388 2366 54
1120 4508 41
167 779 20
950 3024 1
1828 2609 47
1205 1404 84
1126 1871 36
1906 3710 25
4221 4300 70
2789 3923 59
1644 4044 1
4012 4286 64
1989 2935 11
4036 4484 37
1512 3394 49
194 1960 34
1983 3577 74
317 4217 73
3457 4220 13
2114 3307 91
392 2592 10
1848 2141 33
504 1714 1
696 1641 10
92 3073 16
1934 4574 77
574 610 72
2862 3667 72
1713 2633 45
874 3193 16
1554 3574 67
488 1243 36
3173 4659 38
957 4789 15
1665 4224 27
2143 4337 18
3676 4666 92
3456 4172 73
4500 4975 29
1350 4589 39
2787 3235 39
570 4998 38
76 831 28
1680 3758 72
3211 4271 92
2454 2642 34
325 2578 71
2494 2983 5
401 1392 79
1065 3131 77
2664 3521 28
2248 3317 22
884 2207 53
1035 3869 26
527 3385 29
3364 3740 76
532 3953 100
735 3732 73
1468 3052 34
1533 3694 35
1526 3243 34
2166 2609 3
1391 3329 18
1648 3899 94
312 3611 86
1708 3222 11
204 3066 11
2978 4996 49
271 1068 43
685 1743 53
2087 2883 11
1764 2191 56
536 2659 58
3383 4828 26
1598 4061 33
2717 3672 97
4499 4846 4
451 4801 86
2628 3595 3
2638 4000 85
768 4708 8
3356 3607 82
1581 2609 21
3499 4526 56
716 4885 22
920 3203 87
1159 1505 40
3029 3940 33
898 4377 97
1163 4369 70
2274 4005 74
1421 3515 93
9 1810 15
2020 4450 21
2889 4009 32
404 1829 60
4274 4609 88
1436 2669 81
855 1246 73
279 4921 6
393 498 89
133 585 37
547 4965 48
3752 4573 60
728 1261 36
1804 2743 27
1513 4696 19
3418 4508 73
286 1205 38
227 1997 56
1601 4632 58
312 900 19
2818 4561 94
4013 4068 80
1260 4203 73
1503 3566 5
328 2549 13
2905 4972 98
426 2027 11
2843 3600 73
2500 3461 49
596 1927 74
2262 3570 14
2230 3205 40
398 4080 74
4041 4917 51
925 3217 61
387 2845 98
332 1320 45
4231 4752 37
524 4868 26
642 4954 17
1280 4971 78
520 4580 49
3546 3694 22
1092 2585 90
2070 3963 53
366 2256 35
3814 4802 76
4237 4595 15
1030 3770 69
25 1112 65
1692 4505 95
483 2956 75
2341 4735 73
510 1491 73
834 865 37
1230 2035 62
3228 3896 53
1516 4078 23
888 3558 89
2673 4741 39
280 2151 60
1182 2858 31
361 4262 97
53 3008 95
2106 4258 66
1566 2552 47
1696 4811 2
1137 1436 5
745 1071 43
336 4653 45
42 176 38
153 2111 72
3622 4955 4
634 848 27
607 2133 40
2680 4512 94
1838 4562 81
3232 4673 39
1303 1960 62
162 1418 46
1970 2149 24
506 2263 41
3868 4973 54
1638 3193 98
903 1754 58
747 3038 18
1137 2814 84
86 2739 9
2913 3350 95
92 1524 73
2861 4403 39
4146 4537 36
2266 2827 9
2981 4609 40
3113 3813 82
2416 4205 10
688 1222 8
2184 2304 86
2318 3400 3
1152 2457 14
3424 3716 54
2007 4661 56
1992 2709 30
2965 3109 74
3378 3478 79
1749 4409 1
651 3222 50
645 2500 9
13 3987 68
4284 4549 53
1901 2971 89
90 3370 21
1610 3204 40
558 1864 23
1819 3821 34
1273 4137 7
2622 2870 99
2128 2908 18
2004 3133 95
3296 3310 54
259 338 19
1120 3776 1
4187 4383 67
3427 4719 74
2575 3183 66
701 1046 27
3445 4530 80
822 3166 79
1943 2825 18
1857 4906 16
3286 3472 98
3197 3910 15
1001 2164 65
3809 3810 85
1496 3964 46
1541 4795 4
2262 4936 89
2102 3042 18
1741 4558 37
443 2200 83
1453 4734 1
3444 3992 27
1725 2599 10
445 2873 96
33 4532 37
1569 4506 13
1727 4928 50
1061 4678 53
1169 1334 64
4542 4771 69
1373 1713 50
2646 4044 31
1212 2745 57
2785 4140 56
1497 3375 21
1677 4218 95
1710 2750 79
842 1078 81
1975 4451 72
381 741 11
300 1325 33
1772 3245 40
2358 2411 30
4464 4687 32
261 1984 63
780 4305 61
2733 4697 48
651 4940 53
2899 3541 29
2956 4370 6
347 2719 41
4681 4826 100
1959 4798 59
678 4411 8
1205 3990 61
3437 4567 4
2038 3434 10
1732 2328 81
748 3516 77
64 2526 89
3000 4028 75
2024 2052 66
2159 3394 4
445 660 12
51 2340 3
181 1607 80
1475 1600 22
1539 2739 6
1159 4858 51
272 3106 58
1129 2021 97
449 1101 90
213 4380 57
877 2867 49
35 2620 85
21 835 90
796 3569 60
1592 4719 73
3684 3870 27
4284 4445 99
1685 3908 95
1983 2220 66
390 4076 64
449 2021 99
247 3289 71
1105 1489 78
3609 4267 47
818 3887 80
241 2197 75
806 1622 67
1587 3512 45
2094 3146 90
1082 1413 99
1199 4703 64
551 2970 55
2423 2766 43
666 3462 72
2480 4620 40
1594 2144 37
2582 4800 56
2034 3798 22
4201 4480 55
1408 4092 5
171 3451 10
3677 3732 62
776 2531 91
4645 4797 51
2396 4688 27
2831 4480 93
1206 4423 37
480 2819 34
1893 4408 20
737 1470 2
2661 4613 68
2361 4666 93
586 1952 84
2279 3066 27
2541 3104 55
2937 3908 56
3320 4550 54
2575 4076 9
1261 3409 63
565 4177 47
1416 4935 18
1716 4149 100
1956 2520 91
792 4576 61
3962 4144 49
1828 3888 5
804 3747 46
2023 2793 82
141 1291 51
2482 2598 46
474 1452 93
230 2548 12
1835 2889 89
3151 4084 96
1470 2128 3
1683 2704 92
1266 2587 11
1043 3907 21
255 4944 35
1294 1592 18
1134 4227 52
3971 4882 18
2305 3310 87
1755 2060 79
2397 3016 77
1145 3579 51
640 4957 75
102 3091 15
2166 3135 93
193 2799 80
953 3542 100
4110 4353 87
2597 4989 47
1950 4498 10
3086 3949 6
3284 4994 10
4042 4739 37
1669 1832 55
50 3664 25
3135 3393 3
3306 4152 98
954 2617 25
1282 3866 63
4572 4951 64
2080 4013 34
1521 2028 20
1014 4136 48
334 3553 92
1998 4579 10
1459 2894 48
616 3889 56
104 1563 25
2789 4384 77
1508 4093 97
1128 2452 49
4742 4744 10
1455 4937 82
2469 3653 78
2503 2819 10
4312 4754 10
492 1609 80
2434 3681 14
1209 1899 24
3347 4032 13
2758 4825 62
336 764 12
1367 3098 87
2597 3754 53
4679 4961 17
394 897 1
740 2504 27
2627 2730 56
326 625 57
2249 4043 72
3215 4910 62
2284 2691 88
3071 4623 90
2696 4308 38
2622 4376 47
1847 3408 11
1363 3417 72
1268 1868 12
1662 1843 88
649 2648 39
103 3998 21
678 2045 25
77 1182 74
1229 3555 56
1042 2357 49
2926 2959 28
1878 4376 2
1019 4538 63
906 2256 69
819 1752 82
2292 3920 67
3205 4581 59
414 4751 89
356 2367 14
4021 4275 47
12 4529 58
1667 4058 85
2665 4244 43
652 1597 75
1536 3168 78
447 3829 11
1362 2022 96
39 4557 94
160 4853 58
191 590 13
1393 3833 89
1198 4795 68
4256 4307 98
411 3192 20
1078 3208 49
944 3115 93
3657 3803 90
1048 2237 16
514 2898 34
1846 4239 11
4291 4345 18
626 969 18
20 1425 74
2796 4909 43
4762 4918 29
1009 2307 2
1656 4010 9
752 1134 31
1589 4420 34
1390 1929 54
3243 4525 52
4085 4632 80
909 2024 11
3243 4712 27
1406 3265 57
1016 3437 21
391 2259 81
1674 4827 14
2019 4721 42
39 4677 21
1789 3306 61
1259 1523 31
2628 3502 80
4371 4649 89
1548 3343 93
1231 3350 98
60 3999 4
3313 4696 53
2663 4858 66
344 1575 5
3524 4099 84
918 1310 46
2636 3049 38
461 3458 57
103 2519 99
1204 4855 54
451 4616 89
341 3290 17
1253 2493 19
1161 1819 56
1280 2236 58
1619 3964 22
524 4802 100
3838 4778 48
103 1064 60
3458 3576 58
3597 4124 8
4402 4653 34
1432 3663 20
1528 4823 99
1557 4883 4
2478 4960 59
21 4639 62
2283 3584 96
2212 3867 33
2730 4449 15
3263 4817 60
374 2558 71
3187 4806 80
1358 3500 39
662 1660 67
3492 4992 19
3702 4022 59
2127 4897 74
3326 4174 90
1965 3259 83
1873 4150 83
688 1037 86
174 1610 56
211 1247 91
2712 4346 36
205 437 24
1643 1949 38
1947 2913 85
2619 4030 69
1029 2218 97
2195 2973 40
1340 2852 21
1442 3432 19
1843 4722 46
813 931 37
2670 3875 41
562 4523 46
385 710 75
1729 1969 38
3166 4331 10
75 2843 20
2123 2736 97
3363 4051 88
114 2255 6
2079 3336 16
2290 3382 50
3102 4842 79
1232 3811 8
3753 4070 2
1922 2236 18
2399 4205 12
2514 4909 8
746 1886 12
313 2154 52
1617 3016 12
599 1690 86
464 3040 5
1522 2631 65
4087 4591 13
1257 1788 30
2564 4574 38
966 1923 59
2966 4753 32
3616 4821 9
2177 3236 56
4015 4711 40
4027 4279 34
1033 1241 97
1364 1928 23
511 1092 78
835 3378 6
2500 3135 85
397 2971 60
2580 4592 3
2988 3128 18
1784 3080 42
111 2584 87
1663 3937 84
805 2820 74
2769 3613 2
365 940 2
771 1370 78
2240 2480 70
1781 2247 82
1191 4600 86
2567 4369 3
3452 3719 21
313 3643 90
2153 4007 97
166 1456 46
4571 4911 47
2148 4323 40
256 513 15
3231 3643 73
2223 2242 12
600 2261 94
1454 4108 57
479 3419 72
1058 4107 26
1605 3220 8
2017 2603 5
1380 2855 2
3621 4110 87
520 2992 71
4664 4699 53
4199 4813 41
355 2631 6
851 3389 37
187 4506 52
1046 4904 5
402 1940 38
1026 1098 58
728 2863 21
1366 3357 86
2455 2620 56
1566 3450 6
3678 3995 61
3640 4758 91
4338 4784 53
737 2570 94
2083 2498 2
3227 3947 88
870 4459 22
1761 3922 40
2336 3761 84
1454 2359 57
3374 3758 28
753 3784 33
762 1572 57
3417 4765 95
2255 2961 81
841 2429 79
135 1810 72
1519 4035 74
2100 4129 32
394 1604 11
596 1558 77
349 1042 49
2622 2683 20
1326 4552 29
2468 4499 16
3298 3738 86
288 1511 93
177 560 30
302 4532 30
1800 2854 97
1235 4098 37
2950 3939 43
2860 3108 40
1743 3360 99
447 4217 53
3531 3908 52
2791 3028 95
3493 4068 30
2314 3350 40
346 2850 100
33 4393 16
269 2300 41
656 4199 54
3702 4190 13
2111 2608 65
3078 4215 60
438 1933 66
1481 1767 85
621 3876 43
2490 4014 11
2234 3761 94
7 4188 25
1297 4338 69
1293 4314 27
1473 2783 38
4878 4906 53
1887 4182 30
1009 1875 72
1184 4576 2
87 773 99
3548 4318 75
4521 4640 74
2735 3779 82
3166 4621 78
3108 4934 41
778 2551 70
2093 4305 69
566 917 19
3145 4584 56
567 4746 24
240 2853 62
1754 2303 35
2081 4369 86
68 2800 3
1491 4438 65
1283 1464 42
1339 2660 6
1672 4218 47
173 949 45
3267 4818 51
3265 4082 23
3146 4757 25
898 4045 20
1942 3009 53
680 4640 22
3553 4903 79
3400 4142 7
1417 2825 9
355 4858 54
434 2019 73
661 1958 8
1356 4485 86
1766 4956 3
4340 4813 26
766 3167 29
2437 4817 89
3226 4827 40
2469 3575 19
970 2029 27
1818 2869 28
125 1632 65
1044 4015 73
245 3260 17
820 1699 48
1517 4489 55
486 4371 39
2716 4922 1
278 1266 29
1843 1889 43
1042 2229 47
3819 3825 88
99 200 86
1661 3071 50
3331 4254 66
232 4175 86
848 1924 17
2381 3124 32
142 927 32
1667 2949 59
4038 4984 58
754 2865 33
2129 4507 16
1508 2898 1
844 2532 82
363 3750 82
1545 1746 69
2269 3628 75
1763 3198 57
801 3350 62
2047 4512 3
1202 4266 8
2850 4688 44
3039 3862 7
4041 4085 35
2112 2192 49
412 4829 89
920 2716 30
2140 3389 25
1762 4284 97
1356 1775 84
1162 2501 4
1106 3296 57
816 3249 48
4747 4894 36
3416 4983 22
477 4361 90
1613 4074 21
767 3283 43
1443 2783 43
715 2336 72
1014 4707 94
426 1478 12
3087 3629 91
652 2090 20
886 1537 93
1981 2904 32
1125 3102 32
122 697 25
3391 3723 27
2974 3465 1
503 2676 59
1639 4043 79
85 2549 95
753 966 57
2976 4125 64
1800 2934 94
636 3733 8
3333 4322 2
4165 4277 14
1397 1740 98
1815 2256 22
3012 3604 69
1939 2577 75
1595 2259 96
1480 2899 52
3376 3673 70
3757 4652 47
87 1604 48
2528 4577 18
2396 4952 97
41 2905 34
566 1867 26
3698 4580 83
1778 3720 25
2032 2319 29
1659 4916 83
4051 4244 43
2296 3549 100
4114 4330 38
1851 2268 39
2329 4683 64
543 4476 78
277 1069 27
2724 4759 6
1629 2177 46
2350 4123 84
2081 3692 48
2719 4812 46
46 3288 45
3122 4891 34
3644 4538 34
783 2329 42
1793 4954 76
1402 4619 92
2427 3698 2
1331 3650 60
263 3693 32
2558 4211 92
2738 4021 58
3143 4841 79
1544 4759 86
1080 4522 13
249 3489 7
496 999 1
2265 4615 17
2235 4956 53
2961 3858 62
4589 4615 63
3631 4383 5
1950 2154 7
575 3296 45
1276 4354 21
1564 3174 91
2395 3177 25
394 1731 77
3814 4678 23
496 4833 86
1069 2034 71
398 3981 3
1241 3186 64
1404 4086 66
34 2428 26
1 1784 85
859 2627 6
103 2227 87
2610 2990 75
956 3328 90
1514 2632 20
587 1776 69
1437 4058 29
289 2299 41
453 3358 38
1504 2198 45
179 3996 31
1010 3798 21
1019 2712 69
1020 2941 83
3052 4837 31
1241 2805 75
1094 3281 6
920 1201 42
1020 4967 85
1824 1873 39
3026 4598 63
483 2378 75
89 4136 31
613 3493 100
2067 2771 14
1182 4950 63
1908 2607 7
1654 1671 91
2777 4207 23
2119 4412 50
503 3124 81
922 2871 62
576 3013 81
3685 3873 59
3068 4795 100
214 824 52
2462 2555 16
1260 3406 27
1756 3690 61
585 1084 8
466 2111 9
3402 4497 72
1077 2799 42
1760 4716 82
2368 3998 43
44 4902 56
1328 4706 21
730 3574 70
576 4185 1
3526 4903 78
228 3715 42
3048 4564 52
1311 2240 13
2090 3844 31
2267 3399 94
247 815 16
186 283 65
1730 3965 8
3599 4348 47
1242 1458 89
746 1845 77
3300 3412 58
1410 1991 9
1580 2085 84
1015 2723 67
2698 3652 16
604 1210 97
63 3979 17
2206 3033 12
1695 2138 68
314 2017 13
3612 4729 49
1853 4017 42
2743 3895 1
1923 3226 9
1657 3855 80
4030 4895 57
3807 4943 12
472 4384 9
1041 4189 19
152 2624 19
63 4526 21
1627 2436 51
31 2118 30
650 4896 20
142 1002 20
2122 4779 54
1678 1841 13
3002 4918 62
556 1109 58
1557 3571 14
2033 2324 63
867 3372 74
269 3630 97
1234 3821 54
2594 3591 68
1872 4925 87
21 4045 97
675 2049 2
945 4039 90
4238 4946 49
1329 2063 19
568 3435 13
3692 4469 21
3140 3253 20
819 2641 55
832 2780 50
526 3875 85
408 2152 48
3414 3595 43
914 3912 47
2216 4531 28
3502 4004 94
766 4005 82
1912 3264 99
1011 4034 29
4274 4587 36
1507 1520 97
3253 3291 63
1349 2764 62
3769 4287 29
3897 4573 63
1590 3970 23
1880 3402 67
1925 3747 38
1003 4113 25
3320 4162 78
2092 2621 41
941 2483 84
2446 3332 68
1038 2479 36
1889 3443 6
2298 3172 46
1492 3278 18
2016 4625 23
4310 4669 59
728 1971 75
2398 2496 63
1518 4290 65
687 3583 48
644 3907 11
238 4779 54
3362 3738 12
3834 4642 67
2840 3218 32
4211 4836 93
497 1796 69
1034 4975 82
3181 4363 37
1709 2700 96
1644 4414 27
290 4126 22
3236 3700 48
185 4026 95
2477 4816 11
2501 4210 36
3574 4064 4
2535 2881 47
416 3333 40
2417 4537 29
734 2455 38
3635 4099 90
3371 4689 41
439 4693 80
2335 3094 15
1845 2314 93
3480 4866 60
707 1682 9
3847 4339 19
74 2956 66
197 1768 36
1173 3799 73
1034 1498 70
1950 4194 32
182 4262 30
1945 2082 59
3438 3907 98
1261 2463 97
2681 3072 20
3856 3980 83
2420 3404 100
4418 4849 82
3064 3431 67
1518 1681 53
3469 4925 28
1673 3939 86
3086 4166 1
2935 3373 32
1433 4849 82
3081 4088 37
1572 1706 17
2135 4016 67
329 2444 61
2645 3221 55
218 4824 7
1004 2562 80
668 3919 96
1871 4186 11
1533 3905 73
1268 3567 29
606 2043 100
1342 4678 18
595 2253 15
1071 2786 34
800 2238 53
1643 4991 40
1164 3305 87
729 3966 56
373 1381 59
1694 2695 19
2695 4652 27
710 1146 81
738 1081 68
1347 3661 66
3133 3464 69
1162 4420 1
308 942 94
926 4138 82
1754 4342 7
3229 4877 34
4336 4400 3
433 779 34
1678 1784 32
1787 2572 55
1427 4082 34
2332 4584 39
331 2074 87
1111 4959 79
1428 3666 68
876 3431 85
4854 4900 70
1519 3269 74
3196 3931 68
128 4575 27
1992 2680 20
2326 2543 3
2303 2813 67
706 1360 93
3801 4491 13
141 1739 32
2561 3232 56
333 630 99
522 1647 29
2821 4171 51
1872 1968 1
375 2761 100
547 725 10
1354 4132 86
388 895 54
578 2116 56
2037 4877 91
1380 4421 77
292 684 96
1333 3159 89
45 2624 92
3419 4059 22
1060 2976 67
1247 2997 34
4223 4647 27
1978 2924 84
109 2500 89
878 2513 62
2646 4325 89
461 4104 5
2721 3216 96
2205 3512 59
522 2878 68
992 1706 20
1135 4019 33
916 1059 38
277 2545 51
1218 1378 4
2317 2442 42
976 3738 25
3523 4811 46
3745 4801 6
2250 3292 35
213 3187 95
1563 2345 46
2173 3433 85
152 4097 16
492 3080 73
1514 2335 18
1301 3970 92
3129 3496 91
2106 3526 8
3029 4138 73
2228 4651 95
673 2532 77
1549 3092 64
100 4376 11
1832 3711 83
2041 2838 91
1415 1980 93
2153 3992 14
1738 4067 13
863 888 31
1610 1813 25
668 3593 13
3513 3556 90
2596 4367 83
2018 4965 31
866 2850 96
1815 4386 59
2738 4873 3
2967 4762 47
933 1539 5
3622 4799 97
1052 3073 95
2576 2602 73
47 4176 15
1073 1166 50
2009 2800 15
1054 2845 17
1293 2886 13
3376 3646 30
453 4596 63
3527 3954 57
4710 4832 97
1902 2048 63
3426 3735 37
2126 3626 77
2425 4929 75
2246 4611 17
3018 4300 78
2041 3947 28
2398 4895 5
32 4475 16
1909 4254 22
1309 3503 77
524 548 99
1037 2580 81
525 4115 35
348 1725 85
749 812 100
3313 4347 89
342 1514 91
1103 1309 61
73 561 56
184 808 98
254 1326 15
1528 4145 33
1312 4718 51
2617 2880 10
2708 4718 17
1815 4231 80
785 2279 22
1750 3576 10
308 1070 18
1586 2152 67
2051 2560 84
24 3084 70
1159 2491 96
4226 4662 90
3810 4768 35
3446 3982 6
1329 4835 3
2202 2836 6
3107 4807 25
2613 4462 22
1215 2275 58
1636 2295 11
2363 4192 95
299 679 76
2035 2518 56
212 1124 96
1979 2527 82
982 1791 3
3714 4697 93
2925 4923 99
521 4837 50
1081 3782 8
715 3257 23
19 2821 55
1210 2941 16
466 4646 32
3484 4182 64
2294 3001 80
666 2130 15
1141 3059 97
1710 2920 92
1211 3502 64
2769 3262 26
354 952 97
52 4890 63
657 2996 89
872 4238 51
351 4162 21
214 4690 32
2706 3035 72
3751 4587 58
340 2903 1
3946 4766 5
1573 1795 74
1467 4481 34
3172 3652 24
2053 4540 48
218 232 67
1650 2553 21
305 3000 77
744 1686 83
27 4483 40
454 793 32
1693 3796 47
1459 4232 11
1140 3872 52
940 1096 14
110 2192 35
1868 3633 93
1005 3352 56
3071 3610 89
106 921 38
2175 4974 68
1635 1892 9
1965 2963 25
2818 4887 36
155 3721 79
1429 2905 84
1665 3989 15
376 1711 32
414 2741 80
2501 4247 11
350 428 4
889 1126 72
178 4929 84
1037 4700 9
959 4475 9
838 2507 26
281 3142 57
3139 4273 28
187 4428 31
722 3890 35
1701 4523 9
592 2038 37
992 2911 65
164 1663 10
1305 4889 58
971 4034 40
3942 4975 31
2055 4426 20
489 2286 94
1017 3334 52
1405 4192 98
987 1620 65
401 4920 33
726 4200 21
1567 2125 17
2718 4837 15
1319 4740 20
10 2108 3
781 3380 91
2002 3981 1
1631 4506 22
204 3070 25
2113 2601 73
1025 2904 27
232 3892 86
1415 3274 75
1841 4281 90
3624 4994 75
94 4803 18
1090 3928 30
397 2569 52
66 831 76
3340 3900 46
3945 4775 92
1172 4859 21
2548 2898 16
3165 4561 56
3098 4775 77
4155 4764 78
2376 4078 94
346 2452 34
955 4859 44
3984 4069 78
4374 4813 64
1300 2845 33
3933 4597 100
1705 4281 79
3102 3775 32
2109 3748 56
2577 3079 40
1200 3089 65
654 1471 20
3707 4968 10
916 1314 45
1941 4839 64
422 1917 38
2375 2991 92
3261 3421 35
975 3170 75
4280 4626 22
673 1978 99
415 2664 82
358 755 87
402 2895 75
434 555 18
942 1485 16
160 968 40
2274 3828 52
829 3241 52
1311 2306 3
2334 3934 52
741 1267 55
1443 1914 36
898 2600 49
1302 3708 74
981 2710 24
75 4695 85
1281 3119 40
1634 3809 23
2473 2588 88
2164 4877 64
1265 2318 25
790 1803 79
1117 4138 5
4135 4920 70
975 2610 70
1736 4700 8
2003 4348 18
299 4960 72
210 3033 2
3535 4928 92
317 1840 66
3311 4800 89
762 4535 5
711 1658 56
901 2984 89
1908 3041 34
1939 2926 16
1290 2039 8
3402 4241 15
2583 3836 11
1376 2330 33
736 2798 57
71 3132 45
1359 4160 43
318 1047 13
4037 4130 47
236 2278 4
414 436 71
648 3090 98
409 3191 36
2076 3317 28
1183 4481 31
997 2442 14
1377 4646 64
3514 3823 88
367 621 22
2481 3949 4
1441 2815 91
1745 4315 67
958 1629 41
1551 2486 11
2294 4147 90
1908 2482 60
294 2900 55
2256 2694 58
2411 4590 29
1774 4557 53
1602 3471 64
2623 4292 71
2253 2948 36
4483 4588 49
1999 2635 12
2940 4231 42
3367 4578 97
2879 4255 100
1110 4401 10
1449 4815 73
2349 3985 12
178 3180 66
353 2478 97
1654 3435 50
1211 3349 19
2702 3526 38
216 4210 87
733 4426 11
1074 2547 70
539 911 63
919 4106 64
1877 4147 8
537 3505 42
4473 4546 20
2233 4440 14
2664 4451 16
2823 3017 30
259 1353 19
4296 4682 66
437 1423 94
476 1194 48
2451 3912 49
3453 4248 99
4103 4671 46
2687 3239 38
1761 2186 70
692 4425 85
656 2409 37
2035 3629 61
2859 3880 15
1935 4176 33
1152 3682 75
2201 2475 80
698 2833 38
904 3769 10
1710 1882 17
3691 4285 50
770 2412 43
411 4735 69
2067 4286 27
2537 4396 6
2051 2392 41
1514 3065 25
1543 4862 10
2118 4432 93
623 961 54
1232 3758 40
4094 4947 14
2378 4691 90
945 1670 20
1034 1798 91
2098 4937 37
655 686 9
1920 4191 96
1214 4373 19
3636 4919 79
974 4292 97
297 4618 85
702 1878 57
1079 4389 69
3352 4398 67
448 3795 90
501 2439 56
2071 3592 82
213 2226 46
2628 2897 86
610 3506 94
1233 2756 50
1190 4242 100
1684 1735 30
794 4038 16
3485 4750 36
1470 3130 12
4028 4167 33
80 3354 100
909 1534 3
2930 4557 14
690 4685 77
2319 2353 34
36 864 97
3327 3921 87
704 2246 19
603 3855 94
159 3672 96
2964 4562 95
1860 2794 8
2705 4808 100
533 1740 38
2905 4437 46
1820 3696 60
2629 4785 9
695 2224 18
2815 3928 24
1550 2573 38
3230 3584 82
98 1431 34
813 1828 60
286 3948 40
891 2970 82
1383 1929 10
3002 3730 84
2594 4139 81
1559 3736 87
3070 3540 48
2012 4927 74
3729 4215 55
1366 1737 6
108 1077 33
3003 3725 43
26 1467 70
1694 4788 74
1672 3447 44
4189 4607 79
1109 1419 28
1262 3764 76
253 2061 10
2895 3005 23
1487 4985 17
1287 2174 53
729 1271 61
4170 4325 33
591 3182 98
115 4606 61
78 4736 29
2618 4056 12
711 3342 9
389 2782 68
3137 4522 7
2595 2751 71
376 3054 35
1041 4760 55
639 2439 34
3020 4226 22
1734 3249 72
1773 4154 66
2844 4838 18
137 497 87
1593 3552 9
2752 4050 20
2074 2113 9
369 3379 10
28 3876 61
1676 4877 24
2872 4235 49
2152 2918 51
1844 3677 48
2087 4986 18
4063 4387 57
2897 4446 99
79 245 1
298 2410 19
1952 3966 13
3446 3449 32
2464 4314 83
1340 4444 45
1237 3715 13
635 4517 36
305 3442 4
1075 3898 6
1921 3009 65
1422 2842 20
2817 4439 60
2295 4184 39
1896 2657 68
3659 4554 71
2007 2521 93
186 4329 7
264 1026 2
905 3737 95
1097 1461 13
2310 4916 43
2270 3077 80
142 4303 31
2320 3986 25
2930 4724 79
2539 4176 15
3906 4736 33
1501 3982 53
1824 4487 97
2841 4298 68
1509 2728 30
982 2488 84
3686 4648 55
4617 4953 4
3192 4914 25
541 924 73
224 4570 61
2236 3859 98
2849 4919 23
1637 4249 74
1044 2751 91
2955 4469 37
1584 2316 8
2509 2922 54
1198 2653 80
2147 3405 53
199 4164 51
3213 4562 4
1299 3319 82
1469 2082 68
2471 3091 75
2168 3407 98
1865 3290 18
508 3820 20
1858 3006 54
544 4546 3
2529 3084 41
131 3730 27
3762 4105 61
2308 4835 99
2538 4686 20
1913 4634 39
1564 1854 88
659 2167 61
2052 4747 87
1938 3044 37
476 3617 27
2756 3781 25
110 4551 79
414 1941 12
2066 2667 83
1176 1492 58
517 1004 91
170 4209 22
731 3164 51
2055 3655 9
1688 3894 10
850 2289 5
2072 3897 67
1170 3784 9
1321 2770 52
3623 3994 61
3054 3316 52
1417 3778 2
3568 4106 85
90 2392 4
3792 4596 85
2862 3668 22
824 1917 69
4685 4996 70
337 3970 67
628 2740 53
2714 2963 14
542 1709 16
1053 4496 92
382 2141 61
3306 4033 48
70 2552 91
569 3224 73
987 3022 50
1485 3837 49
1718 4474 97
1765 4878 69
988 2916 21
1028 1497 46
672 4644 65
3049 4050 49
3918 4839 82
1562 2232 79
3323 4034 48
2685 2818 1
217 560 78
1966 4762 95
4500 4725 70
3301 3773 9
638 2810 52
1779 3482 84
1486 1919 10
2322 2468 67
40 3564 14
1187 2921 8
2452 2643 40
2499 4648 37
2566 3347 97
342 2356 15
2742 3706 17
2040 4669 14
1473 2204 53
1988 3361 61
2 4273 74
1086 2039 45
3085 4677 67
1358 3551 18
2485 3410 79
1256 1427 37
1890 3090 46
621 4197 12
5 3142 80
1964 4636 64
679 1452 36
3273 4889 56
4096 4600 72
2435 3091 86
1131 3381 43
324 1011 11
3581 4402 91
2762 3466 78
2304 3841 23
2089 2293 52
3455 4293 23
2057 2841 46
1107 3678 63
3075 3658 48
1248 1796 31
3325 3888 11
2178 3901 66
2948 4594 13
473 4786 55
4219 4836 49
1705 4191 3
1459 3957 93
880 1875 28
1374 2321 15
368 2338 10
113 1653 19
980 3295 49
1272 3357 38
1155 4414 71
947 1912 7
158 243 2
1502 2819 82
1136 4264 55
913 2762 5
3207 4698 87
1709 2512 16
1585 2181 34
1821 3586 31
2176 3778 40
1751 4588 36
963 4830 40
424 1295 78
2812 2968 18
478 840 49
871 3538 1
1942 2105 33
1614 1996 7
3461 4560 78
1597 3214 45
2208 4859 70
1897 3777 9
4204 4325 48
475 823 78
303 716 95
219 3899 40
1491 4119 61
2112 3266 55
1123 4814 11
608 1799 37
1051 2117 32
1018 4055 73
699 872 72
1297 3749 81
199 4774 85
1266 3532 13
1533 3605 73
602 4295 34
2142 3504 95
279 2102 8
3646 4857 64
338 1808 76
4157 4203 41
862 4500 54
633 2726 68
1905 3523 79
2284 4351 53
1834 4482 89
340 4643 33
985 1389 63
138 3780 22
571 1317 74
2373 4792 72
1863 3158 63
1384 1472 74
2568 4851 86
40 4962 36
2943 4461 89
1348 2084 88
787 3928 95
450 2398 95
824 2000 71
694 1939 84
1281 2975 25
975 3344 58
2239 2323 4
183 823 74
2285 4717 42
1348 2795 39
2373 2606 95
877 1365 17
295 923 34
2030 2744 74
2636 4350 66
2757 2980 16
460 2461 6
266 3645 20
2181 4756 36
837 3340 76
2115 2668 80
136 3309 84
700 4587 66
2632 3969 83
1701 4810 51
1337 4233 2
1845 4141 55
478 4610 72
3709 4448 50
1823 4333 26
2231 3704 93
104 1223 87
3956 4920 44
1340 1445 66
13 2064 89
2305 3800 20
1581 4990 35
8 2440 98
2307 2929 37
702 2447 17
2162 4894 71
2648 4502 1
3471 3913 61
251 2366 23
2154 3618 87
3253 4981 8
1076 3619 24
716 1926 40
1087 1626 59
1870 2518 19
1016 4326 39
721 3195 26
2662 3665 62
507 4359 95
557 4586 7
2008 4452 32
3976 4048 44
1387 4993 82
4174 4510 80
546 4195 60
760 3012 18
1874 4300 35
2866 3917 84
1635 4847 50
3021 4579 61
3346 3926 1
2344 4970 81
