10000000 1000
9754216 9256703
2088715 3430972
3070361 791305
1475807 7683185
7581868 4579479
1373870 5596607
407386 6508636
3042631 7962673
4366381 9375319
5113133 2868899
9492068 1736905
993555 9852245
47317 5894611
5504948 1178716
2490190 8408985
1574390 158823
5274528 4326127
9248554 270727
2642016 9004951
7303609 3396992
5816690 1386928
8154282 2133278
1070851 7050442
27082 8672398
6420179 5991575
2221447 6720866
5485369 4771263
8310705 8213991
1421923 9365015
9267527 1394948
482658 6743022
7825224 4738226
9231564 6780668
7326320 6333406
3593463 9110994
1783528 4532490
8000644 9878557
1236848 1793701
1184096 2840807
2024573 4010862
6664997 5760664
3702100 8384953
8795404 877126
4287939 7201673
5565883 1188493
556169 892853
9908117 6755020
5373452 1611898
3822531 7188527
541883 9705719
3631970 9652073
4928095 2941887
7801154 9629641
1806442 6300768
6720511 6830201
2204110 205423
3270583 7255431
7967261 4279518
3382583 3216447
3296573 2299310
2973687 8461441
1316772 4204621
6587977 5996002
6092225 3132140
7544923 4413773
9760091 190050
4009323 7185205
767870 2499697
9313769 3114862
4248434 3705663
7414582 8542857
5943348 549955
4725051 8555959
2281665 5801806
3425464 3052994
7460939 5545220
4098466 7115641
3341922 8630667
9319609 5669757
6965978 3727000
4789354 4347591
2408632 8531144
8395111 4976077
9646892 7481779
2981686 8125519
4925197 129789
3493523 4253863
6478558 1367441
9727952 5483544
2597060 4520191
8689317 4654384
3978164 5428439
5956101 495544
3572346 7523743
4533387 406306
6576773 4509746
9084490 6098764
8064947 1555578
5438514 6384340
1751206 9572068
7257601 9717676
5351003 1872486
7222151 4229849
9166898 4716034
388274 1191971
1205545 6414726
6960575 3546519
3880270 1070461
3763445 651953
8805137 1483550
6699279 4070671
2012211 6978764
1898290 6451048
8453347 362590
5886506 4959016
2670145 3686927
6352064 5045517
8877459 7545093
9995412 8774756
9819622 5418195
318864 2584933
8656440 4810432
6802715 6887300
6802876 6046199
2536121 6808009
8221681 8705436
9712884 8630460
9440305 5460068
9922984 6759347
5809667 6420032
4636913 4919403
1946478 5585179
6521108 3739240
8076100 7173596
4422057 7233861
6199175 5785514
1177523 2774184
5811017 3685971
792730 8737171
2992943 2200638
7124620 1775738
7470079 3048405
5398973 5764356
5029178 8182256
9576602 1216032
3443256 8983097
7928508 4287526
9521916 567519
1165292 3796336
5565989 4364936
6157078 9652273
3287533 4156248
1715135 1419827
7775038 9749549
7590627 7647374
1514203 2522210
6093958 8874442
6533296 6547395
3424674 8012163
9999999 6966666
5434182 895654
6968930 351083
6583698 1233897
3975150 4784036
0 5367526
2073956 270178
1794560 9999999
8347164 3334088
8053924 291184
8007204 3260918
2369569 3919174
390830 957005
9242170 6462968
9082482 5248469
7971214 4334114
6197751 2329598
8648684 5039194
9143922 9153903
9077506 6440273
4308106 3695766
9498026 9410712
306160 9447494
8489740 92398
8499184 9617075
4144659 3795261
8259441 9103134
452320 2893098
3578447 7459456
1649571 6449359
1666584 5944251
3880764 4042345
8037322 1152885
438812 1321176
94745 287783
2911309 4513295
5730414 5410750
1625715 4118643
7096416 7962747
4492000 2370793
9595774 9798914
3482057 8053401
2489034 1257115
1394829 9754726
9862571 2153317
2619829 5469455
5631176 6747279
2258344 1265674
1147716 173429
7383894 8547885
3284095 475908
3393707 1473720
4372189 8085733
1462777 6935405
8022032 8993461
6046117 951171
1469317 8103334
9426673 9856507
5216960 3302974
6598297 458059
3725736 6963397
2331589 4311469
7398759 6494283
3942854 6415782
9005983 3671281
4689081 5843376
3606561 4403492
0 2053150
3798450 6039671
8195523 5752697
5495229 2743102
7574723 7296828
3110729 1727502
8077562 4322405
4691658 956720
5762173 3541846
1415233 8064635
5392387 2990671
4580095 8452720
1311901 6281884
6168065 8459859
4003490 4983253
71598 3614921
8129557 9468691
3756380 4600419
2045592 8369671
3678995 8127290
6945253 4842344
7409962 5037566
3105342 6034012
3314803 3979588
9346412 3049904
3165265 8897508
7816054 6825323
2370293 1911052
6295731 2719082
9708193 401662
6172151 6804493
9081489 8153494
2603222 9884965
782625 6588621
973310 4196263
2562095 2207870
8681564 2809203
3319744 9194646
1193466 3614457
561579 8174616
1447145 3159768
8310135 2801100
1943460 2166083
2715636 8063450
3214634 5101308
6266391 4658062
3568339 6388042
3374983 9017312
1785256 2702124
8572916 7621228
5315414 5215354
4886533 8656985
947762 7678504
4745146 9602823
4042374 7963578
5572498 6534543
1767412 8815019
2681227 9104449
2875222 7293478
5793168 7745303
7947102 353008
6170631 7226958
9374671 1301076
8555742 1499140
7257722 8820119
9640578 1837271
5273693 4398219
1776619 29441
3467103 1412999
141062 1138394
7970566 3810762
4294327 2796892
2022539 2428388
6884784 5428898
3596545 2135898
1299919 6703091
2606106 8003255
3933163 9446881
8099422 9999888
3158869 9999999
9941916 9776775
506411 7602703
7675082 3111351
9142360 9288613
9196280 963906
2233685 4941721
1834970 1326114
2250389 2837461
6197538 6695308
1701452 4159166
6825204 7558075
1113963 3884726
4291891 8648103
3225336 7042514
9062558 9203431
5081689 7726692
7392898 7845268
4246174 4300929
8886758 2167317
9169637 3736541
3233607 639279
7950949 3248281
1843732 9904866
6156587 1680246
7364610 3533280
6443305 1427288
3667824 833478
9606530 9999999
4672635 8012754
3341595 3839394
8899906 1378118
1461470 4611436
3796249 7130336
7645142 5394903
2186968 7545052
808201 2260209
1226729 1547440
1735664 5760444
1482337 9885840
1993370 1531821
3988306 6808352
6092729 4865279
5209336 7786213
4877855 1830280
9436977 2034133
9511054 8784275
6454486 2280015
6283175 9787916
8866058 4581102
2437877 3814642
4051061 6313495
467611 7398147
3665094 8749057
4771144 2142140
145600 3488070
4879288 7449145
9710568 4952066
9283681 7873302
3899968 4775128
5786766 6840985
211629 9013892
6878691 1392722
588072 9690305
1807569 9594284
3369554 8795158
9243954 2134270
1070382 3248055
997409 9633763
8144158 3143965
5967553 9136664
1852222 1662982
9999999 4089717
3911586 5590550
3812804 4685477
8232423 141705
494605 6460502
6589697 7100860
405951 4451162
3441050 8506035
4800512 5052824
4503716 4675729
2010762 57250
3506266 4477384
1740719 5376555
8824078 3722498
8748096 8518125
3907448 5175390
8825321 8716306
3605402 9473103
4818239 1357148
9641047 8516655
5298432 1079489
1601113 8739052
1475694 8397035
9540448 716139
3825901 6952413
4352059 6675438
596101 7456308
4515589 6825656
9610458 4269050
6777295 7645375
9731276 9339830
1984382 334320
3323434 5371993
1324187 6053019
1873743 195975
2122259 8662570
1108259 6844855
1825059 1948929
1698758 9913299
3210163 4429753
8844533 6056981
1270003 7774721
8770320 1054398
5305407 2777170
5738242 4740190
7889058 9372007
1469619 1071845
9769919 462570
3259582 9517641
7791191 2743307
563848 9782820
1984919 175822
6302889 7499178
6429 87746
3460952 1261955
1975172 1300687
8878171 7532726
1007390 2750745
4708459 5309664
1692269 1728891
7936639 6844357
2058665 1666563
5059267 4924451
2695544 3979010
335514 8331181
4362642 7642360
7703152 5148042
8018430 4224841
6598260 5861835
4951537 2507242
2503598 9589648
1375030 9643625
2463989 9864471
4943149 2551355
5800014 9981161
3861404 4624312
1741603 4214593
4091477 9077801
8732018 6036615
3574213 2841641
6048633 8649
8524948 7356003
6487082 8553321
6231586 7234515
3904232 7311661
1674163 4421662
9801175 3776717
4286304 4236224
5473899 9997589
4620562 3812107
4615912 2298837
3221671 9253564
995634 9513990
7198493 7033159
4399341 8745534
2899335 4320460
5884871 1652913
6605499 6120493
7223491 9539417
1802242 9059628
2133794 8160053
1635100 4177460
1905978 3111239
9478222 8471316
6666503 2365877
3812069 9919125
8857072 475398
392799 9360565
500210 4123903
2697075 8956453
0 2176771
4565454 7697553
1520122 2594965
8244189 6592528
4592986 1651331
9505917 9798981
9529307 9474135
1660226 415434
2695100 130986
4455268 1733575
9101836 9666762
9528114 792818
8120153 3592292
7219538 2145709
630841 7311616
3066296 7794057
1301743 7882762
9662751 9790826
7261141 250404
3294435 9799058
7270769 308365
383108 996467
3623314 9368964
1185396 3435350
8987082 369012
7762510 6978403
6905879 1935166
6529596 8607015
7647655 9927988
5302648 6503708
7687907 9159288
1437719 9748367
6294768 6244515
4702369 2543853
7269390 2919138
3044874 1240879
3000519 1655861
384773 494578
948752 166635
7509527 2169435
8924787 2532230
6588941 7568281
6252064 7438664
8820919 326657
1490815 6758530
3424420 4596452
2676522 5641925
4315883 536184
3727329 1651787
6634966 4900648
3009858 6424061
7057050 3555235
9656140 6230591
1365608 8938007
9708923 8192123
7967066 8520755
8078388 7339945
6964499 9201610
922053 3449800
3175873 1526200
2439273 9205553
4249707 3976214
6708274 2539964
3486554 9752832
5043897 177880
5679428 4994351
9621075 4713635
3554554 9308075
8108171 2616232
3204423 1686640
2387130 2655016
7854111 9781639
230362 9217064
5324640 9943582
8508077 4932321
2020503 56808
5601618 2719131
3111657 906282
9692049 59780
141876 540867
4765946 2323163
2247350 8931718
3561164 1179395
9009340 939604
2330924 5139303
4945871 8886625
9466375 3813169
8772988 3210201
5230438 3528791
866891 1883122
9607081 339513
3595182 7741054
786829 9019635
8838777 4825178
5799295 8996489
8281183 6497767
3610873 8711462
3668035 4659804
4682703 1362630
7778009 6924857
5104877 6396858
5100254 7820390
7775599 7442076
7323162 6653394
1887988 7460656
4152404 8275361
9705187 1215181
2545422 3505858
3834598 65709
6942353 583474
8739491 9824364
503339 4753972
278547 3359107
9982462 3307073
3712422 8497720
2672998 4925512
2363072 1767863
687942 6732885
8283950 6240144
5530297 3425873
288342 8966097
3229453 6733066
9118237 5725640
5826113 8128153
9201080 1492695
9494292 3767986
3413906 6342462
5244192 3440831
417733 3464271
4753087 3765657
9557214 9210212
6466278 7973197
8408844 2372221
6597632 2334745
7301085 612690
4477550 6736891
9114227 343853
6645190 5246803
7092595 1877714
7361612 929029
2779911 3645324
1270548 4873537
9123136 4552689
8467325 6681849
6869216 2012485
4617036 5706135
2059095 2402347
5556369 3387962
5758283 2228244
6356951 1621462
8677369 4730225
2401517 5817687
4417233 9598197
9755357 67561
837363 5438421
3520397 7227317
2380835 3494792
2949909 2021524
1821980 7059231
1083494 4828969
9999999 81156
9122093 13068
4931155 3196998
5650254 139395
759248 8191973
223524 7566505
7743550 2382735
9918405 9106043
4519259 1795993
8524637 8709977
6332463 3444521
7513311 0
8220686 6015728
9147879 9777765
2993503 6960479
2733037 8127303
4248001 7296669
2272296 9840516
1786446 8572305
3154249 6602473
28100 5092543
9363517 4332576
3019422 9003477
3466631 1290160
8665068 7121733
6471253 1955093
9351956 1671093
7613699 540143
2955793 6029431
7497656 8797748
9152610 2605752
1408239 2782042
6461328 7056251
3562320 7803068
4215827 136465
9032331 4106719
4568564 1623751
3752153 7134073
7110953 5661468
9796590 3450379
1983593 1278647
6367897 1078997
5139430 4552471
7572995 624606
9508437 5442904
3902509 9119977
9358238 9056348
2234492 0
3938371 2048328
3061012 5012610
1165919 3922008
3130251 7648754
7034064 3681331
9831684 3936281
220341 6462410
1172152 3414982
4681175 8207396
4674996 6673469
9644355 2277510
6747373 9999999
7228509 8173945
7239744 6143950
4935331 1576210
7863282 8797300
1812337 1909257
1298688 5928357
8945578 8381264
2255546 3602988
9687957 2994203
4250614 4287426
4512782 2471871
7651140 6700042
5082753 7980527
3721471 3286129
4394795 2911110
6823030 1888298
9697934 6716791
3037384 6097991
8292976 3866123
610341 6596374
7882708 2373168
3228469 3132075
5856949 985766
4859509 7814326
8589183 9319478
7300766 6565167
3297109 9319157
312112 8656126
3491108 9995849
7627063 2570426
6810469 3566831
2859492 8730230
9450419 274159
3729023 6899247
1438177 2293330
2140376 4494430
9770729 1966868
9812606 9807720
301104 760020
1403799 7501754
9890664 5300824
5960222 629092
8623862 9732752
8886483 7327370
1952337 3048504
4564605 6120619
6968387 5198078
8916331 5669212
5860 3669105
261178 1544440
2276578 7875329
5018877 2950679
9046213 8337101
8441954 6583730
865909 6725622
9593226 405853
2175534 6907607
2070633 3640567
1988234 461653
3943904 2177932
2682903 1746920
2936103 7812222
695195 1061788
98254 273573
7093780 9302188
1603548 8409344
1196498 2600022
3613463 940490
4553557 8060423
7367626 2005536
9814823 7585889
9980404 8389246
60153 1404876
7230846 3932192
1391610 7666421
8073258 3636948
1825344 4503460
5197609 575816
6239153 1801194
4820299 3428726
2512691 7907808
2110039 5480395
8382938 1968186
5768859 2899014
2422767 4868971
9943732 1312898
7358901 7473321
1773037 7911504
8947842 376331
3642101 6171385
1955675 5705035
5665777 3352726
9252354 4524329
5872684 8223551
6806807 9856525
7034343 2576655
7452750 9326334
7515631 7720983
1051951 2013345
8588800 505420
8048310 5405756
2312794 8906947
420481 4561195
7738043 0
2881107 9624442
9999999 1861785
4014253 135393
2450234 4810250
3852111 2609910
8066106 6304932
7009790 8709043
9153725 7873677
7010119 3704807
4213196 7842652
6826715 2342858
9451789 4106965
165867 5976764
503668 9507699
679563 9989307
6780210 4592322
5159809 8588982
5578303 8444339
6388201 1679288
0 3036317
3212649 3801338
4216457 936215
9013292 1605300
8411154 4502240
7278863 3130551
4841573 2344528
827731 3267573
9430408 7643307
4774912 1620745
9527452 8032894
6789444 7850607
6020166 2136992
2109829 7795311
2732735 9999999
1719302 4798367
7988800 5971849
380734 5589373
4564550 5309091
9461938 448981
8814250 8705665
6841467 7895457
1968121 2750343
3004293 9135082
375543 1206747
8346943 5023915
5342354 4319821
8334044 2738262
2521355 8609679
1837025 3374457
4382811 3997792
1655782 7235456
4100430 1567145
742961 3236509
8666950 4675323
3424318 5232316
8159154 5124556
205425 5603887
8537430 8426200
9788253 7892993
2177725 766403
7973223 6044723
3797051 6761204
1785654 6720223
4417193 2814343
5992028 3805100
7354325 9579882
43682 3891013
4084061 7589122
9801941 7251746
2465277 651631
5431264 4380776
844964 7034800
9700382 4505393
879991 3470831
562863 5683105
9183417 1649530
2331044 376813
3523691 7554052
5862730 6953771
7852945 3188360
6294748 5138975
628027 5880279
7526126 1342190
6896503 9727817
7907671 2889152
9313121 8692377
3412111 9500061
9687946 8442232
2071842 3847454
6339363 8115583
847906 6713524
8162673 2548423
2195380 4780677
432763 6000301
6661546 880050
923026 5356622
4237451 2730868
9999999 4398055
2013367 4230590
59594 2107865
7865774 3047898
6220885 8359287
3988132 7038580
2387059 8848684
6684309 8249873
2436160 6589326
9258634 3840781
2353263 9266956
9766367 9146930
3493783 554239
4651966 4668783
8261195 6803030
7116543 1493849
5638489 7503681
3576720 8208040
4621499 7708242
4729862 7729573
3190844 7640757
1213703 4725431
7521035 2025386
8942942 6872448
2296519 4749105
1390067 4561703
2055807 7123055
7156395 4149279
5512944 5911636
3977151 932814
3549286 3840471
129482 8312871
8203062 2152434
6605962 3790405
8597259 5454156
3016397 57727
7353012 4323698
8685853 4731614
3872380 9200075
3321265 0
7498857 1644896
4742568 8116777
6297481 2567504
8734370 1978178
1922680 7209349
3990256 3217924
2613759 512800
8572773 3306901
7185550 703466
8183887 165938
7324469 5994544
9181040 5715392
5094806 5120520
2944315 5460887
61750 6623579
8142844 748928
8554171 2710989
6226216 8750124
1531697 643239
8351481 9461858
1094879 6318139
2235841 590425
430008 9786540
5098142 9718924
8772584 9528997
7246830 3468136
1941972 5008461
1551748 9117307
2023443 2497106
3464605 0
1605837 7799482
7374564 8575589
9095717 3261865
1459946 5294443
7931176 1171480
3386079 2889365
7439228 4184909
9741968 6385464
9057362 792445
1466649 5712751
3022518 8749187
8652940 5288121
8021134 2258753
0 7677670
5285506 3472272
5915346 7240563
8192301 5116531
7320057 7947907
1785759 4905413
8650603 8084386
5926703 9941827
9632207 373318
