99999999 1000
25770282 74101944
59439988 3393788
60838398 5996199
30661622 5760843
6284762 80847225
16580820 58017781
36337730 90072441
45365881 51345677
27780459 88355581
74643401 73379032
93975385 51497893
53262579 34848129
68032387 13540235
13352880 32859131
29650980 20296420
89666490 40720505
43580209 73658123
46080788 11113169
275331 86131542
31564555 11711165
37816876 60235791
71889538 77759550
59400280 77634061
83197234 78980373
3385718 68212844
63230252 82321235
43878460 68411129
71822538 34292412
6568910 33501981
0 46811014
26521667 15042379
45609321 66586635
67140716 63059829
2460337 21405753
57548138 91415421
48627818 10192896
27905416 58329315
48035315 40263616
96653222 4581815
61616201 66409236
87276331 3592123
29861424 43718341
89946843 34891106
28532170 42468218
33743684 80920119
90173362 81442504
31582789 708962
77873748 3433335
38917560 73336350
62380336 33125417
3983170 441255
77920645 17597652
15442550 57725049
16588132 76251432
13195110 93111930
77527612 43384866
49264890 76253962
25117156 35018509
86811332 74241229
77126777 15616338
47044737 82916642
39132669 50443710
82797949 79755282
96767378 26527938
95484287 5381402
0 64068229
69798381 39763485
64711039 94136379
77217020 63367117
39267819 53919910
70705639 17914432
6685091 72151926
81886214 68684866
57500346 81136790
31162449 99999998
18705949 43320469
97866509 42681093
74114813 87236398
88425456 22399514
83887358 99233352
97275934 9858582
86113949 40455887
4373045 46276351
54316026 67418842
4429459 4650033
71777311 66632521
76427176 33214149
28124305 59597122
45503364 84938352
80351612 63486927
32313660 44990451
43594592 75524834
98374047 84937853
87069021 31882697
39884572 6464995
31181359 79089034
81904273 36013008
78584076 71481913
22919994 17623395
89628395 86958293
59889290 26387521
36048679 59773318
6101071 66840617
53473471 24356816
74799914 80349856
37579054 55027233
84092238 16159170
45889247 72716493
64565902 43039787
14495017 84075754
9404347 6849092
40303798 20229253
62447940 9106492
13675984 93046111
70833067 98495875
39096852 71558730
27324567 3252681
73597738 40661354
97557143 32489882
13849552 11010262
981294 86357775
8702799 16635123
75338261 1705251
62289549 22712277
52438 43789949
36642542 28965063
75175026 69064547
72309062 19162574
37246151 70464094
20482073 68014123
42263594 76625288
66311594 21612535
7595758 71423482
64571952 28458831
57430982 62678091
86248832 19212750
46360975 11832970
53448098 34183711
88444762 68626339
95874724 1011563
1923226 52001188
65315240 72704038
12929738 44096607
6685035 53899786
20345150 18850263
76104162 5840123
5616054 29961749
34753191 59809242
26743863 28547960
27991629 19160054
61059516 61638283
87398022 58120296
35262313 57757728
48684706 91927022
24753902 12899542
91693504 64772139
56093611 99999998
79185750 12836658
55066704 52556135
44627748 60722593
34710669 82329296
40679735 86859946
70258022 59086200
56131671 30023768
34450016 34608348
66746848 11246182
61315597 48028721
23894389 63210684
50493189 34316263
85378909 52406168
4682778 43132662
22442684 51881018
86438240 51012329
54706770 21524362
93223753 80630391
22643417 84708010
80065070 52614677
18451209 55401286
54072221 69289107
3774856 80314504
95633389 89447750
32541535 77825437
21788544 21976406
276656 75025262
75749205 22733293
0 26156212
25251629 85699054
92911519 85450617
17831611 39884239
57893569 94687435
32447133 64860166
99999998 18503390
78787287 59662584
27630589 91018604
32021711 43005536
22419778 47644054
29711625 47948270
1082756 63876002
42191863 20221628
86203242 81130355
80077186 98197822
75863324 84878577
80998972 9892356
1104134 32229414
51568108 57334849
47806658 75876874
24697609 91308378
71802329 74841979
24939582 96734939
29701639 40664131
35150686 32146939
75170890 47227992
11286804 69477419
0 12507558
27047123 95686172
35917893 37914885
43138402 1520634
2276690 20503692
38238366 70267559
38388836 74683674
23958516 14044000
35118503 8391902
66744447 5626235
70259508 10172923
18106644 11965442
41347817 68164536
5926951 20659934
4726757 4852063
40605263 56399988
40474334 5720375
1283984 46694830
98442602 70617977
70211333 28589475
62566863 75628955
21836717 69728060
77588088 4951882
32654302 46489605
61907081 76193852
87152072 56422583
87071715 66683735
81830980 30775800
82296398 65380311
75621269 36490361
8988575 70014604
18990965 84834724
25130041 89349515
27724181 41337359
27130814 33669413
54249623 8306284
59479980 53269041
62187754 64877961
76970080 40726676
90816815 93302177
22415594 36901086
21285052 57904058
65747827 25482673
67090418 83647068
87517570 74421739
66530823 77077775
82925695 9399929
51621636 76739985
71992100 36455564
46138686 61911467
95026948 48779960
87231513 34040709
44032512 78141214
33295871 91458819
96768677 73920834
8547568 63087860
98558176 63811454
11417889 28794501
3547127 38331276
53070340 85752649
50894491 75758318
48643366 29848622
29674341 29465053
15742356 32915594
26430482 69186807
59598284 28333173
82417608 15978646
48934411 86827301
78593333 80788634
9551988 3896533
26363705 34483366
43698567 13706877
829301 38460860
83148660 6448590
9425985 18006012
92950794 20921614
66954235 79934410
55471200 35862189
15931505 64478977
51173569 65072092
64078153 13667175
65551073 15639493
82748035 70216428
45831156 61856681
24578036 15979941
6453640 87697142
70533128 91404433
59559762 34546803
85069514 18843132
33964700 76478636
82485364 55976684
12221535 28733653
25641587 92473898
10136176 44471571
25064865 42650000
43568628 9726875
73544134 10873197
25167505 33634519
80605557 39188462
67353925 44860811
11690352 34178645
33753133 41103844
55338830 44643445
91341473 81487747
79607185 54533115
52105806 88872123
95294157 47776835
58055598 21760053
38351360 75056327
65369862 50897281
58267285 16190508
95167722 4352654
73780471 4762113
4524507 3198565
84354729 4379644
15000321 38827985
24864624 16659750
47496842 60400471
13069824 2082466
45575999 60263815
35979877 54591446
10595105 47049983
32098100 58953265
77899080 40816286
57704340 86310033
74942103 23561142
67622234 26908403
61154279 33857963
14176763 90128068
14036068 64774629
33994500 47630607
3887501 77815740
9431098 84197479
930088 12015436
31651701 48903176
43079791 60633534
89162071 1654661
68373019 30178483
49759315 36049418
63915030 33158890
6548432 3897138
46897223 21463186
75026497 6164218
148173 81082856
62212747 6554313
17512870 44846361
84842445 65084897
19870215 99257891
89542262 26241615
55420631 24905531
71751303 0
74439086 8436774
66091958 12397526
58456581 49573051
44787362 65362176
74009494 46358423
94047151 97819943
43373792 87150406
24166916 97913127
46173014 56553504
73256968 59656931
83286974 52421687
23873948 1883829
44455276 40517924
40030587 39214965
40823378 72462685
51725893 21611198
11826880 10071111
94938381 82210954
40991005 9469197
5443237 939365
53811289 69027912
77753902 84168958
42302433 37638038
99999998 3676626
71541270 50126479
25598725 47140476
69459586 28565921
49214622 81947773
47314632 98006531
79656577 90272338
40299636 67948059
67201387 97125357
39275893 37496437
57451194 44269930
5718085 48632958
18300773 87100300
43810158 66388887
65460353 32754735
63745434 31616553
79082469 60115235
19553098 16106840
78265613 95119792
3108861 1726609
85425015 31461903
81294493 39893725
96442742 88715454
65246178 34992807
51899491 80443989
88168236 80613196
73019766 4951822
31463523 33856625
15419082 37393596
66758511 86048258
65939813 30375642
59065444 90453362
83291214 94774758
3147560 44603013
85162912 39160444
18924731 3208480
42650745 62275365
52973640 53354968
55681417 38726138
29411259 97298374
9281977 91446814
11657959 26324316
45997604 4221312
32290342 8389071
27807678 20882501
5473113 90286870
51937782 29148242
49219312 52580180
10208771 57426288
79542399 81626005
27361363 96076149
53352927 24853199
40269161 72072799
93358489 94996697
69948467 32106717
48932338 19576201
27947310 96444779
77431491 74380601
72863634 80117754
96052056 13859978
47326388 51811250
90437349 54572690
65270922 90920949
81878597 63056374
71950367 32041665
72671782 14498474
96386507 81810429
39162592 11925584
23328322 90876159
34073510 34945795
40942740 14767180
89729584 25752307
45740552 24197426
11723891 71020189
98033791 97922691
40534527 50251828
51055989 64737954
33592331 4286788
82141453 77154315
11892471 36060143
33653972 49760263
0 98952947
74651598 94411285
56020546 31370221
71031396 23508311
27908100 86284355
84422083 91820426
21184535 27383856
22680360 22493192
39516829 56943755
7801931 23696547
18873630 8590752
78537489 7979579
81768479 22215362
82961524 84075515
18796665 95360295
77563876 74220101
72527267 20119016
79159027 86474498
40179123 13264405
7883649 9043602
63195232 70958237
64367011 5132629
94600525 65833702
15029358 64961866
21551668 94341825
35032152 81786883
37143906 96219591
30257896 60170203
26359548 72875820
7837798 65827650
50833172 12548416
32037340 96841739
26600345 45590541
1560904 82852752
16148744 43012018
57150467 90218503
67845024 98065956
91889615 85621828
25650042 29863905
6444371 18527057
46549083 3089986
12700647 65842192
38012401 50823928
58567476 23937336
25854499 34361165
11774973 30404331
25741044 80105279
70866275 38368301
57391944 97416851
80914649 18464436
57430895 72664528
8138731 39406031
68955250 42838928
22073134 79320611
22204775 99999998
23768880 99008352
65294540 80160814
89359602 5862508
14158644 57392996
24610558 74810117
63261669 41949192
88081035 44465923
44317832 87107218
28847615 12460190
76331096 97917027
94958638 27319865
19413130 32862822
70920895 44870322
59435928 26027530
65191835 30597910
20217652 96532130
82901998 12355922
72380295 34145982
44560751 11033594
15317087 76924123
39828255 17715491
9545711 66370332
54287067 36535395
3936523 45415598
64378194 75362665
51046986 77642093
12723938 58189070
88136026 87793735
40222126 757304
54029082 87473544
73731986 1211422
90774567 97861083
94921998 29728508
93808220 25421943
69784620 81309933
2661576 8925286
85398925 96233149
98036043 11468168
82457580 43384421
60834778 30343114
41014390 79489378
25693336 57212148
87612167 44304078
219034 17851800
22310331 74464223
82670879 62784550
25766965 77962494
17232686 94316970
77151373 24356483
78451594 55831500
36776256 98913917
51990467 57435074
33475739 55239668
26329505 32985701
17215445 23712332
44784173 43215664
62439080 35174773
16984791 71451376
56653433 1610834
38222795 15738068
90134096 48869669
70003737 76660456
72157765 25065460
18702479 78539690
21926629 18222919
65484328 7535494
91912980 62295934
75898491 14426780
45957327 29579143
75919526 9062001
70729674 22018512
18248722 10220659
3010740 41235993
97370546 95512511
86468299 98186980
88737133 14722196
56973092 25751793
25368262 33573980
32588672 49973742
53373148 97610522
17077478 98065038
10518677 35367348
26528308 23367393
35085252 20824731
69383107 18917792
56054949 37252490
16384027 76003433
88315862 77183994
38148062 45579363
79246077 38767164
17593658 83939474
26657274 39712151
84634314 66383103
36098281 25401200
64928945 99152716
70777054 57778752
98077718 3880598
98808748 67686799
64947579 30629591
76278300 42158322
72836200 74966608
73868387 42854907
98017101 0
19119134 11894970
17505170 23808297
32050156 36868019
22945810 12734447
37817692 56492598
85994747 9920150
86757481 20080852
81654468 84389136
91602121 21801694
20401650 26270346
27822451 99297324
59491619 21500799
70281758 90182396
95401828 12218652
57765828 58889570
41010124 10533298
1408337 1717400
76226458 34249348
40432005 3503614
87675422 20583379
49980315 18537838
54060406 2744720
49755927 65460629
53157208 79918241
3314612 56814863
56854497 73671322
51959140 27091772
43913857 27346035
7366254 29631878
22217707 6376805
50045037 98344152
33487386 33233754
35186501 64154015
2317881 65901466
89484997 10805382
70893888 42040793
34148925 11767082
76267753 3118237
16725584 56320646
95001893 158860
47815030 19107942
892802 40923787
39143784 17978704
88865379 86035339
47309902 29056374
27697678 22979970
58077430 95326675
17710144 82048356
88367182 17609642
54851924 83468058
92906234 42980815
74390217 32922123
86898620 52351021
21633227 42005928
8069617 78049761
93926994 45692141
65934631 32851934
64511787 51010640
92429792 33232058
87177899 42168833
86213649 38640268
42466874 79763288
22524104 88356415
32464901 82340489
25493282 56224037
87199858 20071297
28346526 94147210
11104160 47799701
70145357 80648886
77680845 87507787
17316241 5984553
15079598 3864069
10257013 38213046
48718219 44061587
21416988 81479576
58195603 79949591
70777446 81103402
91053128 46619837
50401935 79209597
13787268 72262425
91997547 37944720
85548148 0
45814629 23251943
27343557 99730098
82389928 87785272
49129343 97537525
47340824 4168611
35227060 80479149
85375483 76040116
64141213 25592099
66916001 58880236
6996065 12533823
25160473 37731133
7138468 67703479
70628478 60345876
81152323 27837174
39557692 79301568
99200673 13698991
85305034 17103386
60134024 44984773
73372074 12116468
79585433 94620068
56229884 91936499
47592688 70603125
45433015 79409666
54850884 43214227
90623638 96264362
97537043 39045225
82580320 42560869
43518536 31575965
84571761 68423716
53279790 70927868
8499183 65405348
7638717 18335844
71027826 13886162
37545189 75948456
36192851 67337416
63534763 20208878
54988999 17368558
28345465 29657923
98905079 78868734
11146261 96263763
9711309 29791071
9897574 62707511
62610967 97942866
27651781 30740494
60537314 27465364
515533 62130160
41731209 38486543
33598982 61014335
34898271 16835587
58656023 76645056
80612456 27161883
62983640 94982386
2687065 80027503
4529976 53495179
42544170 35237512
406704 16920830
53396231 9682836
24667693 31867091
84004806 7825304
28562327 38845902
41500631 35663757
92147615 17241356
78210100 68590276
31849881 89754210
4207450 11275809
49095557 236676
45046178 41336581
21605777 76867598
90608934 12830255
86103876 19130903
16432500 71252107
24508382 59292516
8118059 47444187
3807747 33279858
76798942 2872528
41427753 1152001
49477905 48732905
30625851 3266239
9684662 97795444
75494044 28662825
61823398 14661001
65189699 31274516
77432979 28909659
42390441 45934660
18732485 52649262
72689176 87966372
58099937 4028340
25503756 20770285
84050182 75818303
63741369 94827554
71098835 83611028
77056502 98002062
13069604 36662711
89294474 92373901
43321127 41025586
57951451 39263422
45516753 20961817
40967095 72420261
65007274 36719393
91766011 44308335
24495978 80088933
84547258 39471550
92833863 48855134
84489146 38985679
96133738 99504442
20181694 5007115
978644 37656916
75665103 24481824
28604300 58777081
99739321 90785877
33917543 10185064
72768593 67397680
8921748 81340342
49693922 40928291
78971989 41963028
61149303 48437166
60983603 8091127
64999651 76608060
46436230 98183482
11124131 79142903
2915072 7717654
3282559 21571085
21609183 37912133
80905656 39622330
28677982 19772192
71142239 32908120
28598422 64602095
70687909 40153530
37537415 77724459
9391701 73154179
33820367 30987412
64762706 27311412
75301012 69660697
86730250 63170083
37303626 41124776
59189743 47376215
375386 72509674
77078262 87352933
76593671 18827265
34929128 84037265
91475963 97457426
22985553 42207919
26963350 7926719
36878440 91460891
57728297 59022037
83428873 85249601
84603184 70976628
52112205 30192406
8498904 43694370
74458874 16391973
26885415 14930577
76377380 30587436
54192723 52561599
2985232 42387599
24742600 4308368
20492158 14068228
44903391 54970012
70948744 85551688
53677702 72938225
32956715 99531859
30176637 41164462
55911786 65882205
25074843 73467689
80477384 13717315
72286149 11618943
34671750 64653300
93562831 68427855
56559184 35542021
54346302 78018800
25394660 27673301
74802439 94525335
30279521 32284260
67450531 41588360
29305809 27014423
79145337 9085528
12086393 0
65655311 48048779
51138013 24358554
48511426 20287454
49177022 37479896
15780987 52284249
59468995 92630888
47756165 83664808
27858946 69133181
5334091 63315786
62801093 17586129
60323931 73438619
97560038 99999998
84756361 17110742
25606242 45964506
51890891 51811233
29938855 10889219
45203553 23415141
31058668 5190857
59190921 30752095
34991172 62096579
39960527 83359999
85595252 72288619
76275236 40045801
35757466 99197882
44764732 95428095
8906328 17146763
69050401 60407521
51304100 11917692
90642223 91611329
63284211 48943210
38565635 12698248
37582848 71672585
78498219 93308344
72433496 55525404
15296722 47475719
82861581 78241817
11799904 18603826
48454971 47140199
21209625 50678126
61575899 68158767
6696668 24866679
45149993 68591953
26319562 62512176
23207057 94613632
28173450 68338326
96477292 50598531
48655299 22784762
36459251 22390576
85542519 72548559
99999998 13809470
27197610 68483933
63659293 26271185
99999998 2558565
95770888 8217002
83323102 70936758
84171798 51749170
46158375 98074704
65781207 58614866
98543402 85712466
50518572 67890894
36162667 85958857
13198766 30884144
73121176 89616743
18934509 36525181
41772110 54639601
78390980 22474645
9128064 92555138
55576213 43333175
47536022 7920210
39627308 0
71873696 90179887
75766891 89259100
72372381 315256
49573202 18896980
34062747 4071910
64461751 80786422
58125789 85274781
96133680 22986300
73921518 6352287
62585132 5916114
89302278 85356833
14545062 77973732
88911648 99999998
27608791 93589477
21534947 31532476
8685176 91599041
81964877 56251055
99999998 52810476
95003401 48814863
10241712 89771585
64378119 65173464
51946452 51033683
20861821 49377244
592411 24796010
54501907 78202688
37758291 88346278
82999966 77058936
44610508 24260555
38010655 10701783
73745167 45470718
24592073 63146425
83922666 41403733
37603478 82462196
14268028 77638880
28822629 33534039
36842699 2883875
32781479 61623650
89153909 3252287
6785144 58542942
65523397 55624933
19920622 16904690
56414464 80557674
16758628 37658633
38368153 24170561
299415 34001541
51528293 52079093
