400
626870853 543631645 188996534
377748936 380962381 48988450
180156156 156256520 104121106
912267707 799362200 35924896
458897998 997367455 161793439
854200704 124637126 82142218
934765383 535474302 244010318
358927242 224454348 103138749
821762292 858076965 85477017
9291645 182148985 64838477
121290196 885946272 222871040
499356008 292936981 69443211
246814826 573532569 96129696
848681061 277277302 41916030
117444692 568401211 88517492
766988222 136136271 78364564
458691419 62262588 98873118
716142729 226894829 33073917
433169246 518303630 128136375
693073578 935866631 126904056
206280645 12770376 81769400
635944073 81074874 46031071
501725089 812477223 53318643
317874304 377086881 56295927
563586544 204061366 70256154
122147586 413074286 76826037
946075865 967821445 56107561
705444962 787150701 80063129
778075868 23262433 71166376
288466469 28766587 39773606
217016775 276938471 88594216
929148774 260741988 35245410
5002964 2972546 22890773
355170226 15106435 31549120
27724858 378589994 31692781
587020894 763765724 35337316
678510073 149526214 50578342
426946996 742459775 6053590
565122480 48017629 1208116
769156978 220629905 34733466
644780517 12259695 50060140
97743662 37169673 83741194
663974615 306642404 24562929
592307562 311352883 42084471
12859026 289455571 9115824
830166325 959558227 4952310
272413832 466863189 42756856
489762749 165071837 63670707
960541396 145576223 30856820
16330341 660512324 24335539
53212099 315678038 6443438
381482526 648174543 4879786
118687861 270751524 21541559
995763084 857755248 28650489
965463115 18851625 42135852
364446810 650820630 11959065
423697010 775991278 2386879
2218858 567808250 36454190
891105556 33045028 11602803
656313236 221213730 17969364
233332838 366523752 77560681
723568001 264922947 9636742
521141595 741454835 47916220
911294953 219567051 33565851
18849956 445376419 12508481
566717708 10841051 8226173
81216790 274657368 5712404
864820237 218598479 14246515
30608716 251205877 17445537
622484068 803545044 2238333
346288384 821770855 19494849
973702332 62261633 17810551
965634223 209041325 37386931
75671558 193624331 9290960
52011197 281938957 10054285
833523069 988279713 18203750
831970592 230509286 22703040
284767616 94697786 64376845
912505044 870523780 66137315
982411617 108254073 8277596
360089099 759610983 57640201
648264719 332618482 10089050
687508474 346930082 14078836
983793239 801960447 20273757
701910879 31363743 8848016
3710764 264771150 13898862
993985470 271695809 14392307
65324644 287167476 8345909
25170142 410609507 24919467
409458617 821801339 907513
657798890 254151828 12912084
460620957 756268751 21892536
435143887 670151399 37541748
10988654 104526033 20741766
108037778 661291389 56737650
86341103 322439308 2766040
200524523 473238270 14361103
861086225 26768748 3635672
765113673 269693430 27126458
397559575 331421816 39081911
220793802 464853907 17267342
643233854 280265820 17048376
16349130 613184498 16900650
686583609 80749443 42804573
971478035 262863191 11964036
41503283 659310393 17191759
804103925 275719164 27121711
49013322 270078746 9250726
10492872 63877601 8214068
575166161 75426679 16237591
32767319 344709174 15731785
430847910 803719758 4325588
355397535 47790091 15461621
639076242 302478579 127468
672633765 254961538 2230883
592694347 132035350 40216666
71758140 315538761 6605856
122170597 321418313 5029589
875755821 984027039 7095683
356687243 695419346 26854693
392938811 693457282 20468678
558681951 808445438 742260
74419684 229698642 20923995
438005841 739026534 1827210
885708235 331777 16977556
201011207 451276188 16750264
441900247 790360831 10888899
849613109 12485768 14234501
957289104 95223722 5082502
7411841 492318041 17831667
566845907 26341200 9070928
17302446 318272969 20932356
698906000 285573402 20684215
957259696 103067083 1521970
103500167 296701146 15744393
563600691 800645125 3862966
24370052 467476619 10002406
950798404 66999000 21127908
419096745 829399643 417251
996984455 898027634 24449527
68458699 277819508 1740674
888706669 949114253 8273225
570477563 51526479 2606671
878124113 953161119 1580577
378416129 825293162 4427282
557597041 828823457 9353637
675485673 226607480 10239033
893718071 284546888 34716883
36091641 470536383 2804206
912206777 183704 3817100
435034904 380102097 23780687
867891976 7323561 16438628
970614645 102457848 9401641
580597870 47716238 3987645
877622144 233888017 11526047
977216720 282403343 14038956
391544275 829319948 11370268
637021942 240190384 13844375
951045693 784756774 9740536
680149242 200524284 21993158
435633417 833880825 5100687
444872539 822895070 5215704
644680043 201501557 7901546
18161443 521777368 3098379
917224549 41273391 2812121
115307932 324746374 3453091
995242671 161028638 12128145
865839694 999476176 2119023
575023593 807322382 7101199
95930368 274351096 13900143
367612654 821171886 1549934
831057108 949668181 5923268
6017795 454955341 9794283
43308346 446342872 9448414
579572855 24941338 2700136
866697805 985743942 94355
435790987 757260518 585053
24256220 273528501 12048131
448056033 833254540 6797934
915460659 25883089 14448268
357956218 86874299 12705135
699102798 263786571 17426851
730280720 285302009 11891773
584256223 353879098 39581374
11772348 342921946 1378217
991437385 249713562 17395600
687609334 332200054 12710307
637867676 342007868 4082303
622492281 759692824 31507129
76984126 260769391 11004561
836945582 968190718 4822409
74808024 168798921 16850977
350757487 120068955 13763172
635818299 335468841 3226042
55858348 308028469 6560454
676485117 237925326 634965
854235809 972960801 11276945
371369036 666441048 1937318
351165120 70828916 15100169
998384969 69640326 1259467
659865379 340881079 11384246
428862066 723182598 5869798
703472546 2494578 10086656
598079436 806398745 4067734
938343044 96847833 6213824
667783595 278299437 1731278
97111311 320787564 10357005
585690010 7720958 14844850
967991537 250100127 8217579
567075959 55388816 2867471
851951631 958598194 11012986
3687965 285272178 2780115
429147171 797365122 4973702
376765247 656309266 5379290
609722199 799379610 8628826
877507439 967892557 12904462
991925330 84481368 8035930
855846202 997879230 9515945
7755621 32494007 14052668
51878824 256836737 12105558
72445068 333791213 3937974
25776068 500470564 12283240
61030689 299523598 6891346
24792372 631413776 10069745
696573986 16541256 5104909
587349905 45602750 3948601
438021600 766953441 2532743
426438806 771464702 4191370
74607976 135896870 7943945
874602916 27105764 13069388
983991313 98900028 5741474
2309160 435954275 1812581
861568655 234419942 12067335
999154420 135601842 1712547
3379592 291462757 1697563
946318959 106109839 6659601
81611244 333574840 1652252
999880980 114265999 4274510
41039566 308309716 6659631
37783626 289469687 4625184
958685752 803850251 5582710
427036800 730586128 5223238
365802731 833450125 3594450
593769299 23946822 2745474
558917826 61568444 4201401
831639652 969279485 2971081
394956187 647931394 1988623
21531690 527359317 4500118
82125694 305557833 2182071
979418433 781230023 7634021
998206322 780690129 1002546
979975960 89126196 4481643
27029641 291294282 6854178
992702658 145862664 10029900
736585994 269130974 9116305
1332675 75074676 10478653
6516168 518029772 3168178
557623173 802433598 2991738
10746282 48419258 6857782
805894108 229310430 3306864
424323861 829821062 3134028
74645164 144348361 587985
624775178 792412429 7774723
351014722 654655727 989091
998888062 127394055 6781400
583749319 800297173 1758194
10207117 249400003 11495416
379651780 819567252 2204160
567778642 801857024 4119835
578015796 38027681 5008926
380973825 664709266 4117711
984421550 822336639 10163431
954212280 106796361 411600
38497626 300355215 5475916
127510525 308472060 6742957
73061898 325252795 4201841
968387207 113931561 811005
62014680 316673962 5535663
36990813 478684222 5380067
673069861 332966162 4220764
371778938 820046894 4041648
880713019 997023863 2134039
85003054 315446479 2263523
996908791 63235814 6298570
634085963 204816996 8518419
50084124 335780913 13763220
74912541 297080245 354566
678176033 277565712 9999800
2012412 525976909 4391935
430639076 709613030 12798036
578486137 31175572 2808108
393089977 667564405 3770579
478589 280503232 456662
559040017 39896280 5520604
7335600 632407672 15541743
13693531 472647721 6415103
27006020 530297643 3019900
396314417 659178172 545409
458795186 733570096 941446
414421516 826602263 1647808
850074098 207571707 8951653
690431890 319482678 1205388
5694169 511432136 1626096
64387349 260187250 10876650
418669743 826252821 2696589
424863412 759955862 5990000
995664252 289093141 5311292
441015350 833586663 2600401
40497736 316834371 6554987
127777996 299649081 6998530
78076564 335338128 3107432
824667489 961809675 1761994
995900936 102825404 7350343
419900860 822570639 2660687
357512185 663648315 6492662
671348312 246819159 307416
587514236 802621593 1087190
79215666 286533403 8232901
76105132 307639949 2657059
37936727 463708450 5599974
38223438 436330172 2672639
636367503 350529777 6723458
907070736 6354630 265319
856682024 985173702 4631795
875626863 41431168 3958230
652623132 352541293 1535739
704798323 13512884 4508507
6025359 469352986 1682677
115308897 315822883 6186106
567819104 51720513 1466592
228474267 445491286 8124996
662005846 277106036 3532053
594508822 30011134 1253149
390609621 657703041 2296732
884915770 988223566 5593197
410103183 825533074 3517410
406362383 825170427 1885839
432774612 817452730 8005887
997455339 825397998 6879439
570989631 36977743 2521843
948298927 91177536 81556
639201504 262848126 7295155
127767300 317210425 1373544
637009725 216188881 3763110
426110273 782961991 6196459
899448085 17698881 4798963
355096230 104286140 6995900
218832006 445545892 5620912
418883411 792491035 6534560
558296998 46949747 5708334
561996171 812035111 2247396
11099260 515764272 171315
661626340 353541071 2965376
43123898 473884450 466833
864381764 951135338 11764448
644438430 351837787 25488
415013414 822999418 2604793
437636434 723945057 394034
854917248 37447729 9366082
588746916 30703877 1365650
488200294 627508140 502899430
872188368 143306758 697401935
884758310 204211896 687298366
667410095 598167490 316557040
546012786 355816468 128800586
459563196 918943448 151736483
719749749 747983763 107104925
919754046 831879530 216419273
916291495 519066458 714853139
543374386 751426306 244685524
164961469 181962733 683107337
388615352 323868741 412003467
220122384 53908488 328699720
324369568 278700608 609262942
331016779 765524664 644377932
325911314 452538914 618667541
38197682 123435430 885222965
345135535 621215572 499746151
60109635 171068836 305006847
239066532 816140600 812202599
911877117 941671264 202195787
443024613 911299187 78436161
738956595 451792261 370271682
596641252 457406141 583402086
105053845 970383333 155707224
154775768 4390492 201544778
796771634 904958411 792621125
770651146 201036953 126156674
725106850 249458230 342888952
345774813 677903551 553342451
67058753 525947536 364786059
138108560 99869403 762873145
583102424 722019503 660762762
862192547 997752636 853440591
566792293 814478675 393805361
302410543 290021362 740658489
182714245 488214061 119958712
886040642 600665337 316203726
203328278 580941089 509306305
301189452 641057142 525518050
