400
110 157 728
457 241 652
478 337 815
66 110 616
245 380 729
481 289 851
446 121 526
144 150 594
414 132 740
84 421 979
218 127 844
21 302 679
133 282 656
137 239 858
353 125 527
209 166 847
170 13 745
138 495 806
293 73 529
389 1 564
347 193 910
491 457 900
141 252 566
401 469 540
124 456 585
165 156 897
463 400 506
10 264 885
377 26 717
474 89 826
274 371 678
207 309 849
149 17 601
349 56 795
280 74 559
65 316 852
477 158 760
365 279 870
1 293 992
178 443 708
154 194 609
378 462 796
334 375 631
283 77 536
83 131 638
224 65 888
6 120 789
452 333 882
214 20 592
136 391 829
311 165 969
88 361 906
307 12 903
321 480 767
96 280 547
327 140 589
345 463 582
184 459 977
158 328 890
323 50 680
403 18 630
276 287 772
402 454 941
20 481 876
146 139 513
496 172 805
465 240 509
98 47 939
74 368 504
235 476 685
56 171 928
381 31 750
367 407 754
385 24 662
226 129 571
427 88 586
123 141 838
279 229 611
225 97 530
241 214 940
222 340 827
302 338 663
105 187 924
410 255 621
428 83 798
119 297 769
343 262 713
312 373 534
485 227 854
51 205 784
179 344 612
26 433 762
368 273 895
308 336 868
432 106 701
183 198 596
227 464 655
468 143 634
41 303 706
359 222 666
242 101 605
393 126 988
363 209 511
420 160 810
129 374 719
249 383 640
370 163 967
252 232 651
394 444 741
456 301 671
497 246 887
476 135 850
333 94 642
248 16 987
116 460 921
329 112 733
486 117 875
318 211 675
304 43 569
78 498 971
482 4 807
163 377 995
151 437 983
210 441 874
50 39 689
375 180 783
53 275 683
121 86 830
244 220 828
487 14 548
314 268 709
436 356 532
143 323 600
70 431 587
271 218 957
405 113 974
415 345 818
155 299 573
313 108 834
301 92 700
233 44 951
448 133 664
61 341 699
296 177 593
206 245 757
348 417 512
205 253 533
3 466 696
185 149 776
115 412 693
192 312 670
128 164 643
36 62 557
160 168 975
15 151 945
372 87 625
113 238 898
73 63 523
30 419 712
180 138 835
99 364 595
316 230 598
442 210 839
171 306 505
27 325 947
19 225 848
492 90 542
201 409 944
157 223 633
407 213 550
87 79 603
424 188 949
229 446 645
162 34 698
438 461 937
253 420 960
11 294 996
167 243 986
80 385 931
236 204 517
409 199 976
461 381 682
45 148 500
247 389 676
466 335 510
120 305 927
2 408 978
398 367 758
147 330 503
223 153 720
447 310 672
459 465 811
196 352 549
299 228 855
43 331 877
284 492 845
328 5 999
112 46 588
150 167 788
488 271 579
94 427 907
264 184 809
289 451 787
187 115 962
475 27 901
269 102 752
434 382 878
81 435 843
290 369 820
387 288 747
338 41 790
101 434 647
109 142 867
371 134 657
369 474 846
397 99 749
490 449 636
260 304 639
239 81 761
23 202 502
191 493 522
391 442 853
433 319 925
194 494 578
237 226 952
320 130 766
127 450 990
231 109 948
270 231 774
479 281 734
384 308 816
230 348 541
282 9 667
451 360 1000
106 448 710
118 311 973
426 36 856
390 354 857
114 155 622
200 349 864
383 402 668
202 161 938
72 291 801
69 424 833
357 296 614
186 219 551
35 276 519
386 277 574
464 426 568
135 334 865
90 261 703
93 290 998
330 453 832
117 378 891
132 440 554
49 366 879
268 23 918
351 359 691
335 416 723
352 119 718
85 257 794
376 286 644
443 387 780
341 169 958
255 350 781
44 54 583
484 430 837
266 483 821
172 485 518
272 436 813
263 221 516
204 376 677
161 22 673
297 425 968
494 393 715
9 403 727
134 15 883
453 111 604
358 72 562
97 398 560
257 195 915
277 254 531
156 76 520
431 418 648
361 236 756
411 58 565
421 95 799
467 128 963
339 28 994
275 147 797
278 357 544
309 267 836
440 406 641
111 2 929
100 292 528
344 82 786
33 8 660
396 259 535
444 244 572
439 71 738
355 370 773
326 57 744
337 206 764
193 29 980
211 500 743
173 452 904
60 98 555
7 152 563
39 233 985
322 124 872
416 49 926
291 342 575
12 326 751
498 235 889
17 37 785
92 321 650
356 285 755
188 67 981
145 192 508
5 32 665
18 186 860
232 35 737
212 439 942
310 404 822
455 80 964
228 162 629
125 372 953
254 284 814
336 196 782
295 68 966
243 66 525
417 25 635
34 42 546
166 384 735
483 499 869
286 247 920
288 145 697
469 399 997
234 467 632
454 185 817
267 55 930
8 154 914
102 269 669
354 242 770
31 123 984
331 432 932
441 197 627
382 445 956
181 203 823
104 182 959
203 11 886
95 479 943
273 176 982
47 207 724
250 358 597
219 332 608
404 362 687
140 422 824
215 216 561
48 179 514
285 473 45
458 137 291
489 395 272
305 315 707
379 314 479
139 329 935
25 45 355
190 200 306
217 105 25
16 351 195
400 107 88
294 295 340
462 104 66
392 100 44
342 146 460
177 355 59
54 471 965
258 7 430
395 397 41
259 175 70
189 256 804
169 266 219
435 497 409
182 69 296
108 265 228
216 103 819
450 489 349
373 178 309
59 136 426
437 423 398
107 414 32
445 413 464
168 415 458
197 347 253
364 278 76
195 19 181
67 496 495
126 478 467
22 208 71
142 52 777
