400
798222750 745389623 402376110
303991586 761493640 156602902
844506947 814612558 632000400
68143361 224528091 77407747
497985334 586182523 601438182
803985007 286224216 478533011
63252441 152945536 671183567
718017130 749218488 701593393
739647145 656446735 151511696
984143759 667175272 268004123
175084387 389776611 60983723
69867684 241670197 261262450
159488227 778105118 252144144
682407614 133656495 519384964
389852177 210683031 299442319
861489505 411479847 153119487
293288420 134871401 313975529
533918028 163419495 72078446
408074472 865184450 976619191
600180777 109750180 298479478
711280156 501764485 619505208
822730730 250504201 426982258
458423306 981191721 58122915
561961994 211271514 48004275
97646043 777652659 810161555
162484602 837949403 756556638
780972395 369543325 793217579
157087739 158805782 558520100
365835018 111289031 897480784
870350766 165554093 216455972
111897040 200804045 551169207
60791270 730329701 893245274
562575130 764127596 179930996
278529878 54973017 67771468
330701724 359392762 472180087
607031360 991674396 507126617
970413023 211278605 896841538
361997002 674983733 304272141
433739344 654621855 259620965
55698791 982149441 532796018
809975013 775913956 434927579
410633710 166100751 43910555
155761640 663909038 317094763
852705835 225589705 475891708
835449749 703152448 93740623
487554781 872326544 289445645
964668623 243459026 177315361
624947872 467677322 411944198
182089504 283144870 631422169
302543645 748655323 213074685
130707798 843241628 432021692
505076090 861524386 848810481
88138778 400132745 617947045
658022797 528613109 711940708
94785293 668304277 217834328
74265772 960256479 977039127
924157372 829004955 108366994
356063633 729865537 685289538
747418021 503281221 654382709
94200957 560082927 380159736
554301355 952290525 205535781
240477208 868446902 861629685
49351646 428627057 447658670
734353360 499937508 268354449
137297573 895846692 705151019
952645039 384273916 745587362
334373107 777532687 562869149
900117883 309397119 551178862
402710206 461747531 462719421
624700280 120068935 564134748
578515765 164820145 66617461
11585408 763377619 936936941
574741454 79135407 25538503
988948210 16703698 930711939
140697393 112420018 538780327
459031755 341654723 31884748
556784859 197289695 276247243
176085686 53159672 450917660
829229856 369248475 398552078
608764721 532851468 724388230
103522029 261223453 326510543
804120714 100298230 156320251
868114962 50900630 130558428
891708950 249835891 680494283
321373764 809945887 509367652
800320253 350511494 980359611
646020888 799653509 804266960
543951824 76369467 746583454
272383066 269878392 975728734
556689800 44444120 603875360
353397947 238871778 753065504
714082387 222856809 863157382
705591892 730488005 325626824
383419732 124262468 417468824
516478164 363366293 773818926
499031218 646197536 141221995
696011643 475896394 673860260
634467241 243615684 264731146
297743220 907936475 758413938
985328392 109675167 521587912
409985061 167837732 546604454
313437855 827151136 973095484
168443849 12505080 466046954
806292779 474475457 678336153
779145197 641075272 760905203
448708161 128625862 679313152
851224633 200474217 290183901
418027366 153767904 395145833
957654069 428160216 638475773
994870307 732605281 245337708
494185921 547901687 75232346
293422064 46019305 325497329
802145866 856096158 925034941
12778995 723622369 83941831
395269690 240645065 29164523
456250300 663725650 192198427
943553434 935242876 377593976
153402924 794206709 781140149
194335066 679965193 661414515
515683590 233321434 216881993
397194158 805232948 649165611
599695152 449912654 866348115
570906439 614768745 644801583
712257330 183379106 245077976
602736447 94561960 640287461
532226410 86174246 317163477
911410183 82338324 905054800
78367048 635611378 164813723
625487389 984541722 223719551
209296281 108317026 274657609
833165730 641090795 234519773
842005077 344789948 93950270
781533080 270835417 179160033
478865641 16774213 384400085
739623465 848481556 538428609
989843837 397295122 21731497
416881800 499019723 816139779
994258939 187094197 739966127
137129754 651132790 793748174
414695829 751656326 495793343
905656179 262225517 192586744
283580826 868300459 702469677
299622154 359710666 365074966
524407724 86725963 813574061
594068990 252106178 217567185
54287902 472834815 683093459
120840732 97973078 409555709
288490895 296690378 69011238
527231050 611286686 606314837
777855338 724446592 886924155
469223209 575870602 657982059
817310756 978721454 743907272
451959979 482418347 78019077
713010859 664901579 337585966
237269081 228652385 307017840
130429706 820270195 866425372
870451303 49042800 25782265
991491801 995533606 305142374
801444691 483841364 232055530
778322576 870765240 809610664
755225 990362045 560679775
165239698 445865885 804328197
236492957 404049882 340513098
855558885 881565488 820980016
584247180 888707488 38432861
184273298 119649636 371093516
47761607 409243738 28695242
567961217 170932855 459236442
222405677 465995096 848649782
28516024 819098643 497186724
131544137 2833301 606540525
963394697 919337562 129975799
775496465 868324792 829303915
579531814 639324676 359408588
210637313 874393078 997833838
760361705 392788555 267035032
327960221 647974526 356760628
157601219 741378504 656977939
644522809 368990912 944950952
272041755 325221356 678849709
517122708 57557360 85965892
219931626 502343589 748442773
402125833 873459228 294422429
496271802 529945062 415137992
838700916 780171664 618524965
426424076 127627596 399182630
54564813 646618859 224787105
712927251 623886909 821298331
20810917 950840601 510936621
133187877 687924600 720555902
972973055 434993195 937170211
535956252 95975428 71655022
684109368 375586499 466744666
10666888 77690618 842630765
368531816 757389434 903200257
200697973 979992357 253323560
117846725 577610575 797182486
743543858 809797273 525178693
285654325 211144618 355801573
507878169 695755491 650714003
723310762 263107250 442988693
184424186 306129069 391930288
455186110 899254491 247441174
76022651 850528712 870852484
303842307 996137815 307251922
265566547 996613531 204184625
941564387 30073117 852458249
736917636 600101384 495257749
84168681 836260640 333865217
216793197 637927450 268615789
816098211 406368502 936251406
348163192 431602007 534866284
388390341 891206949 560170367
342431099 420833606 164374975
983900167 967927806 697489945
109124713 906615833 607406375
623223890 508475343 773487718
43153186 196762128 848069868
164927600 600405127 119605432
72053402 632417209 605015215
707315151 778763423 19658491
173718376 476595709 444318984
476222986 44500157 509705924
808837293 194178723 773871175
900987721 736568381 625201808
24225202 317406925 540024542
573964583 584079262 279981857
279582014 7687699 7219298
6574178 794457006 72311109
798525512 595395660 898454316
297663764 611180920 767789224
155191458 72218160 199164889
912259904 533849236 550868503
744393608 948095462 945274138
140893790 58792331 454519791
859963747 778151011 122833214
551563512 967303024 791135733
291699154 768226471 167873687
564212330 881470292 184502775
977803981 688688682 804193701
883842554 255274016 687882598
962583354 861385027 327932628
714736736 787830481 899554258
88042923 532071073 656781843
283285312 850862663 484767164
708482370 225300123 185712342
760928408 762245164 477407042
553961587 465246302 559835297
416901548 292020434 527135280
329548169 600309392 239945428
631634603 893825656 952457027
57239297 205804182 774220922
97761695 27431714 615996366
162187024 350062445 442135075
479489496 306025100 932689971
872191954 101482459 52452619
328221166 772966667 98729608
670113658 715062974 487096117
851662894 273044655 933508312
465440555 144093828 924534213
9632460 272672736 136875147
668927651 974929642 857663393
426062900 205559174 352035490
451498616 524826080 65344872
779960847 287080455 296008409
846589580 708974147 190955509
711723521 603286107 834063235
819024182 951216603 253295884
859885664 485946720 38284478
82628267 640985251 458034327
943327830 332877973 305619934
787383594 403756600 926442505
127268891 41507976 389723781
300295306 538907942 724573638
514212933 443851487 328630568
645783415 968717281 506822385
840498748 543186669 405552442
825385994 981388733 469328340
6690163 798254983 673609354
251387171 913302395 374453604
428603411 372041252 931686499
279243763 606729310 510757013
258322038 311600721 218226642
901001540 761143362 656894501
592719996 261718712 734456928
216604876 449632635 324866802
632840290 440701158 152982588
778831611 154243664 603601052
277086845 46692396 726198880
213637072 132312035 512732815
956681200 931119383 618646659
663405072 435794341 780220327
154589433 224234886 775992748
225852825 81003329 445059760
930682649 319397094 840020741
948745144 785938365 223951971
647180802 315997229 97253647
751995613 580484797 171599247
423545424 473798935 69572249
505387783 790234889 831944117
567013460 378857433 28909545
414876126 613326776 486901535
343927789 852585379 846571954
638042512 40171638 756484083
359613531 809087986 265661479
224304653 518838053 249091723
748767666 31848250 606019522
141666314 978431953 912189690
570271310 211673081 113704495
793659169 292129958 694331854
497788620 245288582 761651940
543844766 476316251 660346939
748696175 352611460 138279344
131158040 816799283 422441018
301206788 703069431 588076434
963584316 640263349 869937932
885680959 337090574 240718366
643087746 340556626 213312925
255086144 406532525 689935223
719422637 106458638 668340442
509015010 776017903 954379407
822160702 210497313 599120928
832408823 837737085 78259486
371394248 679837143 516068867
366725230 804022817 145107589
307621654 185769001 478045163
96369041 598596595 440092982
318174827 641471842 702747585
552258504 72922620 186927915
591530717 24149772 911778030
567758210 665468792 507927122
505145228 909673212 184395222
492539009 265085343 785528550
391050075 446183443 705117871
968259314 328174237 189262294
47593180 733771563 360683343
563080547 538468107 119684624
759820017 905707318 688284594
321833363 252090651 756939436
986365569 362414240 158638062
744606548 629760531 503865071
954407718 67292475 466361271
46554449 974643432 216952829
783777990 477900441 733596727
823553923 212983030 509103455
114140732 618505041 990974450
928036419 309722149 455980721
982915866 312801628 533966255
408135673 296778293 442192574
408722491 640886965 346395970
522887825 341573361 106448379
797525444 711980582 899881705
176598157 919425039 624845883
121145690 579767898 784232260
680606579 206671838 742136404
372036868 30660783 688288523
738543933 833778326 195577787
321457736 995314870 954395813
386276659 661571457 846244666
746358444 540452897 263364937
688302333 137478487 742583923
551646751 704427239 523143815
908535376 76885007 305259948
153321990 420822324 306838273
202374966 501503559 818686397
559331707 870710670 823292658
895732164 12227366 726222108
59959203 568939044 192228347
355203272 917260342 709388280
164816392 671536201 88431630
748147329 311301762 138821242
439419698 786091055 975316412
834172854 998214504 58110371
251624505 181275117 242437359
672940114 861248611 358319735
177462662 812055518 780440721
628868543 800938579 220860693
670699880 683914435 775521481
880186671 974153595 554431312
866150359 514912876 663836762
124702193 187850756 557771548
128186764 490684774 606978001
578825285 403136743 284845351
913713080 494915103 177601498
263775561 782197737 306888555
204706012 22717980 977734365
529868318 866668134 534043035
184703219 113389612 628957081
189160031 336899277 928992649
832721187 357656628 923201073
727554832 292273168 370558737
483761152 907965015 32813214
312839763 926870545 491982205
23452728 500486984 17272846
775644758 71747757 371350542
396421412 387061747 323896341
119541126 629136138 699854414
449680815 636456614 20970724
265739867 871352714 469155252
816623317 117136332 594801445
