700
977 315 2346
1077 1397 321
63 1393 7340
749 153 6990
365 1133 1446
1216 1240 2636
1173 1049 2241
1089 986 8118
984 1370 4624
309 112 5501
1177 150 3087
450 1071 4297
1309 335 905
195 1171 3113
887 657 5259
875 1317 5706
969 828 2036
748 1176 37
347 520 7368
1138 917 5637
286 953 5004
946 1157 3246
205 685 5080
35 1072 2484
430 1357 4015
812 1094 7729
1030 842 4963
600 1290 6776
848 270 7217
904 197 1408
810 1019 4305
407 1276 5698
1278 966 2774
839 162 7827
84 121 7323
1110 305 2351
640 1118 5941
1020 527 3377
531 1181 4143
949 609 2261
1270 211 2894
1343 1086 7646
163 959 3563
686 937 4377
46 36 6381
797 978 5052
998 18 3393
552 742 5213
40 358 999
619 542 3461
1181 599 1772
641 1105 7279
1347 683 6245
537 1236 5021
1284 6 2578
670 656 5715
996 797 7556
1037 822 4347
38 252 7377
773 78 5367
468 735 3427
144 1120 7670
1260 195 4959
284 662 4614
1251 1251 7749
1365 485 6014
20 136 1189
448 1301 2153
421 1127 1781
700 830 1477
480 895 364
721 977 2704
415 651 5824
889 371 2054
383 182 7128
1392 716 1494
507 743 4403
1076 636 872
1140 1022 5260
610 204 1518
668 1111 48
466 539 7925
212 860 6204
1340 569 458
19 245 1543
307 593 4493
1390 1221 7831
153 1374 1866
157 739 8265
1345 1241 5328
4 654 6011
258 1161 3954
1336 910 8168
424 1002 6153
493 1152 4396
218 1011 5652
1099 1234 4921
339 251 3376
972 829 7919
724 279 3701
250 248 7263
581 1347 97
801 70 112
1182 1323 3187
405 677 4553
901 86 143
355 856 6855
1228 1275 2663
229 1305 1768
957 100 4484
1119 563 2712
958 421 41
867 760 8084
1027 956 7888
560 259 3571
720 140 6958
145 32 5580
1326 516 6173
838 1210 7529
270 645 3009
1242 785 738
118 1398 6270
585 551 5815
1328 570 4950
791 1070 2811
91 676 6922
225 1025 2218
908 41 32
146 1375 7302
64 1145 1605
1272 278 5589
12 180 6190
572 1184 1633
905 1194 7588
377 1205 4506
987 320 628
42 682 3105
422 889 7195
249 778 3041
1035 631 4248
1113 235 4068
88 312 3181
1161 253 1230
1064 152 8179
734 110 1653
1131 1091 490
937 1024 4444
380 932 4464
932 455 1240
785 1343 7176
1240 521 4323
865 102 7543
701 805 5335
580 316 7354
1092 415 6197
132 901 6484
648 1260 1510
612 72 8018
602 587 5374
348 531 5212
428 130 4119
444 653 7901
1281 90 2647
763 240 5911
470 891 8286
813 744 3515
324 1023 5313
809 696 6751
666 1082 8170
982 1318 6678
840 1344 2249
100 947 5323
1 1283 144
217 649 2786
1294 974 2151
498 877 984
260 409 4653
44 158 4037
1134 1069 6909
194 600 1534
479 1134 1455
1359 438 3723
244 669 4047
1316 359 4615
281 310 5590
1104 470 7665
488 0 6219
716 56 6762
586 271 4291
718 462 8187
561 183 6716
187 811 67
237 313 6205
130 548 8006
1114 765 7677
0 504 1030
811 1214 4864
1024 1193 6614
128 1286 4641
907 987 5218
582 1045 780
872 596 2850
669 789 1370
1121 1034 469
432 1103 3386
597 547 4228
1150 1132 2109
542 308 4018
1023 757 4490
1296 401 4526
1293 319 5398
197 67 4345
516 528 3659
1101 73 3091
1137 327 4636
1021 1389 623
1396 254 3160
175 746 2358
1010 191 2679
520 576 3093
1249 1338 291
271 1050 4555
1370 1390 4289
1265 16 5952
311 303 2819
408 615 8034
60 277 627
322 1207 2805
931 1044 4193
1055 1112 7063
302 187 4513
525 928 6808
1132 1394 1463
598 217 267
530 574 8116
1348 333 3968
1144 350 7577
1361 127 3521
471 87 4105
208 575 2931
1327 1192 2528
777 502 1523
162 852 7107
883 870 2474
1213 838 7547
1227 1330 878
862 1066 7568
1211 1280 1088
1311 1088 7194
236 1388 2210
1039 1226 5742
642 1320 5378
369 667 424
789 699 7972
590 606 5106
294 306 3875
825 759 5581
192 1095 4153
1243 353 6639
492 875 4666
25 693 7371
939 724 539
711 1209 7865
1319 372 2265
170 479 6972
533 738 7415
357 704 6615
137 900 6491
437 138 4455
1378 1155 3658
82 976 4509
358 1292 7156
1261 338 1574
997 793 5571
1008 1137 5308
1184 403 3880
1078 488 4001
78 770 6307
399 15 7602
990 412 1456
1321 864 4078
798 1332 5761
1050 156 4170
458 783 736
1151 712 6629
920 533 3243
1095 701 2307
828 1346 7457
638 1273 6420
1031 541 4957
99 1106 1352
950 1156 5011
374 973 164
1286 664 569
228 970 2900
267 666 4372
622 114 6217
61 1168 408
556 198 2559
390 771 3197
1029 946 3785
24 820 5741
122 591 4006
367 236 5895
782 925 2672
1353 439 7753
676 517 3422
528 501 2913
802 971 3310
679 1043 6949
1066 929 3005
834 221 7778
1157 523 5695
545 109 1947
951 887 2545
1315 619 5661
601 1172 438
1287 292 4187
976 324 709
1355 637 6234
1350 265 7485
1153 1124 4831
73 1243 4046
820 1037 1284
319 589 6735
1372 1189 5997
731 513 881
644 84 7047
141 945 1275
306 283 76
269 628 2764
447 882 1714
747 416 2963
441 284 3839
343 687 2755
1080 377 7626
517 642 8334
650 1035 5974
1214 498 5077
819 857 7206
664 496 370
381 1175 7384
340 404 485
323 1186 4000
665 1005 8266
502 357 2434
696 209 8398
954 1245 2961
1351 680 5988
992 851 5437
395 571 7514
938 650 979
707 249 1651
522 720 4259
567 1222 1272
133 1269 2846
1373 1109 6156
808 486 3134
704 1064 767
1043 378 7313
746 233 1886
70 1139 8158
645 1061 7733
985 31 7031
779 449 7830
3 178 943
119 756 2656
558 611 8185
2 11 3073
131 119 5672
617 276 6424
97 616 7772
909 1233 1578
1165 1254 707
1148 787 6896
438 675 4861
880 1036 5168
31 214 3667
554 923 459
464 325 4704
1304 1110 5194
643 261 7427
1301 1220 4326
792 968 8345
1395 244 3691
1195 274 5128
265 1122 7517
655 1063 3646
171 141 1152
483 762 2418
485 1048 6417
148 777 3925
1220 1395 4987
824 948 166
1183 686 844
396 529 7881
559 376 7410
166 1257 6327
301 1218 5028
280 1047 3700
1308 1093 1920
681 957 4004
878 243 4941
52 561 5907
62 1089 6409
588 767 1711
181 188 5984
1063 457 4869
259 169 7467
991 1187 2439
431 572 5169
544 982 6471
1057 241 5683
563 134 1245
389 323 6382
1136 1180 3
1130 525 3495
346 300 4668
1252 1147 6354
917 1225 3812
657 1237 2415
771 192 5809
535 518 2190
1079 175 319
268 200 7573
568 170 1386
675 780 801
1360 799 3044
481 53 2798
1368 955 1360
199 963 7144
105 42 7358
842 1078 5061
1333 1098 4672
945 869 308
682 1199 3171
406 8 3322
754 1312 1800
575 1108 46
273 1190 6871
1070 39 5416
857 1321 3713
1275 47 426
850 444 7080
613 406 6694
1164 560 1571
1108 1281 3182
697 101 4492
913 728 861
425 509 6587
167 867 4276
1389 557 4024
1335 602 3446
745 916 1044
446 1001 3023
778 2 5609
855 981 4677
735 625 7167
902 143 1443
506 414 1695
234 411 2849
546 933 3740
966 168 5923
637 1057 2141
13 273 7288
1167 83 4796
1280 226 7900
603 395 3010
654 51 6841
503 638 6266
434 776 4030
325 71 7435
186 1182 7628
474 263 1246
1127 524 6820
1117 447 1983
440 585 7375
1111 692 4592
690 443 4340
1369 888 1589
320 336 4182
1045 1310 8224
512 172 4530
57 786 1065
625 920 4298
439 307 27
198 207 6075
364 1212 6569
1018 1363 5973
200 361 5578
1156 85 6252
759 388 6778
894 855 7429
1282 1153 2584
831 216 5354
411 27 3139
494 500 8198
1330 553 2467
1256 1065 301
1069 1396 5860
11 715 3492
418 299 3820
366 535 5319
382 1361 2494
429 52 3934
1302 707 869
129 879 7787
362 564 7615
160 800 1604
193 841 8087
126 588 2013
1149 958 2682
451 428 1229
1047 522 8400
238 1202 5136
843 668 154
633 1358 5818
66 171 5585
1122 1217 8071
489 803 2073
541 1116 1628
214 1104 6441
32 1342 4255
980 1179 1198
1222 1267 6251
631 1059 5807
1062 476 2515
476 660 455
246 848 372
553 511 5488
500 659 8319
1239 1285 4662
689 775 4511
743 111 8371
1289 293 8085
272 878 7994
221 1302 5888
344 583 4351
1362 446 4960
76 752 4169
914 117 3596
185 814 5722
900 382 995
15 952 124
435 418 5726
361 22 6371
1051 865 6548
874 519 6765
929 1173 4557
53 96 4287
1124 354 2480
1357 380 7325
1290 260 6729
742 1367 5598
955 1250 3068
120 817 1932
1084 845 831
790 807 7809
115 608 705
254 165 613
871 1391 2960
48 672 4094
505 1126 3248
970 62 8126
433 329 8219
413 912 1085
155 612 6660
765 46 7272
1322 489 7871
684 652 655
569 1004 5287
836 763 4148
386 1345 1121
87 868 6128
953 1026 4549
472 1208 3271
781 317 922
454 1293 607
873 678 8079
174 1115 4991
661 1371 6349
1074 125 2782
168 302 7342
1012 373 1563
687 1368 3772
86 440 3619
509 1158 4679
1028 98 4458
756 1174 7312
608 871 6253
43 1142 4784
1171 710 2022
77 1369 8387
806 1148 5752
1366 942 2437
1073 269 6232
1193 225 6897
81 1319 7506
463 1365 2373
96 627 7572
1071 748 74
1081 164 2068
856 291 5770
1334 120 8217
513 491 1178
189 634 6773
550 148 7290
833 5 8284
352 146 1338
36 321 4423
248 979 7788
154 938 7085
578 237 2612
1022 391 716
1295 1277 3309
412 893 2414
275 578 3193
376 383 7337
1291 1198 4826
49 827 8313
180 903 4617
215 1268 6363
1088 186 7744
587 79 1773
1087 617 7237
922 394 3425
136 10 5709
974 1154 6623
8 779 6221
473 396 354
127 904 365
243 1228 5808
1303 1079 5030
988 1299 2890
1163 730 2213
1212 951 937
1283 1090 6960
728 379 6398
750 983 3887
979 301 961
117 1359 3052
227 919 7419
318 232 5705
201 430 4325
923 890 548
663 1067 3866
287 497 4817
705 234 6370
176 1322 5415
469 510 4785
885 618 4206
50 962 2921
222 1295 5066
1096 648 6295
1190 751 2619
345 1366 4005
584 620 5646
315 598 5412
143 1392 6169
1387 1062 5643
65 397 7329
869 1255 2131
1098 1219 1166
635 1355 3527
787 998 100
1245 802 573
1159 1246 6143
27 833 4406
849 1216 461
841 967 4566
562 75 6928
698 48 1453
296 815 6619
1038 220 2003
729 972 282
184 199 2315
305 453 3927
183 835 8086
1007 466 6658
925 493 762
692 1125 8213
710 695 1417
173 1012 1549
632 60 486
1196 544 2380
876 1054 4725
994 1123 3649
699 294 2256
106 362 5764
879 1029 5886
190 924 789
540 413 2843
1306 530 1278
1307 753 192
928 1376 2984
477 721 7563
1205 745 4932
338 758 7392
442 429 7416
599 622 6877
