700
889889385 836899083 380612798
736347104 198321386 222903537
269584911 283714075 72803943
354446495 750925447 68039476
147756205 332286410 39731184
67329254 706097358 39205417
173973444 32058549 11639218
44113985 970975266 29449469
326997937 615795921 97660347
973147733 313779932 191611211
37879901 297755705 18475653
359872406 38707070 178441776
439163984 247781464 22157638
405430135 375295197 108497586
430267892 548974703 7643349
314000491 924308073 9355293
501641820 967172467 107263232
72774514 72613520 99017066
197823343 596578868 3169252
188273248 477379421 65761449
183834588 219112736 17926415
989943998 100210674 197250253
231854828 409382664 44286181
100536911 551566389 76502554
189230209 303972373 36629423
35773348 859287085 91854460
263900375 839287566 49899944
130883085 183131466 36347644
205023981 604019082 3026964
262513325 998704426 6282829
181317940 875081213 10876541
701646249 437252344 148784215
520234523 444470316 21832788
504492689 677453501 112276736
173538599 922300812 32885409
497364730 552156450 62303089
329245162 827769925 187772
218117768 625100586 13611718
448045613 840588891 20630096
320222543 985839996 39651193
392684974 957337274 37040986
367312559 225675488 2350080
65110643 643769717 35573154
90686767 394435764 59830941
335443383 509754663 93990487
218715408 768744678 17452427
89986609 198194788 25156500
199435825 361566796 3269922
23496827 546473608 67051345
342169561 896490482 26023067
146413719 795162239 38125964
180988316 696602390 24216053
381955332 840891541 49808605
110846626 955545067 26566172
97354371 987272775 13733011
11976545 353728872 50759323
158393975 250384061 12908423
142522312 264794659 11367899
214781301 726816028 24401900
176696099 254167682 12659036
26592866 676432450 16975172
248336360 914460841 28240139
140320708 738979286 3191670
134349876 924189278 28108685
185955175 549796167 36105429
262280911 743139376 20132021
214835940 966596955 26105577
16297211 736175475 144131
51448706 269829085 1236936
107163895 698843183 689613
184113877 848970407 5366358
32287409 174351199 57557854
213541156 689576734 27829754
287767054 411074851 26573247
108240615 661111520 26096723
477682610 845268901 24376353
115974103 746551751 5050630
459889512 487875300 27215317
159417775 376711593 15871806
219222023 911905379 9458902
397970312 218470315 30404462
342913344 924020127 18781237
141824028 679509243 11626299
104806107 242715614 34273752
109069875 720964131 12708444
509840639 251271069 63328046
178309160 835901504 7263932
375254437 260030208 12721516
178109598 130627060 26967634
272803187 954930170 19002259
15536046 235481348 15992857
64686961 470947993 8650683
21295946 418823069 39988803
292994447 361590794 37994952
188789421 632828617 19116445
130319689 631786732 23593002
170854382 667190426 4831366
201755064 810911687 8287035
350964220 236567481 2219106
314197043 824017201 11280202
56891657 282138683 10835197
3191881 267134717 13425222
219203491 896466412 15438011
147484817 867526392 16867276
242929833 717794477 248143
283157858 923017688 25246956
386823883 904999176 8390103
525569374 421354501 7795713
94686905 283973904 32880410
146953709 285570848 6043914
129881059 279304289 7301956
63630826 243547159 4911814
250383464 781949473 2786536
242814717 721824592 1153155
166453608 723608083 17196567
222247420 565268317 547563
89412988 332343754 37529641
164857375 981057714 2317335
49467905 755208483 10595590
122021830 750508168 4559216
309522517 897017002 16893966
120565776 689175318 678064
218917163 363829646 280477
23070868 637263255 34326715
190116445 766408395 19458205
182052741 385474841 20645884
23540068 757547551 378411
130823328 702216286 4487183
103285573 474975642 981004
434598315 801018100 1894105
30997774 261557568 12195199
320450450 866019026 21200681
172284952 183141213 13623567
481146213 814616517 16346415
3725541 473956117 26624350
160327126 967277890 2486706
265420672 784943230 382082
159325158 748593549 11224724
244808258 361260717 13612265
134925340 834742052 15453049
2852915 999416261 16063131
210259345 644635749 5048018
208486904 850421320 5320023
79281526 753421411 22703439
278792224 998636323 14153980
4065463 967650555 4282012
16634312 725020405 4729204
347688014 218337840 9683656
169267445 647267081 3468325
76531240 956998120 26985567
500934920 488290365 20730062
189540085 792076053 17751181
115323564 991701846 13916654
211472914 859522512 6576366
378221412 913899942 6009160
184657093 817127879 9046401
192235036 252827579 1967627
61916691 236509874 3264873
211258121 796748478 7123041
197194594 995859134 29116889
409956415 252857941 6072620
163250279 227302448 9922790
455905289 812100530 439242
157146810 409946327 24565021
180301425 955249374 3809984
151188604 991328869 272916
195296789 341952560 1060339
137186545 691872841 7854697
283221404 773695313 14295493
1869693 976663215 8187732
186716772 651987601 9081748
487998636 791976786 7006574
276788900 890060490 19550173
216910217 934121073 6402707
192316325 831706888 11237438
394454546 253772352 1865865
31433974 467827670 7277179
144526267 240409942 12491471
36537183 239688831 7233642
213335020 362938569 251645
223566624 545842207 630843
151680128 845688961 14775770
323395932 940387394 1894641
176147210 97072875 16782477
102027974 634631096 1204785
75820005 998864633 18650051
228562593 595894687 10363696
164639659 996238175 2531788
254506685 981160181 10612816
499763421 795521347 2009194
508642094 843544954 18360124
15411601 697138700 17040859
370885243 899318903 12599484
181362067 595487957 10115559
546935884 421889319 8880783
246357776 769144806 7888026
179687497 7929215 5618015
550183438 449645502 6125669
7272081 295954144 8739059
27032620 736304131 10412996
117619473 703649725 4408432
187991079 860969897 8695092
128479184 853539209 2298614
19294442 750673684 416421
48048676 471140637 9854891
391906937 263343854 1067948
462988651 817508840 3911858
141787679 960719854 11833057
185036791 721015800 4431676
138082630 714626105 2689825
205337992 877057178 11790956
210886602 807116083 6988268
253303360 967513516 12499308
268848898 765676108 4382135
381012231 998338174 27888387
404571277 260011637 6964707
134749863 732667960 4221058
133890831 992022121 7189654
177058260 76529955 5442034
182574081 239848275 11213418
3016530 741831622 996421
353565664 257801936 4811809
264894682 718619487 4365978
167056382 837446869 10110191
11359806 762676354 4622964
441400685 808496751 5218059
508492002 824495037 14910832
190025627 611535882 11126042
27949832 275351256 4892202
130244994 754685597 7381208
467097655 797237797 11317604
131306184 719839092 1199329
210268533 829938613 10597892
141726768 221303265 4687969
315433699 940538415 5815275
390669480 920238962 11186108
444016660 219201739 17158065
33812927 753317825 152469
1988254 766052697 2724940
279645437 974308563 9657964
130017563 866127119 8033679
208427966 939713678 2999411
442024266 792889844 1962601
11505485 753769406 569382
109728597 701551191 1612605
214616828 653400606 5946157
178092829 45482499 9700816
35320354 758325820 2020004
141429757 227286682 5564678
179472779 965305385 4406810
186789472 735235050 9274174
166330583 883562269 8939000
11515727 958671458 6724933
357411272 238759182 2121249
232867929 786376889 1319246
16387199 293054402 2357835
118844046 454287819 7213649
166874519 857351525 8770906
161305420 975036103 3629645
146586709 661126196 13424847
5194361 733284997 5524148
236199593 762420793 8122971
173866871 56370949 7089173
181278607 70501229 2623415
237474285 779213012 5253697
141735027 730610440 5949126
336867662 945642224 9753791
244564271 942994292 10335398
160839628 994276100 2637122
197138160 819654139 1961336
25847449 751825198 1179206
92936115 464539944 6589777
178642405 167141332 579879
12306871 968283088 6538634
166394823 964244147 5845653
495989443 795086921 1967718
275168119 720289908 3056590
166885004 873526849 624105
42811649 277395838 1324010
123422283 687279787 2254729
326774024 945397068 3834335
38166860 767359287 3689332
253398710 953518128 2072488
129093497 891714767 7604839
47132444 244818195 5535001
343618321 228141766 167694
33865806 277659218 1992126
498793362 805207741 5339654
8114200 282747727 4345292
177749527 16150713 2130028
123525237 734158817 923835
19324778 293641563 1252455
153597197 704024646 7233714
354439833 944099487 4585383
52969246 243025944 1219215
139225997 884433410 4175073
129183418 739268283 5556124
220640686 651479110 3725859
173124764 14644179 3789956
116950938 754698958 1305715
210084600 814876515 4621303
315156433 843076675 4715206
225417291 648459214 219111
220484379 788470861 3735723
38260413 751777827 2880023
159828703 267264663 5293128
164783053 957500807 1783484
140287434 719896519 3839916
238973999 995811317 284804
240153754 751962556 7269676
5296920 748256995 5804276
326657 951279524 9741898
102301897 469973095 4602910
894124 716651745 13533663
109320180 472292200 165489
164831778 874421597 183095
171629848 655957171 3125699
160574508 629619013 9103718
62084406 462118754 3226131
5119011 679112829 5343180
209037713 911934556 1293736
56368907 260124842 1677709
18038027 268340449 2150648
17911069 258760585 8929043
190573904 344681874 3235171
73946175 461760901 5882258
358806848 258834788 4285768
45760121 256585021 6193466
368348289 918265352 6554130
154624758 675315120 3160754
346201219 229004534 1099828
185085130 662918333 1163978
103076199 751043698 1090768
431983699 502415590 16205373
55261984 237244819 3627345
201659470 358035870 2040711
21558130 273780679 1895045
136592465 701883303 1176840
545409822 438378710 3257178
202032093 659271287 2990021
201758618 613499923 5870174
208753959 788235792 6188397
447557036 803141596 1829057
205636817 597367537 5138106
148382121 695322624 1513022
177418092 745807678 5760369
506126349 797806089 5723259
229233404 607711522 7839950
100987120 460425020 1804291
367223332 246702008 5082089
102797675 765424784 564693
106899819 464404936 2736847
227121273 564888314 1599756
145258279 746039385 822071
208334064 604226815 324791
125634790 704436333 3176804
131734962 721954355 2090725
192205073 878737001 7288286
211504483 610818660 1320732
437914025 815322066 912644
33665308 458996079 8342045
58309504 252696953 677522
109228248 744427894 3061337
7811989 739623529 4589475
27992482 765151516 2131928
348035699 232165953 1264901
228127388 998047113 7990188
157407635 982655366 6005383
225552547 661428902 8307434
139400408 973645672 11908550
117732715 473481118 1761696
54861433 265378703 2754385
197680487 847140327 3173198
360044373 225752751 1035150
169550350 200331927 6148419
103080002 763054525 453441
50243507 766428363 160246
343855688 240989763 792717
329635894 825048725 2072078
59003047 264954562 1533609
200374307 861832430 299309
248749588 998569198 1722814
109521808 734108834 2967357
257184634 722549216 2778615
436358783 795823815 4602758
28331443 759604051 3302789
215742304 588207918 5685092
32829221 249177173 3584908
152415595 995344486 3356499
159644232 646708597 9067358
69511802 235907858 2707494
48997537 460964367 9068783
205250776 843007343 1378527
416398510 265866266 3226742
434060850 560267715 5494636
18981090 759525158 1025637
58110612 293780788 2662231
364355587 241564447 3583619
188017087 965588696 2759375
3777347 673562759 1340469
269582718 718630129 639907
227459906 571264644 1352949
144620949 740004669 3153934
143694393 709710126 2685964
222435370 642028253 4872130
14623365 731649469 3479970
108595791 456879074 3627600
80396483 474613889 924376
129323780 287877949 4488561
192751171 362347300 2067534
352259318 266771691 7309402
16624945 285787445 5536584
114574858 739376722 3298759
46153028 766813312 266167
147214195 986070497 1286052
16661142 719103729 3095745
139224078 704423260 1397837
157205821 973030605 3564554
186450858 410878816 10784653
222698035 559798684 4949053
171549945 848436077 6943970
118116811 738558529 2263440
147054865 997765397 678769
433781824 518804899 1092585
241416217 988043486 6896270
433729295 540810836 4032101
108143282 762194395 666167
199962061 654413321 1939580
283346896 730822002 7135689
143013196 714548018 2050217
213502771 842473737 3327770
21561454 766327264 823975
327206068 843675192 1693336
193298402 588336619 233338
150306128 223799582 2286797
344765964 254800024 3484
212545271 638980566 3289349
117011877 462267997 7337708
145787352 886574431 2041266
246088231 721859448 1729251
192697263 595193966 3915173
27488849 725845790 1289818
11689988 951924049 6404766
283460381 747281425 8288399
175993663 668979468 2364795
91152020 471140287 3017584
359457053 223961105 718763
155436146 960807351 2589451
181139630 15530509 617772
25555429 717638142 2685250
223544797 582128451 5607823
189057039 886955937 7469100
433143229 814747335 2623705
363868903 230704684 617010
543086634 431189607 4092144
252785069 994865853 1988174
190456147 257312742 2947770
376774390 919996561 2044408
267815478 975993509 10589982
109251566 688789700 589689
178611767 960198949 581554
284336894 756470908 3830737
130015947 718699038 918275
18505073 755063426 4379161
388624228 895632134 2631203
968501 282118207 5210427
431138014 790389939 3472317
7783296 756232123 2882328
285478994 716402690 4540534
21529129 719793547 979106
402585647 250517215 3956228
204761850 654562082 4415604
197048516 657443904 2849997
32421494 232383245 6847851
343793131 238161737 1459838
126426768 696293257 4141746
161882048 663696384 1256563
145680058 990759275 2883487
55230611 257016930 2027488
174474370 660364602 4331640
343547554 233249891 2290531
256520128 714376475 5380523
182350134 670655848 1883390
210453190 931640288 1766019
256698312 778090359 3754600
446789726 814623396 4552043
178539862 863096439 4824442
315385336 933875144 2022285
158749689 961234607 962192
222806602 361099051 1120886
239883247 788630195 2662073
148414744 885505782 1682121
433452052 526648712 7441549
361583664 265124646 2999361
202706533 588756186 7175194
227909126 643168758 1772616
119288289 708248560 875400
108240061 698380805 601617
349227340 244971384 1353768
147920409 713732629 1590309
140824914 754590378 6160125
250408657 787361845 5264321
1046661 963293220 442855
111978634 693988544 52453
126833421 727069152 3232232
197130317 856451460 199829
223471029 566876214 33148
129854347 711102404 2190430
173117533 267591 4004887
432170580 811928921 1947104
194572073 350079853 2513281
264375536 786950636 353874
354052691 240677465 2230138
548975137 437575609 1974788
151356496 888707414 876085
508550470 807737198 4678031
343768763 252313506 1585028
246497326 717131210 3092741
208707748 924043173 6219644
195911382 264984838 6577920
215054652 599141332 3775150
33550513 748832102 283874
226980627 550699740 81939
346628006 945875152 1538938
23471459 747834655 2728790
195294260 357731698 805034
321315637 944093496 2024853
167975756 955916499 2729291
196853463 852340177 82397
274780899 788509304 3243200
165284044 985290536 357702
240457118 728820974 5134997
323153509 839452963 1988468
1349749 251533123 9278783
445434499 797148444 672343
192715774 851413908 3167779
139153895 291603709 6408103
412274048 263057587 1282786
83857726 464311039 3685386
416972515 251925315 4948399
180235777 887632516 6345082
166285873 971493261 2103770
423809026 790144315 2570588
230984236 359123640 5478290
52803235 251848634 3460072
437830914 801317819 1805759
283475909 738790705 2496812
325933273 834464459 2837069
257185620 768291979 8563116
128102760 687733042 1001075
452082336 796413933 5745669
241697445 714323291 1102060
215860946 924548506 4756258
326957674 827642087 405539
175919630 855967653 5350838
331132421 837228349 1983477
156478652 691606481 6118562
245038882 780984861 2380742
177100519 158044651 5666027
191142373 844270487 1656052
202094281 848995167 508613
192317110 354693652 2628299
142120740 987675883 1467286
391605318 895886078 870638
457162913 816145212 237703
47325972 233264878 6712925
222377360 550063051 3259523
187192203 957394525 95045
13266483 745611899 693836
57218265 247339305 1819536
455093042 810924833 266836
94826352 457542196 93536
389332444 252957379 3213383
397290818 262387174 5357509
83970883 458357852 4553975
220829090 609535595 1703132
452717685 804458805 224529
135847661 705149418 1617627
308828795 942250087 3495307
217123211 661253399 811810
236637990 770774146 296479
84080404 471830719 890820
255787095 993574717 849540
180668814 664052366 4396122
68639021 241947925 1627638
30131500 765308754 1482534
177720910 610199594 2739372
348409610 234502610 774850
358535864 222832086 607918
65678852 250442503 1705516
214585917 660542341 72061
174914392 655500412 1166973
106486714 634695913 1719960
94144362 172772894 23084760
205393000 357428926 1443898
148128769 277564778 4005051
110401958 755233429 3230489
355245876 229570003 3587853
34451220 746750828 1226626
216337835 362602476 2361629
56456786 254962987 707339
242248117 980256009 6668024
426651197 790182216 1117011
117008636 697918748 3421475
34678707 750731668 176898
24953474 722243470 995888
285712285 789216497 1449050
162042752 672197329 2964945
155910023 885489779 4425242
123394352 700850385 804790
196143324 243252935 1440432
95099989 474311484 229533
168064955 869532482 2348878
250473464 953365105 1889996
344367121 265850793 4554701
18399575 764707713 1666884
331321116 821375208 1504606
147773467 751236640 709369
58306750 250046017 716133
106262171 751754955 146237
47841962 767346341 852128
259373726 786829128 2361632
69325549 247674484 427440
202267867 855466446 1208286
146956278 888801904 699934
450388686 807509801 1996259
260829191 777783825 247773
209626337 357028730 3063756
148520133 726316637 1412482
83880447 468228767 1090245
423319826 744613006 328213256
951399410 977540450 977579505
434635915 138172496 312767010
69466446 544771559 360571122
599570899 895672105 193181735
499047023 414421470 484547391
980326562 697783087 330475676
98026916 931700669 295482640
582756087 284591112 27701588
884874318 428920750 768467566
1052279 808850030 326281354
907737720 517292479 57748769
565808677 835724195 206750904
829561841 118875570 489496857
889144538 655553564 911339711
59068955 217763005 966670858
411983401 281021207 29800270
34514023 118808632 400855366
286776108 465083617 942090702
354952946 70721 779972736
484451499 423554166 747899805
492741366 610741166 423296934
178811776 387082172 925752372
74262326 453943193 662809773
977834522 702496869 227453532
563198179 825695590 566849970
428069389 421896883 379845919
759638959 426880676 967173384
325264756 180141785 254014891
86380610 918689329 882302972
396024687 343810674 173244699
991176351 317424262 523703190
518060597 754813806 537913589
645994861 427915259 542164836
220015350 453448228 564053141
937167785 258280386 611812983
955531082 100908245 283581070
133481482 679708191 662552288
242613665 884603836 952201721
691994785 235175947 150793951
456468675 806033465 42783039
942243656 762373747 609266455
919836299 883848977 898560964
388194152 156861798 969661937
932670220 241408202 381042533
883086535 790290681 267112775
675893489 446652320 874003598
955296307 753179727 582513425
679147623 687846819 233520383
257794792 375572579 573334937
106203006 641226960 256209714
647464418 307801788 521152182
798684396 997805750 720075930
922399928 394305193 839683301
138852940 918522450 529896417
218602192 960857970 432137106
977178516 583497864 535101370
549842560 990723334 754357995
891712292 571372195 600307733
852337155 510085883 561954980
635339560 228046457 14290260
571102719 558824670 75240481
928119093 783427841 655372608
104124328 853307757 243516083
775004298 19191156 245358851
762762181 150757261 202025455
783509699 865497262 874071146
256642925 140559853 919374969
909514134 128486619 911251858
304547014 324498617 371083443
