700
295541205 299341555 37523337
785873806 140578360 73933750
855433081 885412320 56310669
505339726 593688306 190837826
80102152 744246632 166730702
283053949 953998882 59851252
532608295 860557115 103028405
882023024 326425322 102164833
191984455 322584809 57766432
253414587 29564472 68747259
731909122 59330498 17928046
46466388 101103093 66151684
970321437 795841177 99962081
945718620 463923313 64437199
399792728 393880752 61162262
158979281 169801142 75614023
975976421 605607606 75213978
748254348 849632176 105394375
84507150 390014122 19641848
190621444 542585115 107351239
1390426 204205437 95188613
142056478 19878935 70887119
514585957 234504122 19934688
424080228 932892138 34134525
861225137 439340876 61421088
699043065 397018394 18655971
988224810 179438407 38476849
561085329 3320408 29639226
439648990 83813598 35618687
426668357 262872340 50516365
395966269 191210510 26964331
251555440 740844282 63445365
758272020 540979027 32690322
639069065 883473950 27737167
822014377 42111816 48660023
914905715 117629531 42043839
545454448 118038441 94867365
121418977 951793580 103102467
370896074 940942966 17639389
634804187 300752410 80493172
282337897 214670781 64093692
868859111 553195405 83568911
304997580 652637506 35457382
851814798 970167428 426342
391890067 884939388 23696841
857459028 770401136 97984110
947387118 34219562 41418194
708843586 966072420 42391883
91753260 309708217 27305185
24897555 1186277 33518618
756071486 661601298 32551569
4677273 513438359 111829576
973829808 929250818 111745722
515168669 393390527 74886090
930399183 199138560 3367648
547171868 225524640 20890845
723359163 5472976 42973763
748083491 471046202 20478952
131635968 410419073 44013901
734700703 291169716 39408815
515918655 977342683 32799153
644130776 175086874 51435019
654954183 104962926 61030058
623802844 997993146 66282260
776998198 581705698 8335026
11567757 991389104 78804532
769831597 418061875 37843312
322617004 857270574 6173357
420131886 813598771 59207313
746223102 361085168 10362523
703184763 593310178 51783676
710594750 533185580 5175074
330622691 790119211 20242839
283873464 827005398 26266637
471930818 20265133 2227771
333373449 391327027 1403662
618447976 5162561 52779398
269739069 148110156 34658621
269016878 863442234 11385054
860097786 220896125 61919525
761614340 995450116 23944967
730151181 436248138 13310984
365687836 10132596 59973174
359350579 119077505 70093256
960164364 130590641 4931368
665511511 388376391 11625072
313318824 423903903 316102
298775559 351326494 6348543
531032787 315338359 26919610
186850696 394136966 16792438
198908027 258771767 6446151
439261448 130512672 22613745
481401519 318337719 39743509
989105859 367671910 88589585
28866348 347415959 9276814
873519986 670776394 72947013
300714915 564752472 20887347
357070147 905230371 2255851
739008863 698178623 13283883
719967106 710403438 5784495
753265644 229994839 19195968
454230419 996821917 16905970
220447085 424009606 20111588
706927581 689788561 4556466
537947925 264207480 26475190
792446217 965562113 22538811
17790929 359185699 5590756
266135971 392258912 22902426
719585161 472640832 13235800
324749897 888881784 20355820
699657421 698571019 6737773
775616543 319806238 32218152
323110982 352935914 15268367
701906737 178366809 43800471
370964098 287499725 34870935
754144569 501774563 17061301
280186700 885547753 13794894
285125750 859605033 11546833
449677864 15800288 21722809
51158116 364904126 12684049
308322779 512039445 12841236
965163125 687909233 52486446
253318098 292652602 40798539
472370567 964804670 11522166
991835648 123057649 7169557
973817673 528653193 8641527
750776124 64972202 2024263
353548033 857429583 17888070
985381421 109037332 7171640
696503894 536392561 7820738
59593470 347834785 6748212
215294780 396292195 25422659
675667542 40610921 33982655
183647942 423179157 11295216
394516838 981022282 32215451
994860340 41866207 46221386
109669855 254827504 28541937
882871201 67057097 50397427
276145048 349984272 6904125
744876644 717005077 7003825
310411043 463893022 6346121
374556375 219299559 7350721
438191813 316480637 15953775
437261705 187207575 7513791
706297087 669210654 13617576
370610373 330670434 26866036
599463987 384817824 34869474
943296796 165948315 16992381
732676210 721923602 1960108
507473407 269459319 23635635
21642262 396457175 4113056
301097365 379334818 18756868
997662113 265025393 8023969
251854804 836592456 17452986
638962487 814560420 68538288
4754049 313103563 6531969
162673963 92869711 25696792
254974838 417927191 17397607
68454078 359048215 1229116
725552396 413676288 16008292
999270573 99318599 302342
320460762 837998779 4999863
357054831 977594190 10389930
65697923 12345985 36003366
288300800 425714444 19899673
726521723 370939862 12873777
1244382 377490245 2472186
578829133 214322658 30308415
363459390 249457764 10958393
125972275 312116748 26080975
90796153 356734802 4088683
754383547 50892665 3119438
959672818 219267631 22674415
354976645 884811983 17422367
453526653 979476227 2302003
721660043 498414164 16873996
793911822 456095649 355572
133203875 341462473 7745481
867541397 137226888 7648270
375557510 232571623 9569556
779043186 282992115 33863309
795965541 647093459 12821865
856211680 959765154 37776
300375375 590892517 14454593
271735478 105712483 23406363
443273418 157172727 21952363
740428592 739059283 14007919
999736174 274323977 1198033
720015215 648235852 2925477
258595196 676002422 4020376
320906916 844006385 907258
34112159 316792359 2439553
138695086 253811146 22456113
767236187 5313550 15314118
526299596 6207942 6774492
905086247 778207 36643250
481360072 13215938 803160
427473466 995285929 6900143
794840654 667685676 19257711
716185994 332330922 15327204
36608405 332753857 2586912
483997228 223557157 10494142
347105151 909197512 2211174
992112633 223010529 16443437
423486931 887838164 21446014
440897673 972552061 6650420
939131475 186793175 9864642
496525967 6744583 6377541
124094457 356633843 1233708
810004763 995478316 11280915
250618480 857091625 12630463
333439645 299913843 6486213
719666746 686300029 8833390
700704348 466674812 2009324
353756067 823111450 22159256
757432314 586196732 5872914
162800523 261768065 2084094
763121857 611650247 7512849
22873537 314642061 3311803
483662495 237764885 2902350
935799025 202399546 2905957
29372125 392403533 4706946
34225456 300714114 1740379
958807709 89284676 23358496
335251480 374381391 1787235
645768728 390629416 8750540
702729650 450895762 7592179
313470431 822967004 9781976
9269331 384027036 362794
248433406 662856624 2257026
307784901 472154453 4659206
849337801 993606696 12110289
74072771 346732741 1993837
482284065 461668 1355377
16039396 329362226 10277694
352321198 206976139 18702448
250902027 369240880 15470302
763934970 961669157 21125857
341417698 323827393 11278759
105882899 344698045 646279
14822723 349971140 6934636
4038594 354245113 10439446
55087513 398961074 103056
251722018 813572927 5520202
860578400 978060551 7791786
301082554 492977361 6858744
407947537 315485050 20978965
15970784 307294737 1344973
548948134 996399825 9278230
924161071 181271875 5985450
773700892 371891493 4361678
355641084 797082811 5888165
248212333 893606292 14315601
387966791 914752816 17015248
698913693 723145266 4034204
640463461 928856179 37162556
828647014 969179865 10905068
263555041 668278826 2817750
120818077 361308886 4466894
305687212 483771694 6032148
165774818 250882763 3256215
297149873 893532469 16647668
99345932 353837554 7419933
995834798 108647678 8482090
697561084 430744269 19943997
347436482 932904888 6287530
780415601 215800879 17303857
715610903 735403825 11888990
472242827 986946949 12104466
736988096 342702674 7004583
697229844 513471345 8615282
359863745 959957754 3674144
995592612 256466178 8469550
55929949 400756200 836769
300327028 447294689 862973
429108634 988238729 5912898
1347320 394172558 8552189
415623 338583617 7097551
759207314 58631562 1515
721700643 224862133 5499743
983321573 133367711 6941115
134559323 92911244 19222408
298002797 854274611 2192370
769169554 366004583 4164145
351024782 994110170 1436625
869242460 155261624 7301707
61746084 313633282 21573750
443206969 196256953 5409416
497514005 213586338 11442223
198625030 431280807 12649084
305225196 405283744 1091680
770768343 617614528 7381876
750939505 378067223 4068172
830628794 985749064 9074094
301333921 452282776 3246291
757214879 356038918 6395487
776504884 465401226 11002465
300896678 868291050 9909419
306140201 528351678 2698397
430310240 45020390 7258064
777376429 487487421 9346697
306409208 451673849 1219308
731815954 393055752 5907583
346144414 976650441 3954755
999801826 89616273 8865825
441045870 43155350 8011608
286080613 360317051 4204323
766777296 353930879 1458487
92845976 337036745 4472164
348019836 919127032 622295
483115828 276869394 16170365
327372166 375804156 6861489
860268897 945581466 5092974
725251764 246608617 20981236
216856657 250854431 10875916
700277714 731584328 92234
6692512 368975259 4393104
986153024 265853726 3722214
722661399 515869529 13456228
554982557 971435308 11758166
995806954 529777020 8077493
697446612 710927499 11437889
785599453 989417856 3500376
845809471 960761229 2842225
134210889 351950900 6445637
90238017 349287892 5156532
272606516 365694540 12768545
862483973 147346939 2424087
434753864 209067483 302227
67351039 360980042 802588
243738837 103658639 26508367
475812241 823470 6261292
435569304 201432553 59184
181027380 262701303 14728900
719293868 387116514 2074292
634499497 395606552 5488610
839584434 975533661 3988077
987862565 278443002 3342601
696903362 525929151 2596817
758351418 700675436 13901290
870015300 119399148 13389756
251290016 660119598 477464
19943664 310752056 2590245
310770431 415717702 3154412
722356473 535676934 3883560
306907142 403854224 41295
718358190 350889817 8980803
925709286 191098477 3521274
998668625 137969879 12355294
774962795 503547050 10381805
860478915 966056929 1962318
134079391 358590905 5497849
936186896 220508123 969259
242940526 392179399 21190310
976874213 123216926 8311838
10322932 342773360 5514636
309702065 856871749 2944154
961196108 529639118 8964163
310917049 494239578 7364481
973173453 136578376 5351824
794893649 995539432 8631447
267069047 650244741 1213996
61122460 392783934 623924
79729448 341826164 2011822
42496436 343492697 3808130
41222615 388503385 5510495
848601696 977235349 1275428
702239772 479838974 1394955
183904056 245928512 8118643
969296291 113905122 5690585
255934041 879076598 11986165
768830201 594114717 4692513
784664086 609566741 2304329
325778060 390032857 4583697
264259837 345874082 7500148
329402560 817344931 2819115
338531478 364481807 8634601
718041486 453275240 6901171
30289305 360214492 12467126
425913455 20092013 18592750
349390131 247817522 839651
348362886 949216844 8296829
64474709 372343128 9699305
523204664 13531526 1901220
513808154 14972857 7946235
816078877 961695697 2068735
731375749 352856776 6449362
54525470 381990699 7913491
674425254 127856 21928019
698926605 501126181 7031465
431001950 974149493 5639463
355440673 988670243 1380712
323132806 383606985 3780036
721933865 529705358 3088500
14002622 373642201 4464297
658003608 401237201 6239938
363431229 914733572 2693091
201354334 250278430 5817517
729125801 224471389 1854301
298585076 607041410 8291213
61901801 337209918 2277642
302129180 337656307 11911940
32255033 307471285 3790374
452714982 969255944 9931618
352027845 233909305 6694143
19483320 377423891 1713279
425387349 193618974 7725349
287198371 337641001 11203715
759156192 723588956 1449821
388921273 945269918 16206596
740939258 380213122 9245059
119709784 283703310 6679075
314430906 606316479 5607760
497620411 16659555 5723503
985762471 528640784 70909
724569385 716667406 1866856
112820783 359536671 304292
334771674 851032871 3873321
361114857 919920610 4510345
477892122 999351329 999552
774520775 628919231 2098444
51456920 339704309 4983683
315723229 858683947 1625697
824570672 996558651 3113015
78827251 349947020 235256
16087550 394187393 3712879
677690684 390924441 4628412
758543583 742968065 17617722
994135204 241889919 13338585
431735592 981644345 3300383
53083727 394109237 1817159
311784939 536809136 1783217
326352545 824804950 6775564
730986926 449853685 4775748
298896436 464814987 2157270
6858463 378182095 1715973
32327479 320343616 504149
448089483 181746415 10604181
762541582 577151096 3259836
131972700 365436003 189053
480395367 251298792 12655199
767791810 30818824 4318651
326011192 840231329 4422760
11520684 379821821 3507236
836462719 999993728 7506690
353889879 966110265 436683
312845764 480561809 2302539
37945113 374580293 11207953
701843539 649974494 10920674
518291837 213861006 13720730
713572044 720298971 2319692
338302645 392035382 396416
751780874 57796123 239241
849807106 967491118 1921299
291686793 404367962 6307899
287511459 352282639 6893344
45727088 400113269 1307416
723787148 386248870 1318889
69138163 353443450 5398230
701794322 475210284 3998733
64209422 339494985 2109701
771584892 359306401 5025019
758068729 51576193 2373511
12829029 912229845 52979145
309406964 442858676 5509755
316559128 865010252 5029246
511983027 2519032 9873194
263121629 337177452 3421507
345400870 914953509 3190035
113771567 340121709 2702155
50764905 350676636 6423921
441576388 207233210 2503129
485816073 5443040 1779564
473133988 15557411 3431185
314662041 398195979 4279928
320308833 812160156 1607371
327717152 383983718 3530243
964384325 122361627 5411505
366229241 920402888 4808485
254124325 351446476 6431119
306061156 537373870 4975799
779570906 612647105 662388
798235516 464692784 6153804
335389298 285008717 272
99147864 362903876 7373135
359132464 229401981 6054656
760147707 377326597 6127513
27792600 334276941 4483698
723444156 695528386 4510790
329355755 847220851 1238694
736793666 723159031 2041809
488122622 4451883 298096
775025847 245126287 4495579
959934931 113827943 330074
348180478 963853318 765795
62942869 388753383 3597875
83881154 369480575 10560286
959992295 137501248 1875016
730114432 712211886 4232892
310204991 837295772 680769
426106875 252634 4036135
771223825 49724687 9575941
721314814 668759095 4548570
859372761 960780883 381471
275299197 337981925 10007974
709590247 538557566 2553988
817432352 982652374 7042858
311403593 531819442 4504360
923011411 171260110 9162135
760198491 369729063 4555976
922788277 220397179 426330
933468280 220470884 1473348
349425856 939335935 3083882
782669202 590998544 5220521
349679430 958977535 1656257
840147973 981196548 5283499
860127282 152040745 2003905
670099469 402419917 10687967
37680849 401500876 6176676
988475195 96347017 3982612
433781754 211405199 2021285
300060791 532208861 3662468
60550619 401239912 2853690
247505654 674215447 2807809
736700130 716755085 5023926
772922596 66017882 13361660
313946940 402707517 1073659
856699719 965382326 2167574
256951567 653599574 5514281
715664151 702409299 3176035
775427350 376802365 365040
988132795 270827076 1386930
322071606 396609966 4137091
332733923 861388776 3385521
305764730 398899731 96209
491817311 14193253 4206884
113548284 93999207 1662103
706248830 683080714 3741841
366049726 909844101 271737
720276440 703680261 3344710
725585254 457870700 5282301
24094649 34778997 9901637
679344443 383588661 5391930
122802216 350827860 1244177
107754666 353774703 1458367
27412122 320591377 4194948
38512921 342740177 218459
330482384 837119996 48332
349207212 903824045 4092711
71504113 337647793 6222966
3154348 299444170 3103663
23223769 301890302 6384311
247496342 657829554 3083532
107341603 339291298 4679691
365581947 907888907 309176
267901145 666216804 2642354
817264602 957403929 2995747
312712861 425993711 376471
329303744 851321111 88835
119114366 349446565 1410698
352034543 246280727 230887
719761735 396139694 4527013
374896198 250002520 2447579
436987014 995582492 5825876
767651729 627783427 3202741
705716468 524404959 3043836
778827074 378857813 2750878
709062184 526738677 2655480
334895046 335971752 10303539
423405413 203441984 9301102
716649798 531420144 2352862
297960456 359512997 7192835
988577398 275033069 710960
19085038 383446663 4688222
927257768 208639111 4447765
322439815 866284632 1453902
780527988 626760770 2243126
550110460 984312825 11932425
702818813 491719367 7744669
355675114 785589086 199167
505772643 14591027 6236709
931975649 213671445 1898355
472777782 8148716 6295760
983536168 96460581 1440518
754694837 722350411 517741
703960988 465456941 1012940
234840017 138109143 9116911
849100140 957290476 2573762
5757319 324192107 1916065
25744588 384068893 3330242
738403940 334224817 1333254
710047092 712863057 2757306
115806352 353183039 3332511
63411053 397304279 289567
754377035 64280504 851621
35053149 337313504 3898108
352069394 988607137 321420
489474825 236751744 5338530
345716948 984086781 2253362
33009072 319931976 98791
526747138 14434260 1215491
354151091 786658674 609422
479190234 236585310 1329555
47262731 394277949 2937302
780686719 602887288 1603583
791401822 464366456 2071704
761237581 592978565 1843121
700465758 460869274 3046948
253863046 339024990 8288477
698506782 470493256 3367739
33159862 332780381 1276209
56041787 393912458 1316177
257185354 665276529 3753723
301870753 855901694 1348294
757959324 715994364 2660200
312306337 836622105 1436606
531087609 18261230 4116749
757604149 578435334 4918961
773927291 591177075 4409125
207734525 263045314 2656707
756494647 602460618 3392201
782975414 616659739 3854108
337421551 383559761 7381215
931898262 220493735 1563269
357095684 909271766 338006
257305743 814736161 3361221
124507618 353040634 126352
311147504 450029507 50827
759418144 626746422 4134909
773941592 600024146 2238325
135745468 649239987 169911798
58275521 746115219 53572121
108506155 339335051 742592925
588833670 672875853 847506620
923383360 267813769 676657965
806169501 403309073 616324771
391209170 600288762 18047582
929116226 302605819 306899942
542344470 838604383 61230764
31176426 896377208 924131886
894059556 538518004 878962604
543115997 764571784 470938937
457613360 316957845 59401699
474718838 745793854 125523086
619470107 257908025 554632100
198112241 956493964 510992903
911905497 872856969 376725191
685710148 51968068 101158057
94984510 386847639 682973520
874077011 526142824 861918509
150581622 947919925 81248146
59709823 166196592 229245979
464562013 60848074 153085978
397055261 338435562 712220521
454672530 256125901 671063732
179661287 762169598 656789392
102678921 787071053 732772415
933441341 307017505 578824993
736289186 782102676 987479001
816351136 612662073 416897446
423188473 218675735 931793072
544398465 199090637 800813899
644504797 659330814 390774536
545110004 663374990 288956568
579933151 563624518 715325516
430146147 967914999 613556655
141215454 287810287 190588318
472419477 586830786 848356292
516869123 958335829 214573885
208147696 723710100 356870402
582515199 484377445 110741717
189082988 458871848 456528457
911060910 134485603 644921094
572853144 170179513 40019624
360183317 582158404 652942883
90164787 226844588 744048050
358257623 520117962 558807728
928422608 675870671 98891082
549383278 881314586 411226773
714990756 648184304 511836335
190772128 277582689 530325778
913200763 739228636 248681288
876182683 28058531 650218306
269751989 634817066 857699475
654731758 960689774 465168022
343186581 459682009 915341284
230327334 958547333 339609875
651148106 992282218 517714715
591783418 683091469 492834607
640088570 29741870 742461523
417770037 440414654 567052538
271880018 441626575 406143890
907592165 483079321 268846919
389627171 146726131 265600225
557902900 70917087 673941164
510530226 641145794 419116844
242333828 452515307 98526543
703353596 816017935 928269971
361730387 242164744 100072490
783298896 37841556 847416172
