800
7008616 5695656 43394533
2624991 6390378 23350057
8209941 8133677 23664054
8234374 8755108 44072779
143838 7998033 31133469
8000286 5687392 25427700
6909193 2393607 10098430
242082 5388353 30461818
704770 1662208 21475252
3821303 5943681 46593892
5320001 5365394 49066602
7889073 185709 26129116
1120904 9235985 34814493
2720744 2633775 11966351
9140783 4376656 16645076
9671967 6914109 19443564
8999647 3997016 32684587
7871127 1636310 28117680
2995891 5072765 35262185
7679586 3456718 35766519
1217533 9619794 35028516
1969429 9630996 45304688
2176408 2123471 22902038
7529035 7555681 49610837
4736382 7957844 17127471
5177114 1556288 43665284
1320939 2509386 12413599
4423989 9142054 31632130
1276776 4114147 44198866
3525778 2573679 48932344
429290 1287850 44783271
8821650 6926745 15189539
9846011 3165849 11959485
2462461 2681314 39964879
1750125 6112511 44417874
7991383 7310829 41216454
568311 6848877 10271011
504300 8228794 47327346
5314943 7733237 33751729
2084730 6210672 24022840
1149669 446572 43178302
6544859 6049676 43681251
6448868 4066531 25087932
5896086 813056 10728067
295369 3832873 29068608
3092770 9498146 40415486
445183 4446047 29976645
9967072 8118760 45866884
6670524 3767335 36700963
2748563 493690 18683139
18469 6416317 27742535
8343803 6497376 21374061
8688228 5579313 33648000
3320391 180937 39136522
7189592 6644439 42227040
4575716 5256198 28952361
8569248 3547745 41214447
4792757 9438589 12985512
546628 3910921 33603774
7456997 4752121 10242417
9887235 9819136 11499586
3284039 6787925 33249538
1677996 37463 36776967
530895 2428103 24141072
2160937 9445532 20213520
7506281 5991966 24306520
5303205 7785124 16259646
8101644 776713 36264980
216224 5134335 24025371
3238072 8662451 25437194
3756469 6449339 28580904
7929729 8502212 44759994
2895545 2083703 18588373
1911857 603717 19350181
6227669 7235216 13574336
6309838 8341134 19128848
3630305 7179547 37209927
4489391 6962707 12051144
9782638 2543339 36736022
8310230 5895948 10225762
2510575 4509335 32233044
7243745 5600093 48165467
863194 2749930 39833588
2828845 6563223 16886805
6991913 2369660 33038723
5777350 5296122 33228102
1546644 924883 38798353
1281347 4528502 46617254
4998250 6128187 33451810
9144396 6369851 27863807
6426000 8582518 14218204
8465663 6812105 48028730
2801832 4160650 27300288
4047064 1656385 16296261
6156589 9835467 14781038
9358416 2739009 10065420
9417203 1190297 40077445
5695372 782462 47651620
7395450 4777904 10370048
4517255 5753544 18004121
1514685 8022216 33125460
3216070 1529210 14664839
7621869 7210448 17301829
8012076 4653260 14337012
1491662 9715899 34009108
5145970 1943103 49850653
5990597 3909508 16640778
1212212 9770842 46196422
5541347 5605471 38524989
2644370 4732422 48093778
5489784 7354822 16200106
5685059 5906029 41772395
9788035 1913168 40516381
9900843 8915748 32495046
5697796 2501758 38608943
967384 8517500 38838351
7715573 3789447 12819451
9632205 6249407 14850284
2540046 654015 25259415
1106935 7624325 10086406
8473526 421626 34133335
7011730 9052230 21716586
9582466 896793 47929463
7868418 9730094 27597935
1254202 4524069 36836691
7733535 6085031 36142291
975075 619586 27764662
5694991 1638988 32983826
5189978 6637752 23708474
6725405 4543578 19693099
7205136 2033123 42844326
9415414 8413832 44006065
5072552 3260990 48029313
9415129 4051850 34848499
5090713 2065571 45369182
4316074 834357 18326601
8903479 4721132 39183280
8794895 3402857 31322120
1548214 2708361 19741462
2073202 9769351 45373601
1290811 9749385 30610236
494856 5999381 49198518
4864107 1940592 20208558
6776414 7064110 36682971
3988861 5613727 36465899
4120446 434815 21894260
4717091 4435466 28782907
4198631 7509243 42682665
6127966 733363 30038261
9389660 462265 36935073
7969140 4195311 19676901
1689325 2722514 19992476
8604800 3311763 33569234
3017422 988743 44133005
3333813 2071916 29497019
2361751 9261380 41654075
6144177 8915585 24681519
737534 6946292 31004976
29690 5080332 40771354
9702448 8857214 43177203
2751305 4861685 35998881
8107238 7524580 49357978
6884247 7079231 41091554
9528587 7488229 47316182
8043199 1970499 32249469
8846956 4379903 31340940
9337223 8648961 49392463
860764 123578 45864031
1672093 4312674 13136536
6923864 7776013 41195805
6197061 7864380 47248819
6895535 8285211 40120698
236077 8327583 32886551
3897235 9116991 33830369
9133871 2996138 40402229
626164 6310701 37235598
7654877 8667068 39832010
2540086 9721353 45665540
5733173 5460141 31720524
3000409 8366879 25535727
4375618 9056942 10298832
5443998 4249884 33508540
8185828 2758786 23776016
6690887 8650742 39338719
4055764 7078554 30555457
5848613 1238959 12613966
8542816 1544140 18131100
2968064 6844152 34067017
5227124 6964977 37226633
5797081 23473 17068049
6985723 3329179 16080834
5622797 5178488 36790427
4512163 3228738 11873694
3265960 267057 32866583
5845960 920732 13665050
7861815 387788 18643493
670548 4478989 47923489
6982066 9671346 17626125
191981 4194423 42153013
8336461 1390186 25988558
9085129 6265727 21646206
7379792 2663628 29381930
948833 1766731 45444990
6856395 8373287 36770365
9782198 4463656 13716285
6951377 6031895 15693440
4069231 4493713 47559194
5494836 1092741 40209536
1699837 9624144 31440411
6356287 3232220 42089925
1504419 7472519 25004840
9469519 7404308 49491355
11478 6399383 34053331
8163979 5884437 33896176
5045647 6242037 39782848
1014819 3130977 44355526
2218904 765612 21665180
6315956 3304519 13308192
6131667 8784920 35678821
4176802 1611987 30093973
5250583 181285 22895051
9635352 940488 10560319
1671773 2214712 48724261
9761979 1540734 18104142
3316071 5654556 23365897
2154000 5201422 24824222
1209934 6203878 47993738
2310917 6436390 19240045
3399226 3780849 35626655
2836506 728781 19320838
8000187 2254386 14348943
9433410 9998825 44197337
9527561 3351139 11011785
5766326 3791048 17707821
3115001 6370987 39427639
3626587 4382183 31818926
9887210 4692721 33683993
6863983 2623015 30840430
5827954 4113049 20311129
203840 7543694 44852567
4004915 5879825 43691594
5329483 1793723 21961341
9091390 8717223 47104962
6093006 4721084 13763630
1187162 7618385 26938677
5710491 4536625 37633783
8199404 39797 49550467
3574608 6737992 41301979
2044108 4286567 44711267
4759710 8739460 19340614
3627429 4177017 39908057
3537573 8600934 16674962
4034133 8216599 20963935
4497010 6839413 44500091
693718 6646632 21938692
5980978 7289088 34075682
9904538 857291 12996501
5682204 5505818 25010155
4884978 6819782 47983760
8819022 3041820 39410135
3098109 161775 14787646
3234249 166302 13472162
8943744 4975374 16047488
8947870 1583024 42086821
2327126 5705658 17220142
9443630 3375351 24385109
2718247 9090701 17859092
698716 4464755 20621946
795232 141333 30199757
3752976 7158492 13536943
6625203 2940088 32048672
987772 9139337 31883511
5401829 6101096 21343067
8209416 1763515 39686434
3658867 5720592 26484281
7567521 4637079 48893228
7897423 3043442 35590793
6584624 2499211 28769842
7470714 6328343 46877391
6969775 7596402 38738546
7349958 7652212 45153241
7216067 2229792 40892408
6896259 5363760 38839094
9270301 7892116 43909035
3074035 6980419 16258821
6045743 3706608 37324876
4800862 3536701 19167726
8476291 1691204 20364085
4330148 3067642 42294472
2603467 8449285 34448730
9758014 728360 15425451
918061 3706249 36181469
4470485 132398 22100700
7404027 2156727 28130337
3990452 684509 44436132
4003925 510860 48893495
9936453 6979973 45850172
4574136 2508173 43076975
5399078 3756799 30461503
6184239 496888 22112025
6426859 3519829 27334893
6427345 3301763 25115109
7986443 7474105 49880474
7902859 9847978 19770314
4783764 9722877 40723712
3280918 4835138 33878516
1941076 8906102 37149701
6554075 5618353 37535091
7540698 5311604 16191602
9682091 8259423 34731071
9661889 667211 39369136
94294 1561668 27667655
7852972 7681130 31809248
5452492 3677129 22488895
723505 1546594 28191749
3427036 9794003 33260030
2344499 2702741 46669574
8553390 2373849 46231025
177853 3025184 14228597
6545484 507378 42781235
5122443 8946057 15627583
4471959 642554 27179344
7503363 485526 42107179
3621622 2274696 11054135
4463497 3058363 33525731
2478316 8826843 32762156
6237775 59237 44216690
6100667 8203949 33745688
2811967 1694998 37182206
7277127 1101048 27440796
6541104 6337277 41952144
7103381 1747998 16889631
7878665 4512829 22762334
8354030 4625943 12771345
776202 797850 14532816
6937135 4377216 13823675
8939401 7200955 31517691
2962980 5856443 44565371
362900 1409352 36589549
3841098 1457904 21555771
8179848 1645866 40049703
6399360 86868 22263134
5160574 8981589 26242214
831612 7652195 35076007
5315093 4659174 12438665
9658843 5432208 18746248
1610807 9047167 31167050
3653626 6933546 14669507
3168727 5879552 11492526
4214158 7227003 47288264
4531720 6964683 34408983
804504 1842549 38461949
841033 4296438 26020480
801190 4818099 13732305
6453151 2628332 48369475
5242747 3391683 34193878
9580562 3815915 10482744
256055 6863072 29484525
7219848 6908423 12771744
706838 884962 22206346
8213044 2293369 48107335
601931 6001605 33077493
4100165 3569608 32628361
4197904 5793159 13408202
6183369 8097534 32308416
5328852 7681223 33324165
8114026 5718713 41881285
7613259 4280589 46440538
1972386 6195070 32825131
7335212 2711144 41026658
7248577 1460502 41160645
7253818 7771966 31349196
70394 9825723 18990459
2480450 7164102 36815487
2724116 7382863 35174028
7885512 2022027 21912450
6266562 9250989 38141310
4504136 7122957 35285426
2218650 2415087 23601370
1362384 9364314 42296935
5263169 3399198 21550785
8642105 1788102 35449260
5060817 4816930 34618931
3455036 5318269 38600700
4140472 4214096 15530527
7352108 7073861 24698287
6267193 1990084 48118812
2195939 1604689 39093796
5577056 4449447 42685138
5178386 2570766 30870877
4832070 9686769 18589307
4129816 2695605 33273954
390202 6116691 13958826
5723361 8662083 21409194
3459943 8171996 44793988
5699368 1593051 16431715
6561173 7044715 16647960
4914686 9465558 14186812
9181507 8659599 13936930
6377828 6581618 37443468
6044913 5005974 19314549
9083328 4281983 26720597
9167543 2598602 43209764
644264 1973898 37126362
4602610 1176498 45701957
4923883 7037311 11582497
5148554 1745048 49417287
4710463 635544 30689306
9570840 4678555 39431768
8594661 5397702 24669711
3604611 8854540 24430421
9613538 4556601 18567857
3694598 2633491 15537991
211964 9704481 17792688
3958498 790212 44204898
1081366 9078818 10841236
227747 964646 37133166
7673519 3350664 39417265
7657858 836212 23893939
4379123 6863365 43446232
8726132 5611703 42574026
9261463 144706 29991073
1686769 528788 14096311
5112353 8502049 46312225
9772935 956133 26821350
4214413 8170180 23090658
5967437 9761382 24468955
3156263 6452001 25942077
7653230 1014210 40341557
4860918 6154213 30896392
3229484 3266274 38725514
2701165 989259 33397414
4350850 5545427 32332249
7086868 5063154 12594629
7950276 4363749 10185847
4587835 3331662 46974904
1781442 9944872 28035916
9215091 5751751 10596444
8807712 7300444 40566761
5980885 1691697 47385029
5790679 4262386 40524941
58257 1538120 46398522
4779505 5823693 29699150
3573847 669086 36227620
5984487 8482328 14801628
2079650 7962467 48089595
770514 1800221 21682752
2720176 2625743 20049291
8442179 4836150 25340584
2176638 4749377 29629902
349371 6674795 42555488
8289197 5368830 34351360
5778518 1916439 18285138
7042657 1843679 20546863
2649208 1688975 13513318
1558017 3694973 23717848
4617780 9594305 31458230
286458 6898925 46208713
6182293 5827051 44577901
3730922 5504686 26042914
1828961 732486 20576620
6158615 2009576 27115164
7846073 3070408 24589717
4875850 4094583 29741791
4518609 8456945 11323781
5264251 6550682 17576097
3358046 539532 40452548
8284424 3736435 13188088
9904435 1503526 21560083
4205913 3033589 12542965
6634580 4842968 10597636
7349179 2172361 17105106
8501897 3227669 30736332
2981252 7487243 46633760
6334357 3395020 18922752
3755932 4188629 47370253
8532591 9217560 20379679
6467389 8817149 44325677
586565 6456764 47996261
7546104 3190323 45585729
2866779 4953847 31648302
4211232 3643335 37429257
2713047 2312995 23501227
1740851 7911027 44204560
1636429 9420628 46864680
3952078 559468 12867550
7111873 6144123 10011029
275422 3138850 41392743
1314418 3845041 32611833
9267128 7495374 34936152
720992 6311627 24350695
8017298 1641001 22879547
9655723 1991184 47812753
7647682 9392080 33622053
7968770 6917434 43425155
7084871 7598489 29411059
699094 2451341 46281754
4105718 4047000 33933245
5136720 6793758 22021932
4773328 8264730 32838635
9995848 8896216 19816215
6750692 4835477 28277118
5471481 2155346 11393789
701677 7605951 38822506
5563193 7519069 39117113
4649373 470758 36778076
9128139 5084380 38862125
9654324 771864 15857936
4863732 2216053 29497465
6366910 9706411 14349505
3195775 5979444 47938244
2014508 3514328 18954451
5386730 8819045 48987634
1090232 1405758 46168597
6729500 2133534 27819492
2718797 5731051 38820729
31256 5159278 44141983
7597441 3294746 46708604
1185007 3059960 39943475
1437295 4975665 37857044
2647347 8553733 25918938
4151261 5737468 12865508
2953334 1714605 41574316
2513454 971703 25696392
7714843 4555839 37057115
1688856 2373279 19909140
7673466 3218852 44023776
9150537 4658066 30690524
3794333 9459977 17342750
7115840 3552815 31032041
2855630 7497334 17648249
9191717 9122994 45361926
5713603 2289301 37720451
2842098 3092061 39234652
3768940 7816903 35585393
7418709 5107300 45367427
1677130 2493501 46684057
2493996 2628390 17739853
2607067 6666037 42381490
2507913 4104825 13737354
6192976 8374270 24037521
2873591 2145430 40537838
7667627 1889083 35076443
536033 9657193 33483362
6962212 1989361 33761695
8620427 4801233 49315753
9728512 459800 48915796
3909881 8264038 48295556
8817333 9368139 34868473
839685 9488652 47174522
4908663 436666 29904286
9476139 701334 25724478
5421904 4355435 47133933
2130382 3298810 46985021
5426436 7221772 13020710
6892348 1443282 37400906
4782421 9466313 46484963
3403528 3083455 28656021
5918946 7565792 48479487
8508584 3837037 44039417
5385029 8916273 35074301
8652014 6388572 44818560
2673696 7075969 12626623
7145798 5852018 12548188
8338160 7959163 47546412
870626 4229148 43255844
1222640 427894 22943683
2920904 4266750 13697355
9414067 1561328 41449505
4492087 3990164 34072711
8324613 7880793 48049228
8963120 3275775 21365634
1926876 1413466 46689433
7713517 9659139 27517726
8555898 4062892 12130523
4860506 4589009 30699683
736389 8306972 20298512
6297312 8979697 21748203
3291691 8906725 13854764
3147844 9485218 31551725
458 5652153 10143861
5724511 6280221 44951447
7034502 604621 16420510
792905 5652103 48400334
8372760 2140708 48018543
7766084 5448859 49375362
5228288 4501995 29639153
1483316 5033128 26600055
5975568 9767342 27962321
3339097 6888669 22236289
9355709 9287530 13980801
1122208 9500121 23981707
3273489 6923626 17586693
2144624 1652896 24474925
973818 1101796 48020362
9895785 4358993 45325607
3497289 429651 11396072
384674 325826 19953738
2590736 5213117 10798625
3912198 2621650 46495999
6721303 762117 25884899
853795 6134490 17270428
775580 9640004 24585882
4339402 3185190 15159095
1916505 6285314 12344995
7588246 4824904 21244548
8724578 9698222 47429292
8020000 9536677 32809526
612798 5483970 19999947
7926151 5935565 23392690
8768204 576867 49832193
5520646 9793044 39073241
1187412 5850176 40325579
7004696 2637443 26270494
4918786 8108027 35706378
4613910 4798576 30331935
1863117 737910 38226139
7649042 7603369 34957967
1876445 7806776 35474146
1747488 5118302 17403410
3414702 933125 47884465
9562801 6945085 16987603
1483809 4564785 43367689
1994975 9709466 24496269
2541816 8044413 30171477
3820433 2889572 44909153
3649605 2002173 16687559
152286 5851619 40037592
4628637 5785450 42592536
590507 5102212 40605772
7145578 7802178 18365025
1282951 7264590 13273503
7659754 4196668 33584933
2082111 9167932 30998372
5362318 961758 28995004
3844363 7347753 23547610
8101500 4326386 31168148
7578343 363001 40212819
7474014 9234666 24501081
8988117 8840052 20288630
357257 1240752 20252659
7310185 1029332 47458374
9120560 944700 44355009
2941196 403969 30724334
914116 452393 42293027
1008023 5498193 29586993
8846371 8390807 21656276
1528747 3710041 39776244
7800233 7835799 25262189
6378432 92073 31014853
2787480 2714241 40954206
5854946 8929124 16234264
899510 9521612 33544569
3717057 9795364 46432618
5707945 4912409 41226591
8006555 5402422 23373650
7243620 9976196 33470178
7971535 3857572 38777960
3954987 4993678 44089565
3302929 9383650 49932760
3041723 5379995 42271392
381657 533222 45588908
6187703 1790813 20143614
5144293 6563178 22270251
1748170 569112 27190177
3218812 2184302 33045836
2571629 8606602 35008295
9075787 6989587 48691640
9818607 2520230 44591820
1664413 5932187 45615135
2234096 9528703 24977883
7209127 9469616 21176386
5494153 5748915 32635396
3874341 8021751 18848483
9138719 1093890 13364613
7467807 7639695 43511079
8588630 7053186 19194276
3264358 2165596 19115440
8398917 1431502 42446848
1043019 4616337 43455214
3527377 8580360 45367890
6747041 4888571 47205047
1412072 6650984 37152959
7516035 9182510 44047200
9301476 4847769 44612583
2597508 2722704 13271267
275425 7229943 29778981
5639190 8900744 21039785
2236098 1877725 48315215
94863 2618452 43073045
2923401 7441139 11885179
4037626 4646553 17151791
9580184 1433686 35004374
4238470 6673867 30025382
238011 937137 36213449
1368165 1519080 37343285
3851885 846000 18616089
5603306 6828593 49477913
7208153 4103051 43570480
7140161 9647566 22701894
6576888 5906378 21235758
7769584 3859344 15070959
8772757 7629307 16532240
7089192 4559608 41431548
5500131 8880589 49190822
9806978 5736901 37850707
3338129 3817044 15550833
5799949 7380548 29354248
2859390 8049831 46413661
4082607 9975752 24537295
4420441 5904560 39357437
8104348 9647245 38592752
9819050 109924 33306566
6758932 5806263 26671931
7254371 6268346 19146467
1749670 2061841 12716427
1580830 2222322 21560450
575981 3828999 21131018
1660527 9548590 43623354
2579009 541482 32664400
8728458 2159635 35319733
2323668 5233091 27366345
2716657 4959645 45361297
730908 5652075 28989286
8012667 4897966 25944568
3457487 3228265 13106752
8135980 4320088 44699522
2213176 12574 24326633
9947346 5047140 14679576
4070652 253559 15873443
1568613 261705 14891765
4207266 9535771 24485564
6352073 4655204 13678078
6750803 2166344 10449139
7393381 9216271 43465793
4635664 6375604 19227288
4334030 8960472 39467253
5931886 133676 37223100
1654761 3966793 19873579
8916051 223755 38487905
472939 3365209 32598395
2923621 41322 24035300
2520317 537223 14234139
5885206 9011464 31899118
1878467 577851 40931602
6157241 3644439 14811474
5689912 3547772 12839029
8765530 5085193 21073069
2363119 5626916 49145981
1630759 381218 16074791
2437181 6114512 20735425
6397938 9875103 28826810
5734941 7284142 39921969
9565924 5405982 24676120
8715860 5714685 25545507
8874437 382437 40265579
3405543 5466427 11634207
2471423 7132207 28943119
1137810 7096667 49231079
8520093 5446529 12261282
851076 6133207 38410732
1014688 814723 24262526
3551501 3554002 30111408
9910616 9807998 17366926
3873058 6009745 21634389
8532294 5445086 18724736
5491871 851972 21355451
980276 5512582 17048257
3842551 7849191 37295465
8074002 2343978 34475473
1905352 8501793 49278311
4028347 6346095 17543630
4985803 5146253 41709622
9153605 6624561 22183060
1434997 3273 13366828
2458022 5372846 11912453
8535375 4692716 10895983
1395084 7785973 21713663
2855400 8990347 10293496
5154098 96877 14121861
3093318 153797 35355251
5734902 3475585 37155565
7452002 7365188 18935649
1315605 2836852 12307201
4004964 6036582 36707149
6725167 7881963 33065149
1212357 2716279 27588714
9090846 2406703 37300320
6218435 7345708 25465341
8725577 6409 28163545
8773713 6235129 17576738
1212547 9571230 11409430
3009772 6877059 40129811
9092152 3179616 41300173
6812463 1605750 38079623
9534294 4438843 42782726
4266656 9697773 49999647
2733622 2364270 28281583
3803653 1929783 43361679
8074381 3626597 10295819
