900
54315929 7258615 321059044
802026733 198038634 560986891
934265602 349110529 607761934
517403502 452771068 220608018
149056023 92397841 54507599
941053287 119369425 688692083
40778666 916639341 845313678
172264983 509838100 864607619
340591655 536034775 215340781
635727316 711487746 617287684
6016852 804360010 519254157
822712313 286351196 408323025
194658714 59819574 461638427
787561928 325002670 48434969
958808153 245904043 869313487
257426072 733456778 840490994
853103659 331877877 183888673
58006514 5062825 509487100
457877756 214829676 487909494
457713299 493603651 276159885
264681289 89491755 660314191
165463124 508236867 509040443
546548699 13571266 288150981
437575152 691297831 483052062
757077053 184952282 772289350
220125640 239898628 125800558
690091147 815854124 27343092
526927789 885844326 503253483
234257443 232263725 515299797
376124189 843876 800506643
208917340 338379875 687655337
963127859 78674486 553314127
878056498 626495924 723770572
315933638 690237610 173607762
771012752 594937263 495114936
922656211 549774891 119184249
164370803 477780754 958728245
645300546 57563313 46274285
911836776 942020030 412094267
318480635 869675170 937428134
175827492 75917627 67426470
359638498 728250789 609581122
94299275 155359319 927803850
350074139 215190128 274408434
86796212 23632221 128629366
665754872 6235196 812660920
725244323 279685602 516511903
688208148 600952488 755632922
137300413 754692007 670963524
796840880 977096091 807151717
388902661 256482232 158449581
912061924 876885399 71986124
210132917 536253785 281467259
758964360 173924677 589063553
870812082 570390139 535552255
295110151 284834988 493303048
624423862 445810541 67156618
560277946 939679546 593285564
940147173 136868070 483444948
386137591 644150261 846846251
777831738 439059796 625273358
573498952 295380922 797368211
620505420 663675542 691540406
32594605 513203408 558359094
117116633 569774984 961310228
329256032 930200907 295071106
537985741 518363422 776508433
939932453 649896026 509963902
847986479 995732871 925176060
783585943 393194356 740198487
484523145 452173347 976466106
709001633 605467636 348245706
862849160 135994898 458934818
845878022 818205922 304466333
938927829 740383151 406312361
686822234 566443108 669931651
92745178 322170806 853977435
24659140 388936390 809599923
593476638 768783170 932741146
570062709 483881627 988088145
113170088 171373315 551552003
963884131 224884783 292136132
41921253 88105214 40720260
755514373 178044972 500187143
594601740 527647141 968629881
886477786 687056796 695733260
26642722 993061296 273855280
128120188 539484 717691545
232899240 553014900 923988253
48336774 283086409 789321549
326312827 843864737 730942739
896692520 298783288 466656648
161357989 410313155 379019817
146271197 711684744 404495763
818786225 549994959 784992209
891552201 742871887 138646732
63862280 933458295 390778164
517028210 471248653 813041908
609964139 453031116 850047967
176304161 715382979 216497767
892313496 913733888 618183292
185736940 51240005 560659778
903720474 687348326 679235210
740054298 136513087 316211297
478905137 361111010 833573718
255150730 576681180 710893483
287569956 626298370 305912741
567922250 214695145 402584857
912964013 542762414 820576567
31809436 760471379 202803283
407910830 70574812 793968267
440266864 386867230 777287468
923406265 823637957 284699984
311344611 628633251 685471499
316885283 972952906 218254772
429000935 791609012 739043256
885752773 684508311 353444990
556615484 473904499 869116377
664454730 428640370 501058138
457661169 2014700 917252565
217484719 175632737 837771290
815217819 998689044 261294802
480963282 802857203 585899042
363471315 566422316 470993281
617028891 826807316 120671041
993480978 841592930 969711694
859463081 462328373 579392433
641322874 507185652 70682834
931391670 715868595 617670333
462199536 165088439 976473985
63688358 679579923 629922686
36622743 852852756 957284438
572805742 236667609 332866473
384828498 426097646 405266278
136736575 618555568 517405703
356019358 456663431 700022590
885584080 437612993 676617981
925998271 759940248 874383247
398591787 78169670 481914671
703066023 330852991 339619184
335067498 277085363 123950465
147508960 872679171 304999550
906107926 856045950 942405999
629145902 215325654 867066706
407348725 892967155 909906144
257591280 410826072 590547673
179840247 271056058 11450449
606178359 265584346 325876804
105669846 927483512 738599751
66127971 527000434 1554008
802661744 147984267 269784259
654415006 782356222 690380080
977879997 971398101 863369760
899870456 270387425 403257636
240521360 741175140 448935921
986533268 255471771 765720032
583491178 224818520 207912260
681826898 955348791 485410793
901705931 906804996 299887248
541985841 574222446 241345653
596010131 541905749 59238037
934697582 374658232 56053484
470057743 933453504 92987592
330984084 572699324 37125387
172258690 251561691 163821479
729059711 722688456 393880841
790358322 864723617 67196105
263303091 392405356 379473616
919614861 688488077 350127889
388064953 957480036 76278092
239114178 873116330 304595462
688497960 765982044 550855885
94488216 384512117 571427510
635112994 49203274 848442916
863233403 598635843 665688573
479963331 403722991 410888413
701570550 722771382 371429581
338238079 396983776 348616114
691790971 826304937 598444186
397932803 217692124 943135190
598277339 449190668 293412367
137043733 422862932 267523340
966600953 305578386 313676920
188778912 825643152 121005957
110068917 478900475 401173971
370154397 443349094 633692835
396947803 688974313 236985281
293789791 432273046 77884225
507387212 514131572 225129089
775910717 808082502 288898360
459865470 174704035 208981340
828134855 510944083 797454170
845597302 83831776 83131352
837636870 764875470 577199992
434399388 570719066 915595538
992190665 309498992 648386408
731806966 480510016 492939186
869485144 602571494 76786817
358582702 78024164 316443768
122140031 743646644 425880405
759112334 399978266 987406639
502313006 830253699 907927725
164421280 267981636 828080173
171791424 847383914 787954115
299190632 814751689 646764074
998337030 121582211 397786461
611645859 708100854 569261210
700699283 953381214 108284191
218188783 504302996 580420118
712519703 13024836 823788890
727755016 622448650 998095098
750192707 484839469 772212834
621354580 812743756 593773207
204174598 382555605 377256001
397492810 186268046 516450194
439881719 299616841 672291629
621563898 71520753 362481948
197380052 258931372 480944157
212842267 690817496 395483866
447758191 506301492 710176039
148383715 733304118 188123629
357980986 933369192 823682842
650297853 874598840 746146060
214390649 119371067 355078737
790895373 646894233 48078009
554223013 635528650 161891697
990566359 217100934 939683764
611908029 683668888 526880246
98859060 332042951 985689275
58091125 735883515 738542801
918928048 78924431 348196292
891497662 377801329 380698367
803803768 226431262 442554759
230755127 62113304 748321578
65349804 64585870 648973697
302090441 125756190 793824822
738650008 957099599 939384323
369671984 48175513 876400436
979997950 788027905 314658578
827178191 687009215 124383341
969415516 525819257 582741321
356944291 121501280 96741275
73031207 998723984 60048336
256663560 412920943 622215442
277652172 887996033 442172372
893174924 382190243 244149304
985744493 735541410 124304198
747081276 24556061 977759902
230036280 937925446 391149941
175959469 149988133 125249731
906062036 607129109 444237169
435146112 63762574 638065887
770616642 914077215 324929145
944035426 820624488 183800662
791040078 173153916 216702694
283804679 62744272 103202828
578114458 357708720 82231416
355285206 816020190 906408825
63206499 567820377 624427642
640007060 187057869 315165691
134269169 147105955 138762101
438699251 539226585 631184842
527926437 224046052 124515217
826957632 43248493 239490236
761354967 685965188 651305353
92040752 777271732 868270239
946496367 285642832 248580762
82318052 480121243 704536677
510579431 172540631 308899043
172888232 481992755 512798157
106294284 520766296 497091179
523107804 743603997 280571027
385840018 409633103 982027066
746406765 970322361 638076077
115293323 679653130 848204220
147018830 647893018 266835299
970884257 578220663 273824485
196263758 31794345 873692568
3074772 74020874 693708056
75227299 242594521 369596520
391596968 771123957 298003310
376667084 742604466 828454593
424636856 835078894 985151852
780788655 674882900 445016341
818094781 905547866 316769871
69305099 813391253 626554698
385212360 871469714 955117761
955567272 790797215 501303165
551898540 560622633 476992115
729949283 218111732 212470459
38146016 962625909 975327492
441034977 792788066 960739037
912881965 961846214 474399025
638499279 306246507 484767180
201383680 182096197 374792624
547328225 121637258 398029246
26763642 804903807 528847987
612306519 80868194 485652733
579500001 358723220 739050394
52995216 574316149 627257494
532305270 43033618 328744087
973816538 936917346 71086655
411313714 430877154 239507560
595858522 99102658 95641156
201098689 434630785 778362444
156482561 996509193 85607158
225874211 81101206 992604234
92566532 868843731 789490838
290020506 701765729 115385854
240119404 121102532 248708056
866712577 145575801 421460831
587734340 509756714 298980736
357667392 311002989 988057868
211198810 953715419 900206296
746957435 344720054 219072494
698572659 823452132 456523778
101994732 483856035 646642271
833516971 162960744 805292607
819242410 224948214 980110811
757481357 84440156 523112080
161808683 132990934 217296375
277572606 333108956 153681086
246762595 440534323 34779385
336034967 9450066 427281347
995465099 686899013 661387473
849567199 92735991 17167985
162241444 708955204 80391935
347977690 938429763 715346346
245338414 37330200 962536629
983304295 670605310 281868164
819949640 930344 978769504
56271836 956846081 863151525
689144469 204309222 319437572
661950603 394789610 698191449
505938860 89721061 110692411
397999500 392596187 370538510
689637589 679978404 158780044
683197287 380659918 432554283
364243017 679428023 130342992
617451528 629930372 630844043
778156449 454881578 44476489
566775172 393873216 139566643
817629330 357766544 308616134
160586336 562562764 892683642
567891221 586876175 107397478
293013456 509343706 440590202
429357793 350201178 348433105
421455736 317161131 920778222
15538018 503058172 17789422
862046326 542532613 37480179
645935555 359130237 660326518
341674946 601457785 968320614
625060636 326613588 189399773
737723803 210550021 92776318
193176277 133156996 204433039
107382333 615017747 989442620
183066770 423909173 172620191
916293590 297119282 463147079
953802581 293545345 682644969
448137162 296611901 828817258
27717418 354698140 281056478
458044685 797367783 640007151
931172689 77049835 398210932
504002832 879308008 662404530
933634310 650004334 615634488
565734499 931732899 343754085
600925609 168902609 869279614
433238014 487501619 495515012
810441158 367153264 949919101
201303495 816421340 570428605
233503993 773802832 658803736
712255967 488916710 399352559
653021712 565028393 985151223
798598090 733335290 174440361
763114926 225193775 831751632
417653431 888294402 235702542
715635715 889164399 487895046
920414773 33601019 668746760
287044179 128625171 397750460
427792643 868338710 189331296
507702121 16310470 931060075
918029027 914621580 175671783
514781165 853422238 202005317
917447654 436220510 917568049
714453720 236823198 654676967
356536890 290761409 344013815
969857204 210312610 453746721
17662368 356876988 745169777
891867371 881038619 480750909
545470750 143776199 723602991
13748560 145258068 999709212
821623403 292705827 598022599
889070445 638535221 353923034
559649122 512159628 373165730
975360864 615199532 898946398
820309756 477874286 151512825
516608267 746948461 160809329
179088012 425216897 665228582
236443042 339213332 833727764
118372012 328456830 353671032
535592872 243676712 296676464
276771530 625517174 565492510
911248447 477953427 584658745
327967564 547706126 4941582
157467419 377301065 974155715
943703902 730688577 956563309
196673817 878630250 768361322
771135599 984090 657808342
192399707 614577661 934973626
466699959 970683927 198804196
443620022 99984272 141905940
952618202 141576412 74921656
280449640 749316710 380260674
769366257 976914579 746213080
258216980 794688632 94944633
440476911 488630490 582862729
326276699 882376813 7759864
912001885 895955378 71768192
913347357 995526984 87916037
452231798 593584270 489102600
730311946 251576212 752178227
834168371 333859284 865658059
46831238 599264741 620653400
298522159 61476930 670713993
416494438 597829532 219921592
902733532 861923225 908489965
599410788 558962297 327268004
67791279 925721591 850450371
807826764 837746482 545571513
441275960 52945517 89785685
990743155 179053075 295612087
416982317 354039517 936784210
907908665 647589905 651438826
845748223 207855764 317961481
732128209 515118633 146794211
875160054 450593180 756163479
656984331 385114888 460693107
992597643 57766373 25920779
802054578 525081770 930101989
472717103 291543956 892752329
905224579 149566160 247633724
663172744 174761068 634835250
307304224 872423381 758104525
486836165 323132963 712884752
389163253 861753043 126354555
500495689 542646919 238195735
944758766 727430293 120718557
23858711 4732509 693686427
259453173 749744314 33676330
217314526 72938673 448344309
935612196 436784661 375733028
755868530 931914297 197195743
799900259 975367838 154972195
3571731 835888221 167409134
911434458 182040642 337551900
855958564 77751207 319702122
667745893 644119766 129477661
952931509 190534766 452539251
929710870 704449743 845460916
512491073 645010705 503233488
263803628 60242557 9345961
349949589 892898464 355442294
279017526 111880810 214058293
747339190 627352107 972962798
949737747 79432854 816822059
274851564 345051467 188701380
347224357 794576786 56607027
632245873 813477596 601699439
436986416 579618985 141237802
530200169 843156824 775037806
893913489 817866431 266803716
16022338 765889393 26586653
302294728 402847349 471951831
831171817 932480208 12835555
854304767 213165601 453865959
713926044 327843987 277781365
165759279 204638535 96100757
287965646 598950782 179276435
191110442 818639502 542848764
688485614 691370128 650721727
512996201 237648325 175118092
433606274 247672703 807639155
35333952 897620185 675561358
992748898 359608059 935500357
739607072 916121742 655928769
565573300 348670765 93892662
589829681 350383116 225043043
348083786 189617286 616719908
525704995 195683678 627316921
706781569 740454853 496996934
470230514 584182928 318969864
539604365 972926474 926817885
848416831 301698784 430562706
845593321 343374021 847233392
642523138 644603840 281395380
947420287 629813929 772760984
399570542 526371156 444587724
474808504 832594460 480411304
812450459 842754860 522528719
578603054 987206252 329903705
763555906 610509220 251735858
609323816 8918391 733934362
457965232 235285234 541632245
767507220 278894649 551918515
702589248 22465222 128859424
245595602 852481602 427877506
272830310 648539186 702142169
971343357 296918450 274818989
742553333 817271858 631317481
716240564 875857156 290446528
890621552 666585478 157525844
878876903 888931596 503296871
904150094 650549891 569321244
954160030 920499506 519947436
419815611 95481966 514029651
99264334 116690708 866223585
163073355 370225993 73517110
609404205 329036282 993469563
266592982 436039681 592812815
287711962 792698841 935439430
827009325 890616730 497216595
419228243 157318933 568693981
227787969 225549594 153330158
108485775 170221621 892916936
799383265 632763953 110651173
621370729 680684986 697592171
171717290 706703119 769565690
526230896 893967565 19128247
932143583 368140869 456195270
122977861 227710922 155152810
890227261 706935111 195287283
58996273 635487219 524914761
394543323 539212293 519446001
838832732 391136544 750263713
253452558 545701125 277690622
342734741 846513995 376184900
64443157 640234982 562044929
694887625 984616824 136416233
752205945 307406890 547307054
463311094 680272141 3586845
749973278 126971588 570569416
310671597 561708525 859804690
67356650 230456806 771567336
399148907 663480360 151745305
94168414 590967624 413179017
844851650 246250032 330124335
168814919 530088502 635374214
802893892 874961352 298720542
93557187 705112626 219365169
688426253 400061423 530862406
255259218 118830463 802793507
95270 74771689 58883895
165225704 802493100 239491777
490511320 61841792 552387435
984296569 515168713 481740323
953187683 74788864 633011522
627141311 87347387 284318463
250321643 870973217 204642159
499458428 638211755 732088623
783121948 967337101 821438427
97525041 434570876 672970692
648281062 110492949 379108560
183662798 166962654 352296157
628816970 232969025 730616196
113538564 302910164 704902080
71273594 831355310 527357042
74277732 385008689 278062851
760366369 84603349 740989316
459412715 119146798 142546216
663884080 711911049 210531357
626554822 293749064 152392197
832889028 977656137 437846743
614490278 662651913 87937128
375916441 264022155 562363325
83259580 380953239 70008139
939165840 48191732 958250241
621223795 10587573 493780933
884813071 444622252 410405696
44436684 347482667 622885076
699713914 390743798 266535307
845210540 559732549 252263582
255416779 174035988 850625965
983475508 593415634 350387502
323299387 936125386 493222009
398679162 959319006 79543005
599934050 795018941 64605711
628201401 633674738 512370513
71080692 830550894 400262367
594807936 960400408 189300421
967308438 449139390 527753949
91965251 919360454 732912613
900214692 391830843 702741920
704482222 492246582 834091178
309681761 166541237 899525508
528461493 72613031 579401374
301854788 721811121 329233317
865672230 10662071 854989321
735544077 398252742 506672168
555459398 595863297 638265032
689101983 455121593 84788619
406793368 647943841 326008763
678058722 22145584 729816262
650466942 173013756 768738597
947607934 474277342 22445709
25377882 968437144 222218393
254776745 596480587 592531058
942830671 521838336 426496094
35433169 915233351 745483673
579954693 526777270 660390160
284302403 674620427 593278487
306331321 181548523 752765229
454740734 287465478 976012923
670290571 286785655 408682859
501910241 221349530 824051568
116683500 732439377 151278039
963108531 269263107 678855008
643819915 203160487 414282040
805579266 918821943 56173189
18658649 513642295 868086546
68435102 323791945 493069557
859631914 756864921 249038152
891922986 719778332 706720991
630646540 865503371 276889667
935675239 614390636 47773123
537424927 559918421 259112690
525589868 699354336 763878424
528197715 527831717 482755885
403026374 110330211 894183690
114175321 790561179 485865567
614020775 480539314 788847806
303346112 203970196 228258181
329168785 439193612 561386214
532666756 240375 458796126
63755632 613767534 211467487
573658954 152475528 511043409
153666925 479075903 177125359
943226835 67406452 318059035
354485440 394555450 582530524
996045933 918705771 243269901
57294070 790215842 316979049
80876907 11622828 100136218
963901584 481180682 952058349
215026830 388567214 638248568
38964955 152474571 813940585
104726108 715965276 837998480
349480301 503728094 259300609
373172378 940089837 968396824
372424880 973107070 375842673
426581804 152906333 686342302
27322695 552667710 54237094
562016332 419795869 9141316
104220814 123102096 795891283
689836968 806760728 840476713
571743231 964796837 152984165
706739638 725935732 223056266
974431722 115799338 705645385
565944257 410154217 302234292
487150439 929807790 208409555
154977894 804550160 200726572
505918221 363684906 801299064
214684321 619083235 836810479
687428765 751121290 156441268
414670148 868851132 74819146
402363153 588419772 980887064
307484177 608032847 380560010
379722976 203155607 344748194
371523759 781573575 658907490
554199961 460318912 840300302
244564880 155636988 786898076
447351837 576089134 908851453
160321878 302036389 254447121
501489204 645298504 618402471
834781034 557901195 274369852
661665238 168446598 220362526
923469310 361770535 292240738
648265816 649332604 330169822
241056997 901065147 229867908
758052801 359657529 801025476
995249937 61092951 656246078
840853370 752759190 959999274
726694103 502728145 166659053
233880491 172054129 708111309
326826113 597209871 636107938
444210177 248618455 147624912
244838100 830391669 210133823
303584961 577193658 563318960
101267454 896433816 770388555
517850140 725849540 668957542
284050129 688013896 910115463
23953637 892117213 68483162
698648397 92242230 495797405
129129364 561555400 560723187
808706747 236152879 163052198
338590 867888846 221093770
529326169 761454648 243896306
397487285 10703509 642684015
876607757 46404427 432108503
940856760 813541925 138840227
409476289 947926774 57299116
150994176 303742893 449818598
914247644 324293689 221990212
724419273 556618215 176616176
702705125 804956563 919458388
789237056 143522297 633199661
58786558 691513780 768770128
343996252 51309191 62411401
642425921 262614941 222187675
214170914 513450651 682363567
329897567 37647845 630161213
833714869 766521805 108451714
949211955 186064390 795503509
142837874 655241976 392099948
896417712 906296348 774027363
553328921 177644637 743993773
645630979 167403899 312306367
159978812 566026647 705988743
109624471 977950603 563681423
804362612 799075598 182322536
464771585 828323745 432512962
107093228 133853984 923682274
906303893 139017092 302961002
633461772 45821099 711886027
285625898 576074931 165009166
724811952 276027716 919137778
643149115 603075973 769002547
797908292 372556364 240713908
485294685 833170166 326361958
31906051 788338979 620711052
350878997 14005216 387550673
776860033 5015030 454412280
742684956 850908001 743715920
66945778 345789456 81944983
743718133 614687211 876225703
251378337 227263777 129179318
888789344 218260104 400944030
598942858 15933763 206236458
524959859 336715964 143517646
86479616 201934552 628212590
442483864 791719001 232650945
454556580 28158831 5705417
790537314 100652528 115208406
746069758 346245702 337066856
643935270 169612574 135420943
498275494 824085793 564961793
289280522 132451566 115058303
237143898 310952362 228066183
247451921 496910907 464388793
280603163 868012688 642576402
337766842 822429675 83174017
506875972 654436079 419278566
986970035 625023944 784443695
702807251 978694728 542461771
39831111 695610251 860583183
177246367 221387889 203061720
930486610 440633859 83558307
947799634 623883662 639434536
782407099 718285771 953430043
585707266 565914481 554683928
998783508 469156124 735269652
328645648 73872358 858784401
820022997 860309715 440454264
79461452 278105266 935763625
108259781 674748637 565107696
113465456 269677857 748086844
527741815 374133832 5015439
214916527 773905521 990188232
953240220 787437729 443048271
154693315 2017691 501847080
464152702 875318610 205828210
187918810 330503805 824470844
672091176 942307327 924217
988615331 174053277 490138548
477511841 864621864 385578071
750283388 217990603 473546344
891623304 443873921 168622222
516137879 711459694 522962671
772996391 271096341 54205064
897589638 850954369 425756087
479956857 171117581 726113650
659422632 403765241 430571203
464408656 354645165 191673686
798441895 556223371 785601654
52993733 534390886 174702718
382514824 741249359 318948913
717501121 322927030 152427865
711150297 233996340 924414187
365050691 149932472 511564625
422155614 176050664 136190857
169136412 310874499 86590837
567052687 455580865 24243190
424742 756394615 603316227
540207206 937203086 294922625
457835274 19887184 198884956
309596030 997278851 759064975
713377450 35792375 462269275
709739708 711126039 44678322
219698170 115363065 787982558
805897555 880893231 614007990
609361376 717529733 512700138
669012110 803980701 704811300
173946624 505008373 272534413
682325653 996406914 741545773
967810942 428592050 110034634
26369084 138591957 157388284
953364194 999653611 262588203
961905839 267049665 262075226
25018456 656524822 166048133
952342218 85007956 72509025
159591847 516053333 2680403
136123200 914456237 344092121
369245674 306253039 671572002
706146588 408138024 576164021
951922299 709897567 691079295
624525079 137025358 41970679
386667340 425108007 312088796
709109676 569933067 555880586
73376280 286243569 738947867
448309180 584666487 692569407
94122759 969602885 664596651
192177231 338817886 124634755
410043260 604274435 777744692
374323173 768001310 442440818
919594663 901945204 29315850
212254937 451605089 86584555
799227875 932382464 988502328
274113155 312783455 915946265
451127208 625137 896955928
714299231 675027952 904034529
260990402 10234584 251943933
675715137 143236178 275129911
944429570 385691127 776957351
110538178 868751044 740526431
658409748 884932584 817833277
460148782 354882763 954661819
821824364 638572462 785293333
228091578 995546335 296655661
502994252 359667409 733026397
119130891 59014458 383075139
393607316 67294499 631717622
391410032 453089760 753584914
316672856 153036931 751272012
392999405 95040306 338782956
293374439 610221387 619660617
105226998 923605351 8453800
434183176 327624481 591123297
803158534 634308876 589525961
654223547 840013574 944839545
863130273 464837541 108943113
944494015 745847801 209844654
336085394 96426946 960636956
987071884 55931943 955135544
375569751 895453778 762719379
91955571 680344316 819479362
718437787 985588801 304023817
987250262 410081873 922492904
99377582 819023577 845527182
83040532 557518912 100748561
480718292 112123501 37455199
10389624 749528977 632341468
273514736 26602185 299082959
399075678 680207405 585521645
545101426 468365118 313339020
612442358 363717297 640733561
839979210 294715696 216780111
74529180 975320124 79923463
657515665 425723836 756507183
864594761 472431612 265070094
216129201 329750103 987179562
137867925 144703392 920190242
715127469 535988530 271649226
258284316 816494217 937985755
285071211 998852482 220651908
346467747 625516736 461381535
176532447 60291094 333635483
199312998 631644008 46567288
742807961 772259032 795636864
755536327 201302833 919797320
398998947 572872697 104317869
82508729 620217696 872603672
524900994 338864227 37422494
998727629 946973076 833329772
631606740 666310331 531874854
457944056 718024276 802892191
308208213 219619796 565253060
9047572 413949300 315447287
912376593 848243898 247980053
888589995 701457020 919453255
106480707 774933373 989276219
374893235 800985640 424101690
155084523 367072000 280367741
514170815 836900650 854394754
973472207 388110877 740324759
365404024 74952414 823428539
156593591 992556072 219519031
612097122 37458568 242424750
667963288 515684612 653677769
173353885 993343684 745341202
997518039 699158278 77386915
567651552 589010456 188395417
150794660 868300369 652160985
