1000
565022352 446097600 726497826
735819555 266429606 273033926
307094104 700357069 936526544
400351010 622030623 648282042
417301525 594264679 353231751
231110246 778569787 8523030
98774623 919911554 275099883
376740367 639681783 487880341
565315877 444912488 483531866
483058802 526184639 542031205
968818782 24032926 32499611
147377982 874649080 643326044
448257368 569247581 327120656
589377517 423685660 67686900
143890069 876318274 422328513
8760 997076873 715485468
136563465 893157591 140304870
709479543 283867841 797309507
786954179 179886943 308589215
210577498 807047880 429035320
843345365 127777272 214175912
98865803 918978030 905418930
270411996 736306294 478055134
708810172 284315976 727682081
173480912 831102204 855307838
886183054 84901456 643305028
697507515 293288240 593480711
217628467 803455806 603833370
367754297 647608099 788952867
487760234 519975169 329283660
927977680 51706345 753926376
390394126 626954895 554751002
496410645 510961851 704636978
745897883 250649538 64159395
182846999 822115736 972118862
145977079 875115401 385499461
377924407 636132247 459827840
140303879 882598324 854827234
704416257 291388840 679463302
430893669 580949128 407955209
629218076 382342870 603906917
667616851 332612870 279512150
979110327 19822941 116473439
70861557 947840184 965425014
775502063 204197550 489782835
350299983 659422144 463902831
670471652 329831879 675906530
293095563 714136474 285685431
356385686 656549290 935878836
476141905 540550690 158956572
678886663 324185939 524413116
487614625 520591591 240991387
285144415 720745847 14737504
564046438 446227723 20397972
758263602 229208752 418338561
619764631 397939730 331315976
167961927 837368054 900813108
687424914 309913301 532051183
900065520 75634771 812340826
462960546 562139561 684489828
902858172 69210140 845240828
660937644 347110263 431212284
904131337 68821631 787240388
456094015 564322507 104061481
830412648 137360253 889889805
45322783 965541573 52769118
332687231 677452026 609511836
86503870 929599983 422418555
155056970 855817748 556430368
286234971 719612244 1183701
310377129 698526742 459360204
468701134 553670049 573447698
376140547 641184803 206026225
141985311 880635366 149895282
230952837 779193023 865910443
927344870 53967656 591495162
753861477 237498270 579098782
273631367 731874245 467708843
149564317 872608873 561474065
501670024 505036450 449092128
453331201 565635709 856591389
493646037 511379559 754150858
522027044 491549130 527175422
912416031 60897931 433706925
216457874 803864698 580260982
666011677 336428097 157690158
347769887 661951396 848259895
39079864 972794720 242584176
617408783 399109663 357673420
368811593 646984840 247452232
928003121 51175581 147934048
487095785 521251164 543604170
601793634 411216380 898802872
443484894 573192969 2721631
491474029 516173798 318026114
377096759 638538327 724687224
110427379 907908199 77474580
902607666 71092935 268497690
878620357 92993760 709458352
742877024 255957137 319215952
889647510 80307223 442153212
177615211 827442622 324271122
957379520 30335132 136705765
342580487 663560581 638910834
688893025 304917315 915321523
120819809 898201848 764685846
504584586 503435453 945477034
483027998 526768257 900570259
31006639 979566499 782245587
486786797 521976914 940262207
690632666 304825603 974908061
323942100 687910219 409368729
555404429 454552971 250781232
482253250 526902820 177026881
845065945 124122018 403409300
683710714 314582444 185472388
353766651 657359967 114404821
77962860 941599963 27603272
534878562 482023076 839977081
32931983 977781164 327659010
747643620 247289006 398459692
387263943 628182795 8946363
877891896 94434720 551327110
43111946 969336661 735420088
184968873 821283689 444332647
568657875 438384196 360934543
326817163 680984541 842875595
698853289 293179021 333128037
788428152 177746419 786484970
780607440 199285242 351417703
165656567 838125472 134441660
752444599 239489004 910072586
705147857 287923848 276279280
490248977 518122015 711876565
417200052 595076514 865090745
429431260 590531586 478148097
924873743 54350639 108426728
555987176 450445575 147491849
853789078 117057464 307412109
138198337 888549843 725711303
859088341 111195426 289355455
14435455 987316801 94397392
239213682 772553066 525997941
989757529 7429643 256669437
943486641 39376532 940883861
339126411 667482501 509805955
272201463 733786600 117890958
3019499 994883931 825238768
476504069 536627337 444158356
633224907 380556716 436561818
68750374 949587208 149682392
854659587 115052490 325398738
53140128 960018287 30221043
283292285 724859281 622074200
742323480 256132206 218334804
722707477 271920455 794724634
383369377 628888446 793343170
950133221 36445738 151386009
128389139 898061909 449720434
588089766 427116657 860178026
475063472 545215264 21361168
474560979 545683790 108406797
140902933 881948000 913642560
934096486 45199177 513775357
712257866 282412703 106800382
81892196 932460740 508175863
729316607 269754720 517049187
899499690 77402533 311641707
496343884 511079375 255618
829484316 138726887 308478600
654876474 357106711 968697175
188247859 818175354 452807610
779370180 199967203 756025277
788966523 177462408 358555180
135846946 895164936 181179992
173461212 831348718 591936338
848914693 117321587 988403051
751302432 240075608 519575239
414342931 597449347 431906257
760573018 226204208 589124883
225514242 782478298 2035379
34888901 976114601 628173198
325178268 683363893 881390021
2338960 995045620 509302790
986583412 14246367 812348492
281775829 725847943 989241792
183128004 821815148 101062725
736356762 265985263 606414199
695967676 300047890 495888780
560548825 448092502 60790282
320963423 690564982 462559796
300982595 706782348 48399750
346177158 662250315 854902017
252255584 757672635 751123137
310830921 698324790 476941753
669308653 330130178 153257093
797368506 168855669 376465260
555899695 453495340 248630262
910649621 62056477 433566268
875254452 97000079 29609745
235062510 774225239 142199935
906849285 65717177 619165972
481469465 526941591 714442325
411414192 606459876 482673293
721188340 272547224 693919251
257445354 746187997 344343535
900012683 76234989 560370452
939613482 43549717 240786683
529539018 486803098 115629871
36835946 973835329 472664716
518242534 492467169 873833182
485268770 523417148 972096145
967537934 26866772 862667307
573239196 438040146 356616569
915898482 57700947 915155046
868248593 103880493 313190688
584104033 429133054 455137304
314507623 693924896 736507215
51381709 960287890 75263831
20465644 984262134 573885156
575725685 436415377 372908866
476359494 539128586 26081563
597949292 416886867 660648427
498451059 508259869 789877460
191262352 816804716 575590442
512814730 495415780 85860507
266695151 738585074 637345151
456761309 563988206 591631448
221286175 793543429 69570947
693509003 301670876 242490379
381594258 632725763 585200589
655676274 356828179 181621407
443920498 572140401 643328356
667257971 336084210 880014708
474044717 551236554 720186366
679877942 322985046 308944886
621154877 395831121 614484736
775361155 204847952 995715880
444348413 572020552 96529612
587628726 427348908 902411035
241340808 770575308 95571594
279151652 728591459 221228205
111031877 907691633 206703329
873590383 97801734 895385090
534374056 482130235 241701210
439590618 579019668 674231425
104557807 914581220 861978893
588123096 426476436 445421482
472259096 552001890 761580752
667549953 333644430 696754343
329296220 680519845 927260
848391426 118931385 741279986
413624498 599301347 534819494
473317814 551740276 638161623
333626873 674316641 114928849
219333399 800289348 461802480
8891771 992854602 812787059
975875033 21231762 671657729
240555603 771126750 611020166
782920745 193331799 490993851
951667564 32600590 415347824
36705465 974562078 767720083
625565976 388075936 899176127
725304683 271373132 884441319
475243779 544291584 411304604
646969946 364163277 141351782
634090159 379859322 764763874
707468771 285740937 572429529
110311736 908879731 248989721
629599382 381599561 245700217
48329435 964700644 301561803
692786890 301932726 48564741
510458080 497526126 750435410
75914433 945117122 695424443
648443105 360727776 292479373
872616555 99323165 755697521
111518037 905316293 391240564
271093257 735138202 91737086
657944581 348334246 796615494
250960355 766788560 312737593
66679712 950381876 253407065
43758748 969279646 120333984
966783482 28327685 840587838
943604037 38406491 343559290
834673416 137326665 547972903
379272774 636054622 303113433
372651149 641889201 279650098
906503450 66080097 741433438
668624571 331638836 443303693
333308933 675593032 806307043
235037498 774368591 680676521
27340318 982200148 690783456
782407278 197293643 451274696
696057402 298891370 487751497
998869092 309325 589289616
579855005 432979408 597272394
357922344 655400780 283529551
423756280 591459977 892050886
912940770 59405014 220136329
232268855 777814887 868967738
248479537 767813876 865157872
17754037 986220573 585736547
500377014 505169900 739283002
871346504 101238762 396265176
790138520 173753846 536915819
835795165 136174287 487047888
56498248 956495919 912597618
847016824 122122001 727149317
292767620 714141514 690020903
322183111 689733242 732373548
515329515 493833472 70034601
611341360 402976516 306761731
674877009 325037965 266836729
464618788 561217136 742319922
252757597 755866716 455062692
467802544 555695307 487035282
861977034 107755895 58960705
700220994 293026118 926503154
308508518 699772634 972117396
931841039 47477359 304209365
607932979 406749470 48383898
464329850 562124991 497310014
804536685 157616484 421732932
198617558 813015579 719998946
682742059 318668063 453329507
763827613 220513867 816420406
686161826 309972427 918941714
540512337 472078022 176870549
754337163 236607503 352521760
226459079 780829678 861987861
732116723 268944955 652276574
233013136 776374560 8779928
47576536 965190445 554690146
511436974 496704921 390125956
854897904 114896588 712281861
362177692 654541081 44477875
624110339 391311274 772707830
168003076 835644868 739647971
222934888 790223176 781235703
636279936 377228360 90010605
636807450 375138925 347913563
571615625 438066282 518184135
624987075 390449128 230291543
442680945 574186493 195231145
737997927 257184953 4778112
209073417 809775787 714464704
479789562 529709386 121921405
624285441 390681484 436550467
948418082 37206599 127574375
692678078 302454994 99098184
550402186 457973056 456655604
635423451 378914391 681509218
407634852 608440701 308392982
908981411 65015347 221244972
530623606 485399868 405435934
742686713 256010607 554865401
304690996 702291776 135015456
467504195 556000905 90230656
36369939 975567401 105237232
345775958 662340658 614697364
892350466 79146127 535849953
312344868 695967638 620382142
843834382 124810894 85936681
145100205 876202625 186978445
775441050 204725308 630111379
37953729 973740053 940079081
543932092 469771593 657084121
217823141 800951660 827127505
641966270 370437379 514062584
865157967 104690736 56983138
453916207 564609039 223887551
44894194 965773512 95334227
826199011 140394845 266676207
749181601 245968737 558487750
415373328 596592402 328732284
845335810 124088587 172760440
377774976 637366502 774190132
836512207 131105528 814688035
14079868 988016326 477443389
856218338 113065855 705178560
142150297 879441924 503290482
193106263 815013240 968093746
901558622 73341121 747444875
798460163 166967311 878291840
762981834 221621894 433523166
870706078 102553827 848746756
249106788 767395537 291490507
153860280 856795777 625434556
808581730 151130543 877320892
187247542 818431451 783232761
294441321 710211846 455782844
309471968 698772306 739687338
116270405 902258002 591847944
697455323 293878042 714272446
657395667 349074302 979516893
247045829 770064368 939905824
355409279 657099639 525912358
749735265 245669028 562452873
662668963 343110407 144761110
225984689 782244962 703361725
451534470 566497257 495650596
179400006 826507330 77172322
905224890 68670554 411152369
785208739 185326690 798341709
225492221 783693408 853769293
467190990 556151511 112940307
589248185 424917637 993820194
332007985 678430189 727937188
548169946 458079334 346943584
792115182 171159279 46243226
887464349 81770126 668012508
276700854 730548388 58459464
706623976 286307298 711058931
308880362 699266369 74995449
15995129 987049049 384966842
746587429 250084231 721549254
622769980 394996947 823216981
65945973 953162766 865895333
153355285 861024042 493957447
605463656 407460761 395123272
802782730 158275583 998261005
967265187 27289463 356376755
369328456 645695208 733836439
993572395 5015032 942952945
926052992 53968678 420402845
498642971 505982302 292225488
113143538 904369237 531309719
94163062 922673445 905046285
335047499 672695138 528276321
465991412 557318913 256159940
342242377 665575619 215608204
702894684 291425804 687907418
198796325 812204148 741810606
173944664 830702256 558905574
518656882 492442267 953206738
29642941 980549284 246789650
872281868 101064531 15684274
373951463 641859016 311885799
873820679 97287516 898864969
408084674 607548391 513137698
841746108 130001892 268845580
188617358 817622095 926392308
154688204 856181540 781860249
634042645 380036723 270917873
35398903 975884322 229849764
92617397 923391736 809430559
179736503 825495614 679823676
842292380 129024788 629530368
492090580 514720313 534648445
988654701 10642596 996024566
616281319 399490930 186213569
137041569 891476226 411471040
342873761 662825142 956060894
885575135 87446933 369709259
638935471 373360504 306340165
340180030 667135683 556905013
312601981 694575322 749727827
492511613 514476060 896278692
211513042 806749036 725247594
142314044 878794685 86193780
304357194 704885715 976867870
542246894 471134864 417828248
280246321 727118617 553449786
418678481 594106420 409364847
527939012 490096386 344425412
257058205 746422434 92618754
713194310 277400637 432933602
174502977 829792993 919155028
27261885 982569758 679119101
593280213 421786290 382085829
376962161 638979928 997205826
294134634 711504934 734068646
726592256 271010560 594722939
839795996 130455459 933745128
512011170 495511735 390178003
603838810 408609976 277461430
568520673 443929887 875729909
44689928 968578808 167638243
274993080 731206053 369422119
642181009 369908277 285229381
981789708 19783197 136186004
222899502 793062724 569583420
317803904 693870622 277541624
973188784 22224790 236509388
325794985 681215986 759014768
858765552 111367401 489497040
299118299 707237647 233279503
132090439 895194407 745060780
80253584 939671137 432281320
661398226 346131770 282083458
265565944 739498395 576448540
968552501 24922802 128756529
367787590 647281280 492183626
212468962 805505533 655875511
829615341 138506248 962680115
474478725 548854213 105736413
868892635 103291689 114555500
875897227 96615012 876866336
773364075 205363755 1698913
191340062 816752160 180197197
129962538 896782167 211547850
801799241 164946562 210605204
117459162 898286199 255053661
639331686 373348170 810956955
706182051 286359349 385260220
492520685 511419362 350647681
536774724 474414570 485025388
577442709 433847163 399429739
259996950 745066416 374099924
595799067 419798584 193064554
323249841 688351742 973862717
541808789 471153227 235505578
822334144 143827055 925947160
694984434 300731336 630762699
130092411 895880560 821031737
459317728 562913540 588455198
305356659 701607967 504107368
715969186 273525534 300245714
415731645 595170804 663672620
430250348 586029795 774946981
342192151 666319274 539056801
815251907 147028246 837454848
446188033 571337142 128428190
738636888 256647843 805092196
509441457 499011978 281314136
136757960 892141554 703282568
477343909 536192274 902459529
863334644 105134187 627079515
825885155 141282657 432221762
592192388 422406567 302893173
230033425 780205596 932428377
254717055 748070061 817920105
870895751 102511209 732900391
284206954 724164619 904878411
152910500 862925024 759081803
704822416 288559007 568763305
685779886 311893698 768897478
902271211 71793140 527747687
78192376 941016527 879114267
408350444 607058606 124651016
440154437 578395513 83569783
748186117 246096023 178287349
567921814 444293164 374153094
824032579 141515335 706105603
143739357 878332607 278652555
92738572 923127157 206480510
517212141 492717342 561727797
284279530 721578404 593423907
595055078 421273303 803836278
620018286 397634976 27156055
287767051 718428645 604518459
481279519 527158626 341991775
592917113 422078847 445308892
94225801 922272067 712268068
547304488 459236882 671977479
272038665 734734165 385551401
660575676 347214639 943373831
665421488 340691010 395511900
964049356 28982706 802034154
284106713 724641699 339484447
802173195 164663458 206506313
86621260 929416517 416449182
366269164 649780621 427151058
823110748 143266375 952982571
382746637 631589945 902232631
206025443 811250395 401935168
165306192 842012580 244763077
258725345 745535290 20584339
921094904 54900563 408008931
74294035 945453089 945415819
863257173 107619186 904374393
198364372 814934886 85695350
748961253 245977897 815443009
348154420 659896845 639902142
13350164 988132840 274983180
185938659 820841531 177212008
161998611 846770071 849734984
328430077 680770497 340907867
814620938 148226150 402896337
150122555 865253042 302836062
673442771 328393857 332758816
805671884 157235070 344721414
604173117 407984188 317139450
319529785 690987389 178719834
254550336 753326216 133704376
789638804 176128733 879360856
232539498 777763004 677558093
141322841 881294784 74314228
356376713 656647641 889940976
116159844 903186452 886184529
912519061 60669543 100454417
361722650 654827954 736437330
254571324 750765856 130248911
666324598 336160908 547603070
784112870 186625100 299527899
373976420 641453897 594406516
370177595 642947756 961625976
620902718 396456684 110779341
381358423 633880573 576885568
5178003 994239523 707814369
490690161 517009095 659579830
785543086 182133573 30854066
472717047 551744244 43997684
743095689 255392316 387672274
581362260 432902474 371710049
863539863 105089171 498001758
931578166 47785568 591153701
808429210 154019608 440009602
359447853 655093763 355076902
240293522 771988331 294731715
892921104 78437853 820536481
550610958 457053121 247965488
690845662 304460359 15720253
584411433 428581852 258903038
806291160 155796293 214950293
484419029 525503157 1504446
987967070 12141189 804620419
106000470 911391023 758561490
968409017 25502072 39479315
909390921 63801237 629654773
60809129 955261849 931358784
429583305 590185038 563199391
554302547 455566963 475396324
157208014 855602334 772477487
783156374 187575832 554137105
479140963 530615689 333481245
441515618 575619224 778776367
161746930 850620564 989924404
143561814 878635971 636468199
774669853 204941414 468750447
816959984 144262111 867754780
545859555 462637944 991686035
515463119 493094805 731929845
67738652 950331244 434487424
876623458 96476884 586209514
940286784 39641949 334567946
737393041 263845577 232614652
560624338 447834279 2674049
415875702 595112075 145017961
213167084 804763609 25121389
286907701 719361572 580059565
849752677 117266267 66713152
257180567 746195535 187464204
117025188 900271156 92625293
906414062 66477098 904171162
932943545 47247335 514096737
743585792 253402722 442194622
686134503 310191764 123837802
475525599 543761718 200808600
78068601 941486118 260369005
511442607 495833805 210092958
321498853 690046587 278094723
191477419 816580460 679456469
528825213 490055626 744034319
149687850 869094780 678377314
414262312 599168491 736708419
857757669 112293459 172724767
42890222 969851614 355037206
940118169 40670562 806037607
882039667 87736098 259754562
916997347 56887480 229484014
536325050 477842740 815748362
76096795 941956840 811965504
200191778 811506079 877630603
917286647 56691774 242876537
73673687 945815332 5443343
708730495 285297322 33065598
749766048 241242802 887332477
41885207 970268846 26406271
929002824 50611861 475571427
162483853 844295966 698106330
480751706 527727582 522490192
987534145 13361631 326991135
10008201 991141702 158863545
382918229 629696078 593008542
206129772 810534260 458022653
213447300 804711036 47314985
511455689 495682886 152934447
293813115 712954628 397252296
101514225 915466221 849752052
950443807 35038881 222800800
364608283 651795718 913747712
391207570 625874456 639579706
675161487 324610195 550856888
158567493 851011842 522897814
230028294 780552788 816983693
780648369 197772495 413453774
382421241 631958017 143409601
306878845 701056775 974857238
237274951 773162026 221453530
757186689 236512991 224781072
267959761 738017219 930799434
863754739 104950961 874103761
98914675 917263585 698738255
526992825 490325487 665240723
600625282 413304876 836948002
600033927 414832820 720619953
638258918 375128861 836600272
414328317 599120353 994635685
784116406 185632753 634150875
803182795 157699473 192387590
636567319 376739193 837429549
362751900 653681715 43949729
153974580 856371744 321781012
255445425 747762721 217799414
335002408 672814652 338541936
87934559 929115522 775999428
774031842 205318143 984925326
982382645 18018618 432019165
288478299 717440237 774685014
90827319 926476805 376415547
687778978 308419227 704551329
790048827 175513341 927379252
787164283 178464583 243856664
728556089 270203172 871187395
972368414 22338571 118439786
779291230 200680359 839590945
99345773 916598190 575121085
546119876 459572695 576894278
393568382 624838167 522961391
554549886 454772057 63012119
931320857 48789975 177884381
599463245 415930177 939358140
366716013 648608530 93435711
372353636 642160064 756259925
614037098 401935867 71806933
497395538 510864805 263719912
509361780 499874432 908475125
770136919 213337503 799949423
114688098 904188762 228766706
737800543 261744150 723091600
220457296 793587598 424775812
325103432 683667936 971634173
621998688 395247396 90848014
544383434 465796269 384116255
259447412 745527138 490445761
234949946 774974529 310070183
85189361 931581918 48800992
410639918 606730829 789291556
17849129 984474756 383659296
89408008 928758009 398645081
769571059 219045893 142892374
423270425 592204464 664471474
223058379 788579478 150169506
576718157 434312175 312766652
252654301 756648655 802712503
664935012 341682772 158494788
757804234 231228278 595739451
856965892 113058959 376213610
695406355 300529087 33243837
880153329 89070964 801610435
842074685 129419849 378336354
575825133 435574983 588687885
599974357 415426803 627877560
403063525 609856668 265296647
693771744 301167367 841711646
967937354 26223315 285284320
567211185 444833290 94754985
578908346 433662838 646886063
740266821 256584949 663858045
401662723 612054770 458925249
835900712 134006234 70445258
366107452 650449093 185222039
320893695 690626183 11612163
415387382 596043489 935666856
200112617 812048533 216683125
304573564 703012877 717088116
673120047 328581297 625424075
623969276 391871819 870145386
676531236 324202948 308765110
575715977 437439367 966097449
700681975 292863068 176876616
656931379 351471080 60963583
946574054 37288872 766659057
887352747 82096955 523183561
214416161 804339444 347887744
589470122 422659536 119886373
75575655 945172735 893742813
643857516 367828055 989776929
813841204 148961647 350462519
579776280 433544096 479297696
508442808 500115601 997980782
498017559 508972454 248417672
582561709 432344506 428571788
435028250 579535552 224626680
858146774 111969058 980713435
679724504 323307593 458118043
843693846 125311924 361875596
56680930 956428003 693317858
996867415 3098240 875995229
285360269 719977347 118224201
215381262 804279765 629683993
772135480 209283539 187689397
878938464 90838746 147027527
948440663 36599579 889898541
1782662 995868047 907359038
985576954 14556172 948600294
568030854 443987315 472633508
782105174 197320070 657572967
713144867 278485462 714250919
777286325 201776270 72631050
988713539 7581217 514789081
729288868 270118522 515349254
137491878 890917769 46797987
400528472 616520788 433822234
890920445 79866215 873376658
48499858 962244672 160470136
750824272 240592963 714982599
680322230 322267524 690749348
535261111 481192896 136187463
641115407 373119878 143398764
608957862 404490768 359197607
696428011 296931132 65662033
650533895 360360559 145458796
41489526 971743566 535464016
535561487 480015093 523769893
49523083 960721668 267283671
475696702 542279043 126411059
441844988 575269436 383664121
81808582 932645909 738813193
312671419 693967434 591220409
771471192 211000841 635198114
73303849 947615120 757875959
771455695 211528410 58455216
157438890 853114871 109160846
336543755 672172184 279773287
477519835 535058870 60110456
443819349 572761507 384912551
256634273 747711175 827645022
110210330 910492370 375055823
376730389 640063197 915595261
828029995 140085975 220532903
761072935 221885298 647873005
797602954 168572457 526822158
487883076 518925981 916692101
418774036 594087915 719987256
251760168 761378872 704538863
285482597 719871833 492755448
435848775 579315240 624806363
595900665 419159600 939395208
541621617 471604604 430592723
420224821 592312343 658133733
665366684 341539872 826105962
339419122 667233107 261154803
430695654 583891685 747122444
209746183 807310883 201046749
761819450 221684733 276237935
656168412 355416488 745926797
265837068 738604814 265882385
671234255 328959980 671891445
696852022 296896403 283976122
440280611 576195734 94318553
381440792 632880641 283387295
695526961 300474943 530881759
918151247 55018997 581970926
730500457 269608604 695198888
718021082 273056561 346011587
23331059 984153046 71478490
848866315 118029566 856385070
653312884 359644093 485984886
626074176 386242910 213494708
96892495 920736605 456401853
450601479 567569664 287529002
976193664 19869542 782743584
642273274 369117716 602585516
225226135 784005957 814739984
871309569 102474344 528043122
450189990 567653998 75299731
281563827 726368582 5758277
965640903 28805975 955937927
758841478 226989328 542736183
610547865 404136414 540533700
396770195 624120646 871961673
324130999 687689856 207762550
554214956 455717429 938182523
780409393 199910974 210957058
737485504 262414846 922814653
172790578 835013662 897381278
11121490 988530091 827546404
480348052 528072327 793384641
683224802 316810775 102301968
322640433 689252557 940914695
219919404 796120084 607222888
9033137 991688888 319552418
447890639 570826555 2964104
769845697 214994279 886015677
67969524 949689782 362524006
41093864 972583216 42067228
399173892 622280687 763011068
531665728 484278434 244926441
743222978 255325712 166076716
408227226 607501767 270059832
787069788 179645880 9187208
929527861 49987446 87419409
435153063 579479718 878693457
318598216 691794149 566873383
940085980 41468053 441837933
148943718 873032889 421250615
965793990 28585583 855821333
478047559 534680475 458801678
923085311 54484499 753324198
489788759 518895226 812391429
828851150 138768403 97977879
627626695 383625959 567586106
265578563 739063321 769699381
958118464 30168182 808020232
626087255 384785577 100460901
223756124 788001768 905901971
411433920 606279306 125865988
598656581 416791689 353941560
669568528 329859493 417215380
91164590 925382429 304202055
334225835 673796490 440664370
558439038 448727112 525731249
462600914 562677386 465287334
984526095 15206123 850916818
293992579 712116147 254970031
182203702 824795100 310475234
301062649 705467184 251397131
25199029 983397412 946861974
688506202 305823794 944050666
757192264 234209541 859645849
186728270 819664331 861614159
905962410 67709086 191311749
56037966 957946321 656651751
713958176 275919436 389652855
636654423 376496646 393851302
761378293 221736985 339926394
772534404 207320225 441307945
225071541 784209953 365515814
73358271 946067869 649093033
32687709 979560461 477519715
352291430 657620700 274749461
402427253 610559793 17102356
533497096 482404974 868883947
462634180 562593313 121910966
664532415 342541989 224793659
225195778 784112808 339644440
745733294 252502982 254615136
325498750 682921701 618320997
330987277 679154162 147494060
290894413 716508944 605882080
55783628 959590523 507736670
312592340 695233887 100150070
788561508 177603608 811367757
251914966 759668407 440032266
139928569 887483842 516860013
633423247 380088200 828708076
188291291 817833323 116644531
254501770 754185291 805578913
685653573 312275198 124145998
577941510 433791770 969773586
398737605 622620711 67386473
449169066 568389604 46600226
854391767 116695232 869360561
318316954 692327563 467550729
551988511 456067817 474709590
298102198 707341732 659493259
710042144 283602844 652372098
177285011 829581138 984503100
219324919 800318125 363080580
770936485 212196446 117549076
860676479 108231039 975979240
653646701 358565156 744961281
935374909 44096838 510148916
718729426 272714594 222964179
588664326 425506901 766732531
886488440 83820388 482916616
255356679 747852799 56650474
992380014 6147973 413528343
28771049 980603255 149470126
563772369 446392866 992025574
538391727 473955147 926407456
692619566 303143559 338978983
964826990 28815067 475471032
486737430 522979290 233277023
768059500 219162488 950818647
673597864 328274622 47503393
891968150 79165784 570790406
625831000 387804385 216044547
829700480 138267260 618434694
117424553 899344164 415192324
601056413 411868604 2752855
785638213 180539124 854590299
547576798 458199081 359073462
137168140 891117008 284949274
590522155 422424313 82683658
643855695 368556609 803267107
621844620 395373180 845466042
172101074 835532242 618086710
159691596 850802425 149776243
793740914 170311454 29339624
673718019 328130044 907476031
906011615 67018090 675785169
994084716 4801377 381428777
400522395 621989091 488728249
185455111 820892674 26082826
662178073 344108422 437510422
8855976 993162569 440503299
969034083 22989869 152026169
