1000
149582308 171459890 488863877
57930474 56677247 958811481
470691429 493666603 902729627
847296294 873167454 372153437
575262188 606544612 771674959
438456385 469072193 451247396
3427072 2983237 201283641
266805392 287178068 178920854
222811635 237157370 381129970
531491635 554047818 885430493
924519278 945008868 259159245
815279461 844718305 713204596
656400990 678842430 917146661
390967942 396673033 80027993
806024141 828252890 148925891
977100719 981982105 258388703
458294477 482951044 613991436
573002911 604029623 600444444
503980917 526605693 920382906
396805609 407252847 61454950
796940203 818340999 23788885
702414234 714915636 313649451
773191118 780982145 958495245
313036267 335139658 679590225
979267593 982904867 904681968
913237135 934003300 827450093
373286196 377456012 890664224
553633325 587930195 409856811
84598603 83683818 658822451
859302745 885192851 200577657
522677822 548158691 157329467
161729464 188280905 904983395
16379210 20649886 796595537
548663158 578876647 10505211
476108826 501236714 748377171
156227924 173036126 219293386
303142222 322597170 352836074
728240755 724753736 443241130
138790103 156609546 302240441
666429028 688092151 133616461
536064168 565121975 163419353
827322456 854697663 907017474
922876847 942658892 494947033
368490641 369837888 973891074
992181721 988041539 246491773
123517657 131442495 695353150
554348632 588589326 308107384
204776880 224418985 811108164
74628373 76119890 517188711
254398970 272446054 336887263
286132779 302952692 122631028
13532980 16563641 751356601
370022615 372770101 102232070
906526580 928050828 826404055
168339275 192239790 29121564
595302588 624827688 889173095
613103306 639793316 966650686
199844997 219709508 987983634
480067204 502241104 725938880
192280960 213588585 209321605
870229483 896287602 488132543
576023867 608588713 245923777
665443172 684422712 215618208
640740422 663308242 755582827
846718170 872878861 415560321
381115790 389612655 695176240
957600310 969901321 410384827
411174324 431232645 440348914
71406479 71961811 84137314
398675037 413919794 88388884
228603841 247544835 249942314
129531517 146374116 855004336
216355658 227186154 838581411
905253958 925093335 566550463
390526555 396143831 85096901
389761867 394615982 966884470
212315630 224688737 411576355
704210693 717666333 250637697
554926236 588697167 881799304
378648387 385464384 786696265
93682840 93379029 500340759
516443887 538177485 721428702
547960187 577842232 855637749
975034439 979992533 509066371
812253480 839546255 346816433
824464854 853864025 650854019
29480693 36773966 788867632
769132905 772795364 979045280
663749630 683607097 344173613
264177010 282103495 502854934
685339062 698592147 744409980
994361910 989826507 889306696
997002689 993902543 376734914
68901660 71538272 558669586
530079328 551564567 668712132
125485442 142054284 814823560
104526387 110392735 344496562
344725062 355443556 951834851
740432945 741743384 882039128
909327576 929016435 997705924
324117720 341988463 475431703
975674183 980674241 613177495
44109437 48767371 378978616
537609308 567900602 1221150
618265104 644673874 965127528
482364070 504433897 719976836
516431896 534959547 449701165
889363791 913526317 863254559
493939109 512556055 225080932
970604095 978147068 81399678
346975796 356467864 762260326
57642542 55396630 372574917
939465594 953877678 727851173
912901785 932070029 756977075
840150664 868767315 997771902
411023554 430561203 936742335
979712641 983335450 382094243
12447903 13990880 710991683
216135682 225997250 486424745
355818760 359217358 838407901
859257612 883319866 640696310
60138327 57749503 431870751
567404497 599541575 597462463
497852134 515021538 115349221
290686658 309409502 50899308
129085657 145794263 682121409
588662682 620006746 98527333
594095920 622428895 780273364
847705926 873276830 249193883
74643049 76154647 949208011
330765630 345275657 426130602
296963366 320456613 138710995
416312076 434040930 372479029
139916003 160686013 409539434
975263532 980305490 825424294
230330197 251634750 87427214
574875777 606506514 380162694
611503496 636729873 91330662
433267263 454125079 33500555
565384847 595674042 492801029
462605420 490741115 532713246
734987248 734369850 153136462
483037582 504602395 338792431
776960724 783044319 878391371
228104795 244814143 995622984
255513380 276150959 52691283
550495770 579042104 460988378
275095835 297361643 507684461
421915688 438440602 202981173
979996672 984053249 102851161
348339290 357284523 78909112
567714057 600102687 962327126
72419912 72941935 326329084
513208848 534829985 826582506
592551500 621050513 198269348
124319071 138180262 400817913
968245639 975018224 866488445
770501473 775489899 201854984
337676371 351945756 242018351
371161076 372993453 225925178
687270969 703081085 651937713
612437640 636966598 351170376
315595554 336928721 240424346
254791804 274795099 129903830
446735846 472848643 358640933
586995686 618605854 495333953
642893218 666740903 279117601
798602987 821320321 417054347
496071080 514229009 996972372
892392285 918247074 224376463
780985305 795778551 537901177
855379406 881549820 380701808
557263446 589577881 32530949
987602280 986631365 277060510
293857829 313169577 862006225
937348945 951212014 163176465
34634249 41725780 656495311
526447403 549253099 335776131
351394991 357519956 294481681
415745982 433905267 493194244
657147203 679300862 484705772
98454661 100667381 765845265
532960298 558213032 17911119
100230534 104665319 11037840
62608562 62801459 963562044
503136602 524377482 313757503
716711928 720373260 251290396
953850505 969255088 562310414
69455124 71598581 232360096
531104832 553306066 846715160
781221699 795798964 879784182
814625533 844444064 933752344
117453191 125480561 88270230
100118972 101362903 938890044
365987776 368507822 429925555
811539440 837943230 66803980
626101610 651232329 572854827
241530774 260749718 173360623
938663014 953796559 895258512
143824309 163565978 24980730
126876071 144893601 742006941
479089614 501398255 42623958
520047451 542147053 864547564
264845655 283551582 235972512
134431955 154500948 959471255
78437066 81533699 422181262
570480649 600447633 721609554
272681727 296001318 899473569
37332716 45687663 262894764
400260047 415564547 176453920
272036447 295540798 448425309
584628755 618195027 658350196
449382427 477680237 824468032
949583006 961959294 677578691
855110670 881397388 740026071
381341175 390720966 109521844
409261716 425315875 295716669
936245143 950487196 510553704
78260762 76761519 924593242
61802792 61936950 46650833
439566335 469099139 386643169
292764419 311042803 722751678
132309879 153948689 248160154
544005383 572821749 66763173
785743715 806818255 265728840
213668122 225372365 125770741
312988590 334708910 328324137
186779588 210513944 142869308
862731910 888508849 555423891
851980088 877125379 399200185
306472086 324563620 166194926
703882904 716641012 937955555
16134089 19112758 797214546
28288348 36630523 677385522
788400816 810742724 485117492
553458506 587792959 817584733
448592069 477540261 532712231
867967336 895325141 978819807
15174697 19012306 878064646
18823168 23057245 267211333
250729033 269262852 473294928
620949260 646232901 544083304
965691886 973533013 901581489
627909895 654173950 656027095
531888314 555942680 468791022
23260656 30341022 96059436
293566070 312032901 269493313
81514001 81652352 559702902
437761506 466614468 489815866
178906274 203533693 138022932
985275617 984845196 286336315
422580144 439599270 680575441
536202017 567125248 159355242
722355896 721508562 757981357
35064802 42211715 736988590
230330479 252363199 956195086
352214538 358754204 359443073
771132343 779210549 255933353
375709797 382974777 13115674
377913369 384828411 796357576
60995975 60404283 96259763
62094407 62055750 964199253
413694626 433860574 400379339
31898736 39303395 902942114
609136372 634349333 328259563
736460206 736283871 904444798
9467321 7826764 478216354
302410952 322186490 793745722
546041425 575121463 997483557
806450330 830087879 375559737
102377527 105368453 581534175
680001144 694968008 570497100
402490964 418082242 342983902
628089017 654324639 326784120
372399155 377233535 935275603
175792962 202081247 784525106
928579050 948333136 855765605
212804649 224788869 706319420
71583551 72859974 207535549
316900043 336969240 888981745
701265188 712474112 370408989
523816025 548998520 828118074
647797232 671243409 844535017
657061863 679029244 376770780
996556736 992778120 883330537
793285529 818307574 452529022
111661790 123657179 827347194
292724428 310574933 789133313
72798205 73021458 110901194
99660625 100877066 457606304
487916841 505710419 353894040
115570933 124275224 476862627
649118606 671975073 808007145
162283185 188923793 216626833
5945118 5847737 597499374
761561063 768187654 396748056
307165709 326360182 861817412
768184618 770685061 336309064
616578779 640059291 446863869
573752937 605110925 881624092
198650953 219454012 237165206
864999050 890818258 226135197
525952369 549003802 813559783
473776779 498346111 952981614
189269223 212712291 546543782
631734936 656473904 87723908
379633647 387711416 543668182
513587159 534951618 807921854
384119156 391175105 732854226
107447243 112663847 975587674
617877216 642411426 963516076
186147746 208969796 7754196
429216691 450371030 740862869
994334977 989638652 206702673
652439417 675261700 167189378
219766143 229042486 709750942
964268375 973020045 477702856
791757892 815075986 363548907
105899327 110790171 310401952
310642814 334161350 338815998
336978574 349155599 398178812
987116387 986621144 397670669
741893690 745425976 500924072
739220334 740753639 598565443
594168227 623998287 126742661
642217192 665674171 617984848
931953253 950059470 589319528
131682689 149587720 516204957
746987106 751294578 536986410
192313630 214168804 182871786
97782779 98467229 462991761
711316896 719625223 940849326
375846351 383357985 164551057
644137347 667244164 97384207
913973218 935121843 872759563
572141556 602995518 142895931
93526121 92928668 731408153
436584842 461058178 295194493
553107466 581607110 136343533
339358631 352313814 3681590
281305260 301106051 754654982
868907282 895561571 646466123
20485600 24579745 99691168
313886701 335831914 96854923
398181184 408146430 828771677
656125304 676597997 761072244
168018505 190882422 343783546
245155311 264511197 491688130
22984490 29525866 277929815
408954675 423309811 959724035
635154559 663000769 695358086
177619468 203533445 535690170
65206757 64914329 35644501
645274336 669478172 567988648
421809843 437541651 718837230
24935624 31652521 519913781
1300370 972301 120290427
266766911 286706559 102140721
321011616 339268428 841778094
263434031 280582615 996608880
309859282 333058371 364334990
48399476 50635474 710985456
837944885 863661734 226927468
905895782 926918859 908145818
225851220 241528260 519198417
106365470 111415805 464939697
173197587 199956837 795063280
37388161 46929706 346910854
473061500 497574908 497676909
3890260 4539759 334748989
369400022 370672364 394924158
822486858 850914173 67940137
505384213 527372858 157115040
667679861 689863870 436041726
786128552 807682753 38657001
196203750 216847343 481932617
674572798 693099889 928097561
407138346 421063400 792276901
949075160 960400563 352403023
690979207 704009700 141853280
128723016 145348067 879230183
268466586 294949640 247646742
966182327 973982241 882395935
51540095 51401183 179949209
577553602 609771229 574207836
149241465 169097561 446167962
155914510 172706751 104956192
732480639 730236635 861322704
883275874 906098523 465261187
951391102 963622244 442698434
725849654 723407939 61073313
756529363 759505278 952669502
657693317 680605190 86198720
839309046 866216955 991861941
386252032 392104700 163024221
882291695 904605308 203608926
408622404 422553645 131118914
704535435 718145513 444800150
224839321 239038546 526450837
487258529 504643376 360122643
135407157 155667663 944167519
125734857 142497765 725891966
44862274 49003093 5539836
809668042 833401125 43413166
221034022 233570785 432393744
234831124 257397632 333495686
578336002 611685789 873014469
457158101 482219226 850400201
127661261 145182748 550310537
454936157 480222893 976681329
744821099 748763776 828909371
460479990 490504001 5549311
480583840 502447477 215734634
180381047 204041005 607222257
866482330 891701136 746145940
580639795 614652266 798685272
968876187 976451110 131990538
534161268 560666009 855163000
770709488 776970380 442258526
786323344 808097936 682548177
33374293 39525492 113014417
471646408 493732459 342957812
671965910 692235267 713172106
214666586 225493100 509480071
60718256 58116222 645785910
878172122 904274516 614818514
628981738 656197979 562015804
813800748 842020572 502697687
676279281 693697602 150139161
934764001 950376801 327245936
800724443 825216366 862481957
38505569 47171983 456274036
277364908 298942845 800042713
619918609 645120788 329026605
268342748 292177978 624865263
494684704 513529829 414503245
509897571 531532785 237319387
490938629 509214331 925462732
46969599 50335738 409435566
997371699 995318286 672037838
227526308 242671621 346082126
201778396 220015084 961287842
752775883 754533025 633024903
357793284 362808196 329030132
942288481 959140896 318318635
904685885 923467993 361982427
800176221 824509762 356735997
679398180 694573317 831766443
446265041 472193218 438783976
919439753 939499336 153223253
120923301 130678432 381917992
683882791 698097979 190179928
605549115 631835909 959593015
883966551 910011170 96746602
409620054 428783732 284331608
392683325 396891947 657050843
436914403 463128051 467941893
420429277 437378198 769415562
740155814 740812068 298906493
27942846 36557645 459077165
890695519 917270531 20756687
558408387 590187764 748926666
934459564 950287333 276082838
790668940 812558950 507702332
471896568 497089079 885863088
533096440 558382489 482276195
124037738 137264256 695707306
504033626 526796028 575185952
33306579 39484526 11441940
710050753 718650169 725917081
413588311 432889968 936711949
428214756 450106465 944710206
141726193 161562549 780639958
377642692 384328108 917809480
518358399 540545655 682785286
754907932 754892698 772820338
502396997 522720239 348585873
953383164 966015776 326020078
158564202 181964304 476030864
426441485 446091850 328979740
220870222 232227344 427384399
149009376 167666791 810031797
446010471 472035506 938602111
553405839 583639726 643651598
823288247 851755696 555192604
818991493 848694354 815315470
818481912 847075922 853251530
576326710 609401447 171782529
300824509 321375522 757271215
808539524 833073322 439283328
691264152 704102556 387787114
651576264 674113580 720721993
839470625 868584232 968135052
331048726 347432724 362397465
755644642 757165312 561663726
223975750 237702997 188095214
258647313 277285552 742989123
698769747 710303065 338119406
276351137 298825013 504705494
691254309 704024107 571453761
755768999 758438238 989352628
923985172 943822736 119923875
449451246 478697301 396246316
300828249 321510370 865574322
812480615 840950569 273662394
468276517 491538304 179953270
621032431 648058907 73159575
320197652 337660827 241253536
828928502 856303396 778349341
240767031 258736158 478494001
953951990 969870592 916602478
376156146 384293426 139278599
777208574 789801873 473551381
701687280 712603446 512082341
814252548 843768109 105230537
519393043 541917952 476944692
998730748 996796388 58376923
805264445 827296546 77437299
698905248 711281323 553806525
149062124 167840567 104465227
287184144 303653519 333663459
522152558 546892772 639142707
769345679 772880729 775428773
445849086 470386517 88284622
363206055 364576233 408581597
489089184 506212571 632404215
281785133 302028398 559398111
527570083 549259640 692338615
673135699 693033011 652799965
836466885 861693866 827927962
392120262 396740809 957569157
389655214 394544040 815891565
896910247 920658885 367822528
919211955 939189701 239052369
86059536 88877795 610873117
186938844 211713856 958193663
953642803 967041892 12394713
558730182 590676005 497985331
74581266 75685395 151751867
830262413 857296368 642443249
964064348 972717858 145814515
782161192 798694153 807193783
21316595 28632741 206815190
871720453 899165567 849429799
929586315 949257983 569477066
77584713 76673641 85309860
61296349 61679296 31211345
14698114 17632616 811236853
308247221 326876556 948732693
913384407 934615613 810615769
296616132 319737250 165814389
950693765 962420499 987688748
342649009 353569737 56246030
246073281 266234911 577343662
775898013 782445994 984646698
167502472 190404905 803458974
67196610 66451996 613662979
84696677 87461210 898507308
394014400 397750187 224871140
517634938 540307551 910781537
644286766 668450117 904828200
372136165 373450242 362686420
135217200 154631470 310069058
193504822 215907609 564107646
123924066 134437349 694809550
632405153 660829402 300483624
942170013 959112225 312938315
390184926 395039130 766113019
104759421 110573138 608069471
802197930 825400188 813298824
891208999 917346814 641787086
760376860 763312211 204330930
507239336 530858673 733037575
530095321 553227540 448675935
196480308 218302893 528181145
432488358 453498231 597740203
59982405 56840140 35278999
364034526 365523178 572594501
889093898 912376682 376616935
441728204 469437802 462636219
666813053 689610879 841681412
110970632 119528508 146413646
746092428 750876974 597841947
167260123 188962656 6877289
183158849 205236312 511208723
806788281 830299574 25984535
490166263 509067586 981181302
561274304 591872204 208290794
130534276 147304201 309877740
720186541 720919674 372734112
917385345 938397372 3361484
938558036 951259607 320451152
527676180 550313896 407567179
815698978 846939819 795811873
272913432 296891956 556628815
92479928 92661019 1255062
437312493 464913640 401202291
744986620 749518462 951636231
110723217 119453098 85063651
436570664 456564276 751415035
749744724 751710906 83642536
37223772 43699981 575250483
175901114 202247875 819388825
394038997 397775250 685301679
874562914 900273663 792328894
223495460 237555647 339744772
225741184 239607399 818058581
714117149 719950701 635865433
130283131 147185764 41075749
406900221 420668068 291369893
555390267 589437230 175049843
559527705 591285511 322305967
922031436 941466189 418383985
395507100 402796519 956887426
698355138 708564875 819834715
834628679 857696638 731048512
395836819 405804813 549850137
588659011 619975219 58518103
84852758 87828475 860485499
67256966 69356448 618222667
885561076 911182934 670652827
89692728 89936260 710664153
168138310 192231540 914751393
501529942 518770252 716190127
387403948 392432072 638668018
814512962 843843287 858093104
158782091 182150624 643170544
469382150 491904108 299244971
40540671 47501708 941237386
192670381 214915862 572799586
776340650 782785716 462775152
293838336 312395247 192382640
356121060 362193295 528809846
303873234 324167522 324393819
362367860 362978917 205640973
411757683 432101441 134382651
857472768 882177060 699981665
596150464 625738262 336567574
622228234 649842876 181609034
261978101 278321092 708868081
781556569 798296673 588063812
189929327 213281808 47625184
737030615 739537169 640383339
142740881 162800613 408438047
17889123 22203553 111824260
940002564 958341342 567455595
545508197 575015529 71309263
332433460 347878548 827726318
735606533 735663949 698209860
892892182 918752522 186174442
994666536 990733471 468882800
306968586 326127135 764146178
979103442 982216091 458596563
637985041 663109246 697462962
889528973 914054096 949174970
632197108 660214631 899421555
532033644 557393641 79485867
430501845 451022371 722938324
358016089 362911066 111104659
831887021 857315687 691597702
64026245 63026187 984691294
742020401 747278373 921037798
994330215 989561360 290008319
372303059 376666574 121143000
788216705 808720454 795201171
320953526 338339476 521883887
297651821 321328774 744772465
882510875 905542440 786596252
44762334 48826107 813040299
931905156 949333768 694473650
779150907 790176544 743529647
126071545 143316568 75639325
74350176 75375288 862123894
204201373 223958409 350976383
458236782 482346069 380894844
119166977 125702196 206929066
387983892 392722066 322712183
610390789 635250589 446723573
783706644 803858783 941438279
924775934 945086817 992499611
418273613 434599942 17780665
799549586 822615922 657088230
158244676 179292046 279372887
533728400 559332899 357902529
344521366 354295459 118927658
905600955 925480153 148932060
877899578 903867149 771100973
729674209 725374738 775942876
335111883 349135594 62486064
670494042 691302219 701760279
777088136 785577845 833665426
222495089 237062554 988983066
521233135 544721552 107001350
751030734 753940956 869182891
144545871 164909797 754584849
542503734 568828217 611547452
41925481 47585110 835771757
404438414 420140863 254115043
570951380 602146747 559885821
529712389 551095894 318753306
914214975 935754029 810013931
228864228 248532971 95777904
853955499 879863216 820712254
702798241 715882424 318586359
997761725 995681016 838117185
781368283 797959153 355400639
319726652 337324282 644565206
548411483 578606551 221429157
294604766 316619207 577648838
1413786 1964736 735429543
678164399 694033484 603859955
595034869 624471097 503247245
740186672 741098462 871785642
495631605 514119656 361902924
799508839 821444640 295321561
899309384 920911837 357857831
522592923 548099766 292869340
696729449 708220583 372516172
821492287 850792231 969309793
276180332 298778985 750840972
309569275 330094382 784682572
811857952 838809646 781088290
448191093 476240376 726282471
633801906 662789382 176277678
960200272 971415029 358676421
205367215 224583532 646745617
919709454 939652048 2089483
608079626 632772465 961060961
156747391 175654341 314648929
464515174 490796294 973047166
131913693 149729112 963918448
558950222 590927008 173722475
114790203 124162118 257705320
123791846 131607116 652323906
623468414 650230138 268135085
99896686 101082546 219311983
193866681 215996626 597771840
355703610 359175424 181853942
736721502 737792840 872149491
487354652 504862492 105258931
30150784 38087211 924187507
140815595 161325102 291370121
914702350 937038262 655406823
55795249 55094198 2430233
186780747 211661536 720544624
861252824 887747196 298978530
612723896 639115478 136653288
265587324 285989780 479609971
146582480 166029121 857502405
607467699 632477753 796851247
901043262 921730395 80531302
246538291 269004789 362728260
288848650 306290400 150093377
2130605 2481003 498528442
161081456 183058380 936192541
267660832 287491989 587355109
96272189 95008466 460285653
224234740 238159125 940405902
903161428 922979876 686422878
69647449 71644072 975824282
744038819 747568903 472824745
409637575 429973199 800928807
783889131 805784669 701330587
253436802 269372980 967442840
429776285 450475013 256662788
958713195 970932921 668118464
699680170 712320449 638490156
124425973 140587680 33263456
565139182 594585004 551552416
546879786 577017217 516459215
818301600 847056108 361741667
642084027 663981738 736574074
582738028 617653283 796214035
292980323 311143254 967655194
969100427 976545402 514405636
520213070 542325716 874603993
278249790 299294751 218141855
294140736 314709025 532249762
337571036 350896036 207691322
581675290 614737810 132248732
859985265 885769509 978388041
370986880 372910759 190279828
396956334 407540081 409633336
617912575 643508283 655006651
896852635 920628170 455792554
877498829 902751370 242481886
632937173 662075169 166042579
523457541 548180819 49915531
780910126 794987879 614894901
670995565 691602312 891017155
741163928 744484340 852860136
842864352 871815124 56654906
511269229 533661175 700950052
663773268 683677859 527538746
792278484 817355691 981310247
83884023 82120946 642880702
186970980 212592535 656008147
363262647 364634657 174616782
835906872 859252059 296422792
124106460 137418494 272625709
229629313 250253418 988909126
999592414 998279352 800540817
540146335 568520915 905200207
432404933 453178554 987009786
46807402 50185162 416433121
686410009 701404873 1441654
243098969 263703777 787245752
369637576 372068536 53757497
768783307 771502272 89527151
96117146 94938138 288122335
408167555 421958268 767472150
581955732 615457634 854039150
58139581 56839657 293545695
400562142 416645547 695922801
651636747 675194725 341868217
920495549 940764854 729097596
380386516 387771397 677560967
580092039 613979494 412665179
242883552 262113579 333072024
183471611 206923013 163702650
563217414 593012034 234592614
997258886 995168823 620411109
784793892 806756587 464480956
220326814 230980094 81551884
855000731 881352683 535984257
172396757 195776938 8873940
197901665 219431152 922674990
616844772 642344349 114314313
65399788 65975194 765295514
337617882 351438067 353081764
566551827 596007281 506573504
226962873 242469820 647584358
520620739 542559176 242213388
660792849 683412675 592662428
228203439 245400651 461900220
821355289 849730662 716349973
307749204 326717542 131697936
91291120 91607341 251535297
306419469 324352386 191327213
131475174 147903202 136329528
135325242 155234035 950731364
2681604 2970746 922856747
925741288 945968723 419787281
262726258 280265443 159749543
644904486 669202241 919483948
435910574 456007258 951797710
824149151 852816304 842572918
230462965 252369768 610450642
372706154 377402987 270019052
157203740 176111167 462184575
387552600 392474871 816157975
663255599 683419485 499777076
29992070 38052751 742129101
849348438 873309320 219982973
172831703 197440713 346056430
563861527 593035621 787796849
872641846 899251304 526217170
790892813 812767742 956027891
411267494 431354150 363865858
635915852 663036492 84434212
624779310 650494528 24475492
770879456 777575719 337165581
76578342 76583042 788938245
869254428 896151133 974994811
476100637 498703821 354356242
586455916 618577179 406783696
557914505 590108130 47325508
18892630 23344716 721505572
858438350 882264625 225128226
26790778 33468563 722561256
424914221 446054672 314730986
201903336 220237876 974358362
373545402 380376855 457199326
912167469 929426643 672513894
567106057 597169984 594715217
458523082 488762582 680074841
597498066 627581565 868183083
407311171 421637151 846423629
933900691 950198850 251338818
293972782 314022836 664738758
657853392 681810512 566189658
686621432 702393897 675813695
744728643 748556526 214689551
87477701 89219080 108125159
433372196 455701390 780301378
108254134 114244938 832418398
917200414 938081678 26449593
701781926 714435661 598861582
137990282 155671375 463190482
398442276 412076290 291990027
949284144 960630404 122475952
170047581 193212091 664898555
172784797 196120155 630967505
906253980 927003634 925292937
681848637 696600175 873772621
489296437 508826898 568533741
985340118 986560318 300466893
52713588 52245012 5936079
883686935 907409768 884329317
367404495 368923508 489468600
426464452 449474811 309419945
681069192 695664131 212260400
161327775 183259602 71380569
733293645 732108006 496128136
493719595 512227527 702112023
654335068 676095816 460998700
281335172 301243736 391733264
30875016 38940266 781197334
68887727 71420300 181110721
492423021 510429711 365675291
503092522 524296193 335733038
723565991 722244598 854380712
220326347 230257172 958338395
995789527 991540879 912036128
158014886 176834752 951233305
289558096 308963501 507267329
631596956 656370344 777676065
491324374 509780398 950785294
269064198 295046947 404740038
498519346 515182487 656345029
332646877 348726925 894689294
498541255 518466083 440225922
557849263 589677407 947651721
965304171 973452067 787890469
120514509 128405407 451685992
338291641 352123431 102518069
124461360 140839635 538743836
203670425 221767021 520154458
867507347 891719126 52289005
218953297 227578837 461693307
660100733 682717180 523555377
380893850 389040095 511731246
156979058 175684731 348672838
403126127 418136745 770794817
602763684 629680756 121994186
330618989 344837010 318986104
111435276 121649942 113881224
647612798 670067910 223528535
284538528 302438184 623589008
61628456 61886327 194300415
926841797 947934301 464139603
951604365 965995196 788659892
680642306 695439783 293020796
772419148 779581952 588412645
944588891 959740659 681661502
84019540 82291893 664420603
724098909 723308754 231417834
329977545 343147527 977257568
106356533 111136550 548051623
449998880 478929870 705840616
16397740 21641695 475473712
157731969 176760186 997460136
552874861 580348865 435871437
64300737 64400915 56469099
734628469 733687808 74037196
870932955 898963459 94592802
458559516 490503679 472505583
963810902 972448714 733696808
193501601 215750596 407166776
30651336 38146992 21115538
949417617 960788134 98543911
102581969 105380614 899721881
266705319 286609882 16403400
109518502 115532942 940740400
406854534 420263298 609987684
733672201 732718100 584182282
447368548 474702559 384710130
989771324 987366777 860524818
811000597 833866306 840194691
244124000 264239149 213285909
173999762 201243920 336007782
870500451 898701623 445104239
518561784 541571600 503778578
608834911 633538636 69581148
837777935 861831183 954971520
234098983 254579085 723904671
240873105 260162126 296051639
820924041 849531213 791668817
619685711 644912854 395394735
375385614 380469170 784880549
579323767 612567357 707181534
66749629 66403936 978108553
653116817 675503733 634905885
476107072 499804392 534811439
849494875 876423477 34184964
54864581 52763994 107600865
240868375 259750284 701708691
398722346 414224542 487911821
161638404 186798031 578634924
407055127 420786242 854241109
780140710 790216332 439222021
531946390 557170072 174351623
156695585 175217515 756398654
511888939 533814313 865375353
587448090 619356354 551774791
751903914 754450144 47164112
971513932 979896888 320760739
663924747 683956081 742128878
693275684 707361481 331570023
138928531 157892760 946842125
