4000
3607 972 42474
7588 2976 24805
9128 63 38222
6182 1967 26823
876 7535 36666
5616 8261 44427
234 9993 16406
1558 4513 28296
1914 6625 25528
358 3482 17254
5167 7946 29733
4186 8971 21330
4916 1993 31830
8318 1964 39530
1918 9500 12142
5680 6001 25357
1588 595 21536
9477 7222 43364
9472 5998 36203
3769 6811 11505
3828 9160 12910
4740 5225 22011
1293 8259 29550
9329 9384 14045
4562 7489 22525
4010 9704 47366
6526 8851 27527
7449 8073 31913
455 3372 17721
7307 857 16713
2439 6091 21004
704 6009 31011
5578 1389 19197
5341 6071 26309
6058 5129 49550
7321 7138 48787
1225 6616 25021
323 3557 32519
573 4286 37699
2292 253 42200
2972 2041 10663
9401 4495 20910
6158 677 37514
6190 4761 18743
6309 6660 42529
1768 6480 40309
7872 5296 37912
5736 1190 21043
5351 7177 32022
4028 3066 42601
2 934 29723
2411 2686 31174
3849 5614 40023
6967 4248 18665
2453 8743 35419
1079 6724 49635
3720 9675 48756
2577 4123 21708
5535 9833 12010
247 3726 36622
5221 1320 12629
8639 7162 12848
5029 3181 16086
1244 9319 23630
4184 2056 11039
3413 4938 30551
2373 5115 31137
2921 1558 41297
6071 6148 39155
6456 244 41196
308 8340 40543
589 4785 32150
4090 8223 41785
7506 2937 40054
8323 434 36278
9743 4124 41671
9230 4318 18096
1581 3321 43570
3217 9079 44970
614 8481 38503
1295 5680 38103
6552 7273 10015
825 4762 20765
5543 7792 16164
9956 4882 17052
873 2323 47059
9643 7615 14382
5127 7441 21676
8076 7622 20153
5969 7003 42016
986 7205 39579
4991 4288 49938
6582 2606 11513
2719 5127 32530
3439 4103 29253
5021 6072 12249
5520 2290 35975
7393 4520 18489
5655 6630 42070
4264 9359 21175
4461 9485 15388
8434 5408 17601
8339 6013 30252
4256 8744 39028
9316 4303 23668
7064 4417 27720
9556 617 14383
9327 7397 31825
8223 6712 23225
5729 8581 42001
6765 2767 39419
7864 2410 22237
6488 3447 42767
4154 6494 41386
3766 2908 23499
7297 6161 42898
3887 3092 34928
3524 5419 24273
5948 3425 44766
9979 9016 30771
6100 5041 38940
7799 404 20017
8579 7440 44176
999 5104 48185
9895 1154 17567
8677 7039 15674
8236 1633 48171
6163 723 46804
9326 8304 31196
3586 1433 37175
1406 7711 46194
3390 4817 46885
4636 3422 35198
3190 1873 29242
6316 969 43745
8382 8548 26852
5151 4447 19029
513 9860 44218
8268 4160 44683
2983 5784 23512
3615 6753 44687
5952 9114 40737
9562 4616 12108
8070 8993 49945
3409 9676 45396
5840 4263 15083
1370 6489 35950
5220 8763 30807
8921 2275 42032
8828 8616 12268
4016 8804 14408
6342 2560 15919
9387 6654 20163
1255 2128 34084
5120 1421 31978
6123 5276 10111
4177 5738 26249
9470 3707 48350
1134 4250 37279
3056 9327 37396
2187 5350 35082
3386 6347 24452
9902 2419 42083
1145 4887 38242
5805 7300 49054
9375 4336 12092
7499 2047 24669
7585 8791 28287
1953 5064 36749
292 1043 14765
439 2781 42949
3570 9348 39149
334 189 15800
6814 5055 19066
313 5529 25686
3292 845 42443
5087 1319 11784
5337 1410 48077
4532 7361 45544
7914 1881 45853
3257 4484 43453
4344 8107 31987
5832 5938 20445
7327 9255 13933
3660 2297 44246
1452 5575 48586
8963 7909 16347
4436 6594 22657
392 4419 10707
7247 5922 37680
1100 5372 23381
4986 6527 32274
8228 8036 40220
1625 8709 10890
7164 6132 48685
2614 2387 11345
752 2433 30978
2189 8772 38251
1956 714 34634
2886 8882 23724
609 981 18703
4022 9002 45168
1115 2166 12175
6483 8932 29640
9418 1659 46469
9413 2397 43684
4156 9161 19764
5900 1662 47935
3579 581 47679
5546 305 11143
6536 8881 15345
4141 8145 24008
7986 6106 44439
3171 6357 21944
6969 3271 24553
9754 5789 47659
3244 2380 35487
248 4358 43210
3886 5607 12965
8074 7327 13141
1297 3211 47521
5529 7672 39807
3158 2892 27060
3901 6959 10458
9407 7999 22456
9806 3155 42477
6641 9469 10630
6354 4299 25654
9276 8266 33089
4445 4790 28107
9973 4725 17081
9645 8571 30349
4818 1518 25229
5137 4161 39001
5959 5312 30840
4699 4279 11758
4771 5845 32135
4559 6185 41723
2868 1755 43279
3876 3824 30050
2261 4366 13605
3758 8896 17105
2340 6795 42518
9328 3901 36510
3137 6679 41374
990 2571 25778
2788 5152 24732
7115 8711 38981
7768 7256 18727
593 261 25599
2813 8697 23349
9782 2948 36291
1893 4619 37230
5995 8491 10179
3153 2707 18177
2615 2528 29213
6075 3986 21392
3052 8935 15370
8455 3405 48002
1584 4485 40804
2368 5242 48307
5459 5963 49838
8043 9462 23281
9090 1577 43352
1008 80 34501
9190 8431 44712
8699 5531 11185
3067 7766 14243
4993 1231 37804
4919 5029 36173
5974 980 49151
532 5609 28969
404 3197 27460
1879 2396 38418
1357 6827 17012
1127 482 27133
1434 855 37088
4214 8592 20451
627 5317 40606
2234 5294 14039
9223 9166 37975
5276 4557 33636
9053 9901 27221
7366 1780 46713
3450 6585 22000
1721 662 39418
5602 8745 32598
3310 1549 22243
8880 4359 49642
5938 963 46141
9932 3076 14611
8844 3991 34676
2302 7841 34841
2534 3336 14678
2768 2452 31920
1576 7772 11077
5902 2008 27491
5666 8733 47681
3501 5081 11833
838 7331 34576
6818 8019 31285
5587 6864 25669
6069 3668 47319
4226 6504 15980
9569 7630 41769
1780 1489 45898
1541 207 12596
3642 3791 20109
347 7238 21753
4087 7101 35968
3956 2912 15529
4905 7057 45469
3633 8439 39248
4800 5002 20112
6369 2775 26275
8836 4194 43706
3678 5757 10262
1754 4816 49289
2879 9421 12317
1245 5665 37685
786 5836 37654
725 3957 29423
2225 2542 20900
6276 6505 30885
1488 6886 43892
3317 2878 40592
8372 9951 41629
9859 1393 10390
5961 3804 13086
5896 661 41089
603 4710 29646
1619 9055 33900
425 9695 49064
8994 8114 35804
7690 6729 43602
4987 8706 26281
6807 443 11207
5561 6517 10498
8020 1360 38988
3715 356 24838
6021 9746 41708
4732 2404 33599
836 4471 11997
4527 1294 17637
906 4152 23850
8398 5658 29282
2418 6310 12470
4788 5150 14929
7225 8447 19415
4197 628 33261
199 9995 22177
5753 7497 19300
3455 8118 18487
565 3940 22061
8375 7266 29491
3863 4164 38299
9136 7326 15608
6776 7763 19091
5207 9983 32189
2697 1865 13205
702 8677 41339
4061 7020 39137
8509 8614 12717
6214 9717 47421
8333 7111 45252
890 3382 17443
2541 3161 44341
6650 4486 32322
4703 2080 29274
9801 1670 12516
6128 2970 33493
9961 3885 13285
4810 763 11759
1981 2061 24807
3012 3016 17339
7112 6218 15715
9830 5649 28370
1270 5093 46269
5004 1624 36595
462 3921 16643
7461 7651 39636
4356 2049 12495
31 7207 12504
3659 5954 26858
8829 5900 37067
1350 2735 45662
9300 1243 22130
9633 2845 18050
3070 5263 43786
8064 1607 11912
9712 4227 20569
4988 7974 39849
3538 1990 25718
2023 3196 42249
1415 6720 23509
5875 2218 42709
7547 2280 13960
4613 9959 46439
4525 700 29132
2680 1567 28068
2999 8942 34602
3821 1371 34721
469 5122 18646
7437 7179 30966
1474 7058 41438
7777 6053 13851
1389 6204 44840
7137 1807 20463
6691 7695 40607
5712 8778 48205
8229 5708 13248
7662 1340 33773
1086 5704 24136
3437 9430 20221
108 1418 11847
1423 6330 12084
1612 509 22356
3628 4074 28844
5845 6317 27834
3836 6542 25563
9267 2960 23761
7944 6700 25291
522 1038 13726
3342 8650 44114
2803 5367 33865
88 7908 48217
4370 1535 27699
5936 2391 31334
2732 5124 16227
9213 200 35356
7727 3512 35239
4066 5869 38446
880 4438 20679
5259 917 19196
9614 2585 46160
3470 9486 21817
414 6354 24974
8625 8131 18483
3407 3758 38165
8501 5822 48233
1178 5993 10910
2121 7025 28732
9416 7952 22040
3299 8109 30975
1353 2059 11782
2281 7700 41331
727 7263 26694
1362 620 18039
4456 5107 10643
866 6725 38348
657 3759 15546
1185 9630 17578
3123 315 25432
6302 8300 47272
3477 5068 22281
2532 879 44075
3410 4805 13986
8154 408 44853
552 4913 30985
9479 9271 30147
5409 8970 21907
5437 2644 39918
4389 6726 17519
8965 169 21256
2201 9842 30482
3972 4313 49490
9102 5768 28133
5785 1437 20297
847 7859 42638
9198 2445 49195
3698 1346 15157
5638 1157 45301
8893 6515 37494
9231 1059 15862
3695 973 28519
3092 6067 29410
4426 7571 39490
8726 5729 43322
8936 2283 32624
7476 7005 47524
7603 2776 22046
7817 8824 45348
7912 9120 17054
7053 1661 20477
1573 693 11315
1075 1014 21846
5942 8545 44837
9309 7682 22974
7405 6591 18219
3704 7442 45559
8950 8084 28877
9148 2156 38314
563 7464 32805
8193 2282 42464
2855 8498 45280
2671 8325 31058
5494 7082 27455
1985 3441 33075
7948 4732 27183
3996 9292 14643
5823 989 21978
5556 1675 41116
6292 9216 39009
4271 1310 21176
9041 1217 20552
5319 2383 45343
7933 399 40097
5037 7813 38058
710 5764 32084
2445 5527 28332
3574 3597 15465
5410 9876 19469
3649 7782 33372
4448 4260 32238
9343 7161 10447
1143 7970 25232
3509 2324 18503
4578 8328 15542
8633 8230 30476
5475 9082 18744
5696 6714 39429
2060 5253 45375
1307 6674 25660
2455 2621 42856
5487 4330 20659
4635 2586 41201
8381 7993 28777
402 1137 39038
7825 3457 28292
2196 2856 12571
4873 1928 27529
6173 2770 11604
6791 5151 37099
4131 7091 38484
37 4930 11677
9459 6134 25304
6658 6642 41676
1622 8046 40771
6911 8823 44182
3048 9531 32613
9737 7086 35424
5034 5283 44196
3522 4477 22385
4817 4674 47123
6496 2502 31652
4603 9440 17173
6631 530 37317
5476 7995 10419
753 7945 22021
7156 8026 47984
7562 5467 35308
5257 4630 19308
3438 6228 46732
3506 9571 43974
7154 4601 37947
5593 7467 10718
3412 4718 49535
3997 2759 36654
8559 4964 42321
5499 8367 15451
4361 1816 16454
5819 1101 41836
1603 5547 22265
1366 2696 10978
5190 4605 44019
4621 2574 24715
4355 5979 44088
6581 1985 20952
5075 4751 49217
6357 5231 37518
5154 2871 47045
1311 5326 43989
8036 8632 39266
8240 1708 46101
136 6648 41569
3870 6329 44907
5661 6926 39993
6975 9041 22733
5915 3741 35628
428 8273 26911
7696 8021 19716
2600 6182 29954
2658 3507 11234
2843 125 13766
8856 1409 40863
3049 1979 25748
8265 7337 22560
6080 3402 32051
5023 8499 27486
1273 1644 13552
9087 5073 31477
4596 4222 48383
8185 8601 33119
5733 7363 36869
8987 9385 23022
7940 759 19176
5036 6787 14104
6917 2555 23104
8002 7887 20143
1506 4502 19222
7086 7413 36113
4539 1149 17963
2306 4332 39546
3645 3559 37984
7973 87 43843
1826 8609 40656
5790 8306 46756
784 1183 39995
7101 8857 45307
6575 6475 21322
7795 5422 14151
3116 3263 23141
7324 8573 17075
148 6988 16721
231 3310 14909
9176 6278 22677
3381 6861 12282
3483 8165 46258
8947 8364 42952
8463 4180 37916
7890 4680 23325
6210 7349 21913
7842 7010 26517
6674 4159 26825
2357 2017 34166
6083 3910 17322
5124 8980 35559
6101 3581 47497
7878 255 33719
4972 6386 22149
8113 8316 29627
2422 507 24481
6643 5921 11537
2200 9460 34861
792 2116 43362
3370 4709 20834
277 7315 45640
1716 1331 46532
2099 4418 33617
5534 6915 25067
9909 8583 49630
1629 3477 43113
6846 4079 41951
3921 4295 40336
7458 2363 42985
4368 2501 11340
3277 2361 22063
1224 7008 16361
7365 4943 30848
7139 1323 32266
9894 8941 33320
5566 7560 22109
4230 1507 39781
2421 7084 29818
1696 7412 49747
3134 3132 30227
9255 504 32531
8024 1133 15414
7756 2834 26518
5053 418 20009
4611 2750 29889
2593 2882 30201
9627 2807 23044
2703 4488 14965
4191 2855 14551
61 6222 44253
5629 9965 11392
7632 2027 27475
823 5431 35708
1571 810 23230
4502 2186 36682
3487 3004 23805
2448 8540 42536
7758 5194 26720
4000 8981 10894
2472 2204 13824
928 7745 42193
6778 6525 23194
670 2520 24322
5878 5758 46905
7070 7794 33231
3498 5985 48524
6291 5861 30174
1586 2110 20735
144 2587 30473
4269 6110 24876
7004 1754 47232
3256 47 19960
3131 8948 25613
804 2266 44932
3220 8765 12471
7066 8105 16735
4522 6470 19084
9876 3497 10221
3015 8303 25752
6990 7474 23937
3778 8010 45164
508 1528 44231
8619 2939 28356
1752 8558 39131
2268 1429 43249
7560 385 25636
5288 4797 20571
8062 8771 40270
4174 176 15624
2384 7341 33819
2077 4329 17775
8263 1682 29227
6636 222 23909
4682 9074 30034
8137 3834 35995
7923 7272 25476
1672 5448 30335
165 4907 16386
8860 3319 12259
9813 58 42897
2097 8386 22306
7850 1525 36210
7152 7793 39936
6388 248 13982
4404 8291 39838
2940 6543 17380
2029 9903 13720
7346 5653 15270
7982 4229 21966
4149 3746 36066
9235 193 42960
1856 3785 30317
1976 34 24042
9321 7896 13027
5049 7171 19954
8733 2719 48873
2068 1253 44733
5505 3445 35112
290 2278 24382
2087 2482 31963
8744 8433 12441
1888 9905 13167
7165 9732 20405
7734 1168 14358
2241 1741 29650
2356 5459 42805
6378 1023 14150
267 2746 13442
396 5131 47287
9508 9341 25677
3275 426 46753
9682 1958 11855
6111 7767 25927
6834 7836 29045
8998 6772 37978
5106 7954 38536
2181 2829 46729
4331 3475 24984
2323 5373 29829
7472 4655 48892
1617 4902 37649
6252 8290 38597
6539 3469 34589
1037 9418 36359
1249 5080 16722
8592 5215 15038
9540 7367 48477
5968 3964 26743
9185 2203 45729
7761 4081 18864
2232 1840 28704
1333 5883 12331
3304 9476 37071
8630 9839 48504
896 7882 44777
7702 8713 42901
4134 7078 30259
3957 7395 19258
703 1348 29808
1863 4549 12053
130 1556 28453
9320 3008 43450
4903 5876 44702
7520 9397 19988
4615 6865 17245
7253 60 27981
7862 6273 21144
9110 1829 27868
7666 2053 47208
3671 9376 45319
8208 3622 45617
538 3861 41954
2394 4097 28961
3513 1994 26899
821 5333 35518
4793 7175 16536
7517 6198 24630
9965 4407 11633
998 2940 17824
1146 5349 36407
2626 9091 38539
4612 6721 14874
7911 9683 11070
8394 6401 30469
5291 6853 41268
1315 9953 42761
8662 6502 48069
6687 5031 44769
6131 2796 17896
726 262 39692
9527 3148 24985
9377 6393 29396
8211 5052 24922
6005 698 47355
7686 2134 10072
3028 3020 12128
8210 7804 13178
8706 1658 37446
1591 6303 34867
2891 2730 38347
1409 9174 24495
3776 8862 39382
2991 9728 28389
5403 7026 38361
448 8774 24365
6328 7486 30706
9665 8182 14216
9338 713 43550
8313 3238 49173
2050 4602 47861
8573 6901 25738
8888 6269 22706
6548 301 48029
2442 6847 22142
4925 9560 31939
6941 8553 30937
8441 2860 20212
6617 3864 41528
4089 5279 39762
4181 6409 16655
9904 5842 20732
1866 7980 32726
3449 609 13478
2045 7210 12076
9149 7374 37987
2267 6093 29382
5001 7067 43627
7514 2321 43510
1841 9470 34557
7806 2219 37288
3912 5659 23275
3195 3992 44159
8180 2632 39848
7387 3789 29938
9130 1872 29465
9721 8770 35778
1403 8860 45663
3979 6822 44792
9921 501 36949
8308 6817 16413
9010 1171 44084
9473 6769 20422
1912 9931 17666
9992 3392 17462
66 4826 40397
9245 9904 14484
1821 8834 14129
2821 2841 22806
5006 295 41426
8233 2142 48038
2820 3338 46122
975 2216 22024
5512 8484 30279
9751 3714 25248
8104 6593 26997
9079 1167 16470
5807 1361 41362
1376 6090 25564
3427 3333 38402
2712 2057 44566
9653 9110 17916
8066 1053 20322
5253 7520 30716
922 7004 48125
6446 5827 29610
2748 1560 31773
1280 1453 47394
373 7239 13034
3625 9802 27824
9217 9752 43335
8770 525 16951
6785 2406 32152
4922 1913 23154
5590 5267 44923
1595 7483 39769
4627 5311 46813
9426 9700 39857
8006 9805 40662
5874 6301 37306
5701 2607 34705
2856 5871 42951
4371 5599 34745
7943 9616 16315
5583 8153 14311
6452 1980 47419
2271 6355 32348
8342 8457 13843
3197 3502 22160
9776 6718 37386
4531 485 19307
3039 171 26228
9099 6138 25649
7265 1238 10806
9805 679 21847
6341 1932 48703
8584 2968 16275
6878 4100 20299
7677 1115 36189
4125 5580 40214
4876 3168 18412
1009 7052 34074
353 5524 32041
1690 1316 42793
3075 5351 14920
8684 3384 46677
4716 6075 27895
645 8961 15717
1177 1129 37100
9295 9389 33147
9677 4522 35105
4590 5048 34427
2325 1571 19252
9822 5088 42250
1253 1584 28649
3953 6821 33459
5861 937 40665
5827 479 15738
8032 9400 16366
4672 3279 27395
1995 4703 19225
7319 3761 30492
1106 237 21027
8188 217 48120
4171 7761 35039
6905 761 23776
7249 5901 34353
4897 678 17025
9704 7339 33299
6884 3108 42933
9507 69 15302
5763 9633 24092
2731 7158 11337
3447 5489 25760
1095 8374 24971
5693 7075 40938
7412 3118 42036
6482 4693 24975
3797 1551 13011
2379 4897 29478
1598 1159 40686
3323 9578 27087
6947 764 11037
9862 8593 18518
4780 8543 14147
6589 7076 11825
7763 1366 12694
8045 2642 27632
5954 9611 37463
8735 8417 47763
1861 7169 44944
9333 2692 41154
1321 6614 24272
2881 4205 27653
2174 9894 21841
4083 2270 18072
7011 5156 23217
6543 325 25383
3682 4874 38599
6593 6611 16101
1773 6372 17546
9260 4984 30236
4345 4996 27076
5904 9467 10240
9618 6164 34016
9155 7698 18899
3057 6059 49187
8664 270 24761
4300 4842 11617
5706 1175 14276
8954 1287 45876
8369 3309 39935
4633 3595 11575
203 3231 15852
6605 3129 31105
8502 5357 46131
1472 182 28547
4625 2752 11631
185 8728 31040
4772 5309 14503
2028 403 23472
6590 6953 17345
5850 486 11626
3224 1817 15595
9681 831 43582
9848 136 26875
4086 5579 11608
3674 1370 44261
4068 3079 26879
6763 9405 25024
387 4028 25107
1312 4743 33967
2724 6756 21732
5722 2722 46646
9275 341 33645
6336 703 24062
9092 8552 34472
9935 1726 12318
2346 9762 14290
2563 5464 12253
5465 3057 25771
6716 2721 12843
3989 6626 49783
9441 9819 30091
5433 4038 26098
4752 4935 46387
3883 9678 31261
4899 8465 39132
778 4414 21887
9580 2974 20922
4599 9256 18698
5732 7389 19400
6025 314 49315
1940 7723 42213
4229 6183 17982
4357 3968 21231
492 9288 39515
1763 2374 30950
4166 2782 41582
3051 7574 44142
3002 1847 21560
5378 5020 13484
2249 8396 35353
5251 8135 26460
2156 8397 20518
6120 6898 46501
8022 7514 39276
7606 7604 28239
7904 7354 27877
2873 9037 33667
5017 138 45673
1983 7362 32703
1609 2590 12525
3468 2256 35172
1670 8002 44269
9494 767 13507
2433 2847 46948
560 9742 40443
5684 6467 19559
691 3278 38622
7280 3481 24240
5290 9473 21303
5895 1501 38169
9086 3841 32270
1659 9999 43035
7950 4552 36919
4380 8437 23478
32 2894 47625
1828 760 35004
7736 310 26758
1930 630 18480
5274 5859 45784
9071 8409 45835
4721 1385 33629
6247 6227 34363
4785 8938 29736
596 3975 47354
7037 8366 33253
7177 9059 43894
7133 5510 49693
8648 6675 16210
8646 6875 28309
285 4704 34489
4678 7870 19972
7229 8399 39365
138 2999 22219
759 7857 45278
9697 2897 25774
2496 5247 46843
9266 9258 29855
6894 7216 41102
9971 4748 47468
2708 2318 39948
9714 1968 47312
9250 1113 48097
7951 2389 45676
3295 5432 21945
735 8867 48298
7849 4537 14052
8826 9906 34829
4889 9654 39782
6082 4184 47382
3248 3454 43446
770 2272 25645
8276 7563 37584
932 5053 46032
2003 7768 40126
6588 8832 15502
282 8618 10819
2917 5626 37135
1964 7368 25006
7919 5642 25388
3460 8276 48070
5184 7852 11584
1543 3511 15843
7525 9539 47868
6052 1799 32580
5828 9483 28642
5067 9133 41046
155 6902 43877
1322 2390 42763
5275 720 12720
8181 729 10672
9154 8850 38912
7634 589 19442
9886 5297 12239
1569 6548 35181
8082 6007 26375
6596 5500 30745
4858 4852 14480
6838 9856 29574
8159 7966 24443
3107 8244 42349
4323 7949 32527
4850 9535 44017
6530 4385 14065
9571 8855 12623
1059 6976 31581
1417 4912 33475
7323 3490 24360
9955 5082 24319
9012 7237 12075
6277 3139 21441
6414 4019 39976
3300 155 22026
5646 3233 45698
2764 7302 24288
856 890 15466
6900 5986 34959
7493 2935 32991
5747 7253 17475
7522 9139 28557
1250 4443 14919
8112 15 31098
2629 2570 45944
1170 6868 28498
3301 1627 15799
2969 2494 24470
223 2428 37595
1784 9618 46111
681 2403 20105
1593 3501 14443
7913 3232 45581
8483 9794 29633
4746 6955 41560
8341 6499 44260
8867 870 37726
1062 6776 26559
4778 6879 29898
535 9072 33204
6933 3777 35000
8283 538 19847
5964 5702 15137
9640 8490 16873
2902 3665 22748
3424 712 35430
5905 1532 44396
5539 9112 40635
7750 2372 28478
5620 8207 17999
2728 7924 25783
837 4436 18828
4965 962 37155
2040 181 10949
6243 5018 25816
2812 3697 31935
8426 6699 11260
7827 7791 14616
5872 1626 16557
6312 9136 15563
3701 4068 36484
3294 909 12397
5330 6282 26552
5665 6644 33294
4542 1200 16364
2576 1075 40213
2134 4992 16633
4386 4003 14558
6714 9087 21240
6667 7958 26585
3585 9027 42819
3936 6912 28866
8754 1952 14345
8028 4083 24210
9680 942 31950
2221 2112 25051
1000 5125 38365
9611 9652 48970
8363 2071 46947
7639 1814 45299
2817 4618 37041
8861 4199 41130
5721 2260 27361
1337 6531 34292
1034 214 39543
8196 3664 34000
4212 3135 13903
3984 5825 12024
7176 8296 41163
1477 355 19407
6171 8652 38448
4935 4890 39581
8589 3240 10100
4619 9015 21534
3987 4981 33142
9683 986 28352
9396 8453 43566
7353 5105 38541
1844 7184 44910
2339 3889 43949
3848 8829 26183
472 9941 16988
4973 6422 26986
5463 2081 40447
3829 7871 18548
7813 266 34124
3488 9837 17709
660 3317 47126
1776 6855 39036
5391 9435 14296
3133 9978 38092
6494 9506 46003
1883 9019 10930
4853 4778 13887
7894 6701 31228
7361 4168 12954
6390 6239 20814
1179 839 28391
9097 9665 13229
7091 5886 49084
2689 1362 48357
5530 5462 24435
3530 545 28401
2270 5920 20183
4020 2850 16045
988 2745 36053
8392 7015 23619
3186 702 34337
1147 6786 46641
1470 8660 19547
9265 5541 43317
9864 6098 16729
2677 9159 12560
4751 913 45546
4820 9380 32500
5258 1025 34222
907 350 18440
2180 705 25396
7928 4832 42554
3572 1364 33234
7767 8210 33859
6840 1169 10193
4942 4274 30115
6700 2628 34790
5575 2636 37423
2722 8955 10746
2872 8060 43140
543 3542 44961
8835 2780 36847
902 3043 45971
4465 2655 43436
51 9081 18467
2224 9352 40522
3431 4224 23687
76 9579 36112
4274 8379 31239
4002 6851 21398
1676 5794 20599
685 7093 16624
2116 1124 42481
8259 2258 45492
4007 2675 40694
3542 9921 37853
4015 9606 46560
5061 5388 31591
639 4042 46401
5833 1424 23771
3000 6781 18993
818 3120 26373
9273 4445 16693
2341 9880 16403
8917 6703 38320
7832 4705 27718
1825 7032 37408
7654 1498 21092
900 8227 20845
43 2833 47670
5867 8375 27203
4429 8871 39151
4126 519 35560
1966 4207 26447
4314 5790 23187
7468 6978 48342
8914 2408 23121
5250 4542 26221
187 541 48705
9962 2306 35316
5009 5799 18796
1679 3564 25730
8183 4894 11884
7995 3897 33821
2348 8159 28822
526 6519 41485
7809 1030 33902
4111 3077 44630
8080 3923 15423
6707 9505 24888
4558 208 49302
8490 5761 24121
537 880 17639
9568 8926 36409
5469 5278 45213
6119 5754 32660
7350 1902 46253
8515 1469 30717
3440 7454 35843
4360 8959 36630
9449 3212 23488
9169 1917 32312
6089 5674 30503
3806 4238 48141
1025 7627 21456
2637 5342 36544
2699 7195 35816
1065 9115 23673
5271 6651 28072
3973 1954 17790
5880 1727 40976
7835 1753 26527
3759 886 30240
6051 8642 49944
9214 7079 47987
8658 1177 24207
372 6633 31984
4249 5821 35422
1797 4528 47467
5829 1843 20745
4023 8775 48959
2894 7847 14521
6515 2734 21130
4343 7960 30383
9659 1479 30000
1514 401 14569
1275 7338 49323
3994 5390 17232
533 5499 41081
5626 7911 49087
3845 2662 18884
4524 7834 42645
6651 1314 19215
1853 2341 23610
8468 5617 13842
9863 8906 46954
5299 2554 14251
6046 6029 22762
5109 6641 40340
6056 5874 29302
5618 9507 14514
1823 1833 45065
8370 7754 42900
2142 9321 43534
6767 8977 47689
1492 3654 48365
7848 6159 20211
7390 1232 32239
797 6022 40120
5364 5004 27669
7407 9006 41440
4890 9221 26408
7174 4717 31968
9966 5395 21048
5117 2373 18338
2464 8337 22755
2288 1810 35415
5192 2421 33812
1001 3688 17229
1636 5926 49036
4198 9471 27860
8038 8607 23623
4462 1717 26380
733 6199 27647
2218 9994 44591
977 1688 18584
3145 8526 41499
4544 924 25834
6534 863 20849
2777 1769 15952
3309 5026 40451
1922 2371 22812
8738 129 19154
4930 9223 12888
3825 7496 35548
6043 5934 22152
4155 6015 35021
2398 8225 18662
6383 1536 17674
9625 3157 33961
7144 5226 36560
3624 9417 18246
4085 186 19069
5642 2663 26376
2793 3210 16927
7753 9326 47244
9883 9547 22997
5311 2378 30558
2769 1894 20691
9634 7706 46460
6780 6111 20962
8018 12 22928
5734 9536 10283
9524 8878 13109
8607 8740 44024
5731 738 27984
1548 4200 21774
8745 3522 48457
7257 1112 35775
4702 7977 38692
4907 4794 19676
1463 5944 27355
7276 2978 38603
3443 5990 45135
9915 9768 34827
894 3169 15879
8041 2344 20315
2161 4380 11060
3007 6376 19411
2202 1766 27055
7445 9032 15335
4880 6698 39650
978 4142 20777
3046 9861 15288
2560 2137 45931
2509 7733 31807
3329 8071 15290
6062 3929 35726
8760 5907 14238
5674 697 18507
8491 1793 48988
4014 2177 16669
3875 8617 48049
1314 8562 32373
7464 5669 31006
5089 7044 47110
9554 6749 17807
4971 4793 36802
4753 8334 15845
5172 4640 29147
3084 2941 44680
3840 152 29277
7502 4120 33597
8383 5435 40609
9336 8510 25597
2353 1009 37096
2044 7469 46723
8260 878 23302
6104 2106 35887
9718 7083 39436
2091 4401 26496
4485 7108 45253
5985 3586 45496
4866 51 36320
7550 8349 18262
1184 123 15499
1002 9031 21436
3502 6397 21642
7103 472 48294
6439 9230 23693
2851 6889 48079
6963 428 15793
4359 9589 46675
4837 1248 24770
7240 6968 15029
9946 3277 24071
1282 9699 26128
1017 3327 48908
1084 7092 38520
9244 5240 19497
7879 4567 35615
2623 7292 48912
1221 4242 12503
3515 3001 48327
3596 5953 19833
958 6909 46824
8797 773 36516
7141 387 16793
4164 1317 32488
7865 4635 48982
3896 247 12028
2374 9763 26151
9304 8213 41554
2243 6424 42940
7439 6963 14186
3324 3418 18123
3003 8840 11902
858 6810 16279
2880 9303 24530
9707 7094 39608
9299 3853 10545
1699 5795 35108
4509 8923 43309
94 4426 27676
6949 4375 34555
9456 3267 25923
4765 2388 44930
1901 8800 47917
5180 225 43891
5846 1297 40501
6230 2120 22036
3166 5551 22605
3119 1279 33530
2861 9926 10273
7085 7172 15530
2182 4987 11874
9752 4752 16343
7846 8241 42746
2968 789 47949
2370 4372 31515
204 6618 22836
7155 5056 40537
2253 6843 36536
4012 8344 35106
214 5143 35016
3808 4090 41074
2474 8808 25545
5657 6014 28096
3260 6131 40096
9210 5620 32757
7691 4346 48758
4255 4326 34797
2511 4035 40871
590 8612 37910
7573 1430 23967
9779 5391 28565
8577 8667 25700
3480 8814 44889
4529 5076 47409
632 8250 20584
2216 9674 18639
7423 768 22191
3764 1299 48213
7597 5420 30629
4437 1744 31845
3844 3689 10535
9945 4624 26476
7939 7265 12616
722 7652 48088
6925 7488 21460
5073 3666 27862
7433 9035 14376
1050 7587 13708
2320 4032 36242
2844 3088 41969
9699 7605 10414
6937 3635 24879
3647 939 12986
9968 8103 19549
2378 6115 12904
7148 380 39712
6737 5472 21543
4139 4215 14613
6258 3340 11925
2052 2785 14390
2497 5724 30017
1653 1046 48461
4586 7384 37709
3518 7335 35828
780 1933 49690
4631 1711 11335
2025 3745 38714
2836 1071 19898
5312 6583 35035
2871 4062 23350
1214 1460 33223
8586 1155 39420
78 5671 26948
1621 5889 27736
2995 5111 11828
3176 3999 31975
7532 9849 45683
7785 3854 17777
5671 7666 16587
7040 9938 41290
4802 8551 17043
611 957 39646
5170 9985 45215
9367 7529 40945
3175 9275 29581
4101 3476 44865
7724 5441 26210
1368 5965 30462
4494 2095 41935
6881 9627 43678
805 4243 40814
9563 91 25105
5416 4467 29883
9179 429 15618
7523 7679 43290
1420 4851 39931
4934 7031 33892
1268 1963 49076
3479 2100 14774
8356 2649 28027
6125 2812 48341
9297 2429 35269
829 3499 27043
9705 9172 34334
895 4708 47469
2779 8234 48573
9247 9603 40060
7454 4936 24944
2981 637 28747
7714 1772 10060
1837 6362 10926
6503 7858 45950
1973 8987 31282
791 5477 27368
5730 3998 24809
5287 4045 41749
8262 372 40944
5263 822 16197
1525 3280 22855
9898 462 35086
9365 6469 26206
4893 4469 37489
9423 8646 49379
2082 724 18714
3036 7006 31615
5947 8575 17632
1602 3904 18376
7679 3073 15564
5740 1876 45983
7935 6789 37174
617 1899 18694
2115 8368 41088
517 1622 38845
1349 7324 46867
7452 7123 22203
5698 405 10554
3261 7657 28015
5658 2916 47918
4994 2094 17057
909 5852 11554
2746 9000 38823
2417 9944 36573
7434 4900 29805
6726 7200 11189
8742 2337 16982
4109 4921 37486
8234 5770 24455
9577 4253 39064
8161 2918 43060
9484 1350 17530
1254 9299 15770
9585 82 11099
2403 6934 27871
6979 6396 24567
1413 3524 46719
2733 3762 31465
5627 3577 22405
3327 8066 16842
7209 4498 38403
8769 8902 12699
6108 204 31310
2354 8979 23764
3951 4896 40834
245 8515 11870
8117 6160 13490
5775 6535 35676
6571 3899 46005
521 2226 46869
1693 5520 48886
2112 4098 19550
8823 9030 18204
4443 4524 42545
1153 7249 19802
258 1868 44072
9209 9334 35875
4808 1759 20075
3799 1625 19058
1855 3304 46204
6551 4787 25058
3493 1614 47672
2905 8998 25719
71 2676 28787
867 2369 27001
6305 48 13103
718 5019 16118
5582 3031 48043
3312 7379 35624
6009 5981 21028
411 2936 30513
2092 5466 19208
8853 0 11557
745 3747 27660
8635 7141 22734
4704 6130 17840
9337 5929 15967
64 2238 23772
4865 5831 26002
9228 422 42033
1633 9162 37395
5516 4877 22181
9196 1891 36657
1692 3193 46792
6187 2819 33229
9820 2386 38109
4030 3180 16283
8852 4610 38927
4649 6524 44113
5179 2193 47360
8787 1731 20673
3668 6717 39779
9205 1953 14231
6288 5065 38182
1795 5413 44962
9272 9274 32528
4316 1207 45831
8892 837 15419
1674 3080 34805
6559 7783 32182
9871 6437 47439
113 3060 18505
924 4119 28470
6853 331 23142
2334 5456 33276
442 731 49277
5242 9167 10384
4294 1040 14908
7482 4969 31399
6862 3015 48784
3316 955 48715
1117 5881 24835
5958 3058 49528
4572 7481 37833
9573 240 18239
7926 6011 25290
4614 2084 16134
2907 1223 43443
2845 9328 44992
3037 1002 14472
5741 1126 25987
5332 8683 43049
9654 3588 13580
1534 885 15175
4287 7186 17334
5809 2603 44332
997 9085 45193
1142 5400 29077
4168 3706 10706
9839 6049 16590
3526 1694 22689
3593 7524 49777
8865 5301 25965
4604 2207 34689
9518 2898 15567
434 6592 34244
228 8031 10309
7929 1198 49941
4025 2315 16801
6984 7718 13206
1781 4779 26182
8822 8342 10657
5931 395 16869
1102 7975 16649
9379 6466 29738
7535 6463 37790
4170 3662 24366
1486 3350 44499
3835 6114 24283
2367 1443 43578
2093 7160 18342
9393 7125 39068
6640 1522 40382
5585 3071 41815
852 1531 44319
3985 3734 32957
9740 3908 35519
6014 8163 10787
3676 8877 47453
1731 8195 33470
8089 9168 33004
4276 8032 48310
5026 13 15958
5262 6647 24947
1829 4197 33986
2391 8838 44831
6546 9714 17436
2490 4545 22311
9487 1713 37714
985 2799 17350
6135 9525 27752
9054 6653 33582
6389 8313 42423
8851 4998 37030
1521 7697 38444
488 1425 39544
9815 8232 48654
701 3152 28967
3394 832 34895
9069 1247 29673
6759 453 26978
7254 5334 30104
951 9362 11175
4286 8158 19916
4848 5560 44394
286 505 41280
2168 4256 38408
5326 6449 42277
2447 4818 38096
9035 7632 21865
7294 8839 46838
8896 9514 25189
6204 1695 18399
2996 6690 19461
5426 7085 40359
2213 6340 22225
8207 7825 44252
5603 9643 22428
1242 1487 30087
4803 195 17212
2562 6478 33957
1851 1486 29135
5773 1921 33835
6869 4910 29959
3081 4470 29010
6774 7372 38882
318 9188 11493
8258 1088 21938
2887 8240 45087
2510 146 40190
1427 1971 22517
4176 9455 14409
2484 3017 23977
9135 5288 46356
8629 2466 22310
6579 296 49717
8524 1908 12106
2949 6537 40338
9619 3256 37556
4813 6693 30651
7110 1832 47260
8924 1089 39694
58 2798 30849
9609 3783 15703
9112 8630 22661
757 8738 33646
2545 8137 43179
6822 5070 41342
6090 2529 20875
3750 7837 47164
2723 7642 28002
3419 3318 47981
483 3531 41803
2666 8475 48186
5640 858 32779
4969 1021 29442
3864 5725 37890
8845 6215 30949
5606 6027 22343
8872 5668 29498
916 5639 41127
7089 1951 37433
4189 7544 34103
1430 7350 46731
1241 445 20897
3172 5291 20514
8541 1066 19712
8785 7213 11227
2322 6935 45327
7698 3357 25238
1429 777 28099
3099 4801 38991
6366 3033 39972
1401 5988 16365
4382 8198 48683
9787 242 28598
1348 8854 21282
8162 4983 22616
5079 179 23094
652 1555 37911
1012 2977 24526
4057 1858 13774
1405 3176 22641
1887 3255 49731
2653 8444 37749
5919 2124 35593
1673 5844 21368
550 7303 37603
3038 9686 39066
5485 9619 10857
5370 9639 46630
6518 5535 24260
6479 4804 46389
1877 3556 16356
1391 2099 14471
7524 26 12551
8279 7167 47269
6690 6447 42883
3086 4494 45669
5834 1033 29664
2709 8541 37769
7320 9863 16433
3993 3752 35191
2096 5348 24327
6885 2377 45095
564 3727 32732
3629 7277 42548
8400 5102 44790
7185 3122 30484
6768 8155 46531
696 7722 45175
2665 94 46355
6663 9829 41942
9546 3787 15349
7663 3955 47719
5491 7411 17628
9744 7322 13805
5199 1227 38678
7667 8197 47889
7362 6046 38918
3191 6882 31523
2551 8899 17901
6307 353 45900
2109 887 46027
4809 7478 37565
6525 570 15006
8003 3744 41673
6250 8339 17016
1790 1093 13735
915 7460 33293
5328 9815 39438
571 8418 11461
2890 3412 41265
4333 3065 28194
7887 3334 19949
6018 7282 16003
551 4290 44278
209 7242 11811
9201 20 46232
1501 5130 18459
8908 393 28550
7946 2060 26160
7235 6017 11083
1428 7548 19959
2896 7590 42574
8526 8101 43356
3565 4472 24075
2675 4386 27560
9631 2640 45814
1305 8506 42701
7153 9388 41022
7332 526 12062
6954 7828 33766
8176 1629 16417
9142 4289 48476
4867 8726 28457
5871 8146 14497
2513 140 21718
6867 8936 37294
8578 1672 33164
6794 681 39077
9715 6947 31258
4366 1295 39961
9180 5270 28314
6711 4006 49552
7134 5891 45601
6010 2308 25918
9251 7807 20644
2098 7024 40685
6037 5035 34853
3232 6436 28074
9485 3285 43120
6928 919 46745
5197 8314 16014
4896 6805 35870
5198 9549 37453
307 5138 10568
1818 3890 41319
1497 1856 16550
6153 1063 22278
6172 9187 24592
4535 5353 24658
7829 6028 13243
50 9231 37010
213 7910 18119
4209 1271 39822
3673 9237 11926
9772 4462 19124
355 9558 35799
5085 861 26219
1109 302 29690
7126 8911 43761
9686 2495 24023
8439 2609 20404
3384 9233 19435
4812 9314 39328
1923 6341 29790
4822 2598 25384
2849 6829 38037
2130 7268 18758
7790 7380 15463
546 5421 29170
9747 3047 27672
2632 2146 26234
5612 3051 42184
1929 2036 14522
9639 2933 22235
87 4988 19652
5916 2973 28316
8554 5206 13792
9505 5488 13460
884 1138 40567
4433 4928 46495
6209 1036 18257
7888 1687 45453
8225 5 21051
9837 3629 36726
5549 2635 42432
4081 1363 22039
1308 7476 25812
2376 3299 23750
9127 5835 34144
459 6079 49369
1066 613 35608
7994 85 32015
7820 6809 38457
8644 644 36057
5162 9398 49394
2537 4736 37133
7166 2000 11436
1868 7456 48072
9269 6747 19864
7450 1268 20367
6278 7687 43538
8571 6311 40489
2016 8258 21410
2053 2178 46772
1216 2773 42027
9745 1922 14593
4262 7065 38392
4459 8025 28253
3499 5974 28477
4048 8859 30707
2344 8009 41529
3235 842 23624
5989 928 32903
7793 6368 42146
1791 6533 27416
109 9047 22885
8512 9523 49765
54 7756 30660
6362 4734 12383
3208 9575 37061
6951 9980 32192
1453 2170 37182
3716 9563 44315
6923 7174 47359
9074 5072 35801
8932 3592 49733
7262 3836 13924
5617 3413 46392
8812 2535 39101
2194 8160 40379
3320 78 27180
5778 1026 20403
2837 8789 19243
6257 7498 15790
9951 591 16658
0 8531 10581
4159 3670 47921
7019 9680 16574
4133 7796 39006
4060 79 36139
881 116 47417
8678 4446 38147
9672 8715 20874
1379 424 47783
5720 5437 28264
4452 1186 37977
73 8608 37901
6966 3573 17609
6259 6297 40368
7508 19 34455
1945 4587 22147
1592 6952 47734
5005 2517 11918
962 2231 26246
5171 8681 27598
1892 6899 29616
1266 7340 30416
883 2844 27640
9486 7113 24063
5233 2962 31254
2054 621 31680
3949 2350 34048
5357 8916 27396
3890 6279 15589
9521 4179 11363
7769 3546 34638
6284 2821 30579
6864 8400 23688
4284 6292 20126
5310 1573 26924
3305 7890 20292
4637 259 10821
9773 7307 32680
3995 9949 48112
6715 4963 19059
875 3185 39253
8595 7699 27582
9641 73 28724
6353 7211 39683
6677 3913 30543
7513 6842 14114
7528 7983 37477
4049 2289 48948
8116 2658 33295
5289 8511 34088
2704 8148 47993
2774 6761 16827
3800 4831 37508
167 4449 33230
8939 8982 25854
5183 8597 32544
1393 4048 34154
3621 2828 38623
1537 2245 33181
7725 2966 10579
311 6302 31347
4835 6195 22941
2419 7291 15362
6666 7536 33845
8355 9285 42107
2927 1029 18411
5454 8984 19192
8101 8430 22972
7485 2317 22224
9402 7471 10095
5568 8038 38805
1794 9520 46997
236 8975 38345
2970 7070 32419
3164 5033 37427
6514 8288 29888
1373 6026 12063
1765 1315 41173
7480 2747 21219
1328 7569 28405
1762 838 37293
1951 995 13382
8078 3488 42415
5751 2295 15783
2360 4015 47809
7716 601 35704
6961 4599 37055
7077 8326 26470
4989 8546 11722
2634 3234 11865
7746 2145 31858
1711 6483 28181
2706 8470 18946
3929 9818 34801
9489 9238 28647
319 7951 29414
8218 7387 25227
9108 7943 39526
2735 7985 48424
8561 3917 10268
814 2050 24620
5101 1007 19499
2217 8953 34029
8144 7737 40634
5354 4128 18911
6919 1631 10223
7322 9322 25648
7202 9927 40776
4347 8852 44106
1522 9057 24703
5794 32 49358
9831 9554 31050
7553 9534 35447
8001 2140 48300
9765 7888 16117
5443 7612 45997
3937 3055 40041
4921 675 47071
9464 8532 17297
5450 3426 12903
3076 7899 39014
2578 9830 21067
6830 7720 26869
758 3525 38726
7650 8633 37900
2895 6454 30805
802 847 21537
5787 8281 36922
9188 7838 41050
3434 1145 46687
8990 2569 11110
7272 1568 36605
7270 7142 23206
4291 2964 48680
4576 5873 10816
2430 1870 23182
1560 4283 15432
9652 1647 31102
3206 7243 48398
4609 8957 38822
2521 4978 20775
6891 648 29605
2061 5057 13807
4193 7118 46660
9749 4754 37512
4733 6492 34117
731 8154 26482
7299 2653 33037
1655 4932 26124
7191 1912 28051
2934 3858 10958
159 2013 11851
9437 3427 27047
5738 1211 42159
337 6445 13214
5107 367 15440
675 2202 32391
6752 9509 45371
4749 6353 44596
9119 5268 43454
3900 6740 44080
762 701 24983
615 3339 45083
7534 9896 49718
8531 4065 30659
2721 3945 25753
2740 2651 18045
4121 3375 45886
7479 1008 31726
9547 7832 14866
7969 3086 35727
1023 3887 12740
3242 361 45800
6217 930 25857
314 9219 13186
3231 1524 37384
3204 7558 15148
1766 3526 14289
8410 8883 20053
9919 2771 11064
2318 7774 28263
2780 7663 37937
190 4694 35996
5318 5872 19031
3055 709 19994
7102 7376 36281
5136 1931 27134
4204 2405 18320
2338 2251 44328
6113 2926 40411
4376 8292 41622
3290 8634 38997
5116 743 49059
4208 6800 35650
8073 7935 33334
2204 2208 14860
5580 2507 23674
5165 7308 47380
7385 6375 35509
4553 4506 33870
1881 1417 46987
2282 4799 46144
5508 9843 40745
570 7653 27953
9602 156 41110
7792 3090 35535
9808 6966 17374
205 6166 21399
9429 7556 28959
3718 9093 45392
6874 5563 38060
100 4510 10338
5043 5666 19025
8710 3934 23262
4886 9054 27329
3965 4667 42092
4236 2905 21057
6820 4654 40150
1286 4206 34547
6234 6247 47933
5982 9604 15519
259 4923 15356
3636 9077 15726
1082 5775 18153
9476 4946 25874
5669 2924 46409
7160 7565 20991
5963 5692 47684
6364 3822 46571
388 6719 48498
9964 7477 20125
2559 4461 16269
5562 5011 37189
3977 1690 10793
9708 289 30280
9345 8719 27790
2515 8294 20795
9997 8381 12600
5567 6974 20498
4416 6856 40727
8257 2353 46886
8200 1906 33076
983 765 43644
6671 9155 38358
3867 2016 40990
281 5756 19394
7900 7023 27172
6723 9811 14257
6812 2810 46955
4207 1341 12451
2773 8005 24012
5869 5882 12811
506 1960 25789
1963 6151 31508
5405 2032 16541
9325 9 15268
788 2910 19836
2556 89 29886
8214 8111 40253
7819 415 35280
4564 7591 43094
1395 4840 49813
1070 9477 24093
6499 7189 38866
8217 1575 32905
1128 3365 38203
5238 8286 36105
9143 6737 12162
7694 5128 20570
2823 390 43852
612 823 48020
8543 1090 49746
7915 2790 16829
7309 8402 22906
4040 5315 22230
967 5924 40078
3520 1065 25336
9447 3939 28222
857 9662 19930
2827 9247 20063
3893 6419 42658
6750 8190 32280
7860 6911 20933
2173 9177 32941
5484 4016 33363
511 7675 47218
809 8739 47357
8618 6238 18954
1243 8626 37229
351 4756 32927
5764 8233 42708
2701 2271 26833
536 5415 10870
953 7365 18425
7351 593 33170
2386 8343 22016
7954 2005 18846
3594 9685 45706
6319 7146 38422
3576 1893 28208
9630 7868 24329
1505 4172 18742
3161 9740 10463
6222 9095 18216
6782 6752 38043
2958 1378 32573
3879 6632 20935
842 6867 33026
2088 494 39296
629 303 26029
1654 211 48902
7592 5548 42964
408 7398 30138
5899 9116 35949
8414 6268 32651
453 9214 34437
3400 7103 43400
8470 717 45593
2776 8700 30424
8256 3928 32658
4483 5878 41651
3832 4500 34854
9414 9799 45621
5636 9347 29152
8351 112 33760
7111 9371 36757
5572 2913 37639
9976 8665 36368
1804 665 11804
2899 1608 26540
6887 2823 19875
4104 6333 26674
3926 8293 39509
3382 2338 47309
5466 4011 16939
4011 3702 20411
9996 6146 21558
4279 4903 20938
2589 4944 16230
6675 4397 32139
8645 6406 45579
706 6849 40059
1232 1510 20485
7422 1508 16340
2925 6194 30185
9655 6335 13036
993 3320 14254
3063 9582 41536
2366 2454 14440
1715 4306 31549
6213 3618 24235
1760 4854 30604
9918 6750 32341
3160 6451 32259
8170 4613 37417
4629 6142 13234
1686 3247 18240
8632 8086 38887
5064 23 30083
2416 6262 34864
335 8122 44381
2468 646 14040
8324 6293 30150
3805 4822 47958
7548 7779 45918
9538 7060 41033
4107 1338 19296
7752 3272 19144
5241 7419 21615
4960 2693 21629
4062 3829 48721
833 461 38917
8875 5163 41576
7770 8341 22781
6201 7786 48167
5210 6481 45345
8905 5830 43577
9232 6377 43964
2107 3379 28047
7805 9942 16223
3842 2342 26821
2535 6211 22110
6020 8356 20741
1630 3536 13145
5960 7503 19063
8968 5644 17210
5373 5848 48149
5392 6112 12039
1873 1039 24750
345 5959 41491
5105 6085 35369
3980 8972 32989
3802 1312 39648
741 6846 23898
4507 5490 41783
4565 4112 38386
5449 4864 29576
2420 1404 21415
9362 6285 45603
9475 3626 36532
5083 218 41946
8401 2197 47261
7377 5867 26548
666 8835 29201
4036 9123 28128
3021 6734 20145
653 3159 42695
1237 959 43214
2850 8144 23788
9703 8605 22979
7029 4404 21320
9150 8138 12262
6637 6429 34127
692 3203 39672
9656 4257 49045
8301 7143 22732
2326 4392 40613
6300 1285 43893
8393 3988 44276
5757 6209 22989
3287 1892 43053
9063 5936 20013
1108 9962 47211
6197 3146 38427
8219 1929 22042
1426 892 48425
7830 7747 12043
6031 2006 46464
7024 1617 37882
3714 9609 34237
1885 9128 41087
5441 2672 12645
649 9666 24794
4338 3571 19907
8548 4105 23008
338 9284 36819
9957 5454 31799
3459 4025 43664
5797 4973 27132
3114 8285 37666
2945 9608 41545
5628 1557 28077
7505 5446 21508
485 4371 29237
4056 5303 27106
7420 1919 36758
9067 4474 35978
2603 5987 15239
5687 5332 21500
2480 9576 36880
4358 9766 29971
263 5809 40977
4714 4247 43278
2730 1397 48981
461 5995 25659
8478 5217 40269
5232 1704 49702
3111 8450 19948
6413 2286 35441
1812 561 34001
9352 86 39596
6851 4410 18747
4481 4453 15296
7561 9199 17167
7016 4563 14781
5791 7921 17045
1741 6060 44416
8040 7401 48117
2140 3243 41138
4489 905 27023
1020 5054 34633
524 6549 31917
8079 2515 39314
4860 7742 11666
8465 3831 44098
7747 9664 13496
6875 4328 30869
8656 5000 46384
6648 9243 34902
5016 8825 10521
5557 3183 37859
9798 7979 27900
1028 6167 24187
386 3768 32178
4446 5915 34539
7614 4608 49604
3366 4322 16122
3016 4533 27558
9369 2784 27712
2081 9602 45792
4444 2690 29990
9838 6779 44130
9596 5200 37739
5579 8958 25523
4856 5550 26427
888 231 22719
7754 8377 21087
1999 2358 11917
7897 5024 12133
2630 9977 40955
798 9503 43676
3923 2068 25896
8182 9785 17356
1705 4163 17483
518 9308 27814
1055 7736 36317
9017 9596 30271
7314 2886 19711
960 782 30548
4488 4586 39226
2687 6755 36781
5359 8588 38746
3162 9767 11134
4417 7197 37132
3189 9493 47324
2152 2132 11711
9657 7148 23571
7966 4945 33675
265 8 30542
1816 4131 44492
5633 2842 17861
3281 6713 27240
4523 7098 45185
7638 3091 11442
5126 9048 48998
4661 2885 16346
4221 7528 27021
8325 6312 16058
9305 323 39354
4898 2148 10807
9780 6080 36645
119 5942 42134
8708 2749 23746
8261 3237 35640
7656 3732 31964
4069 8848 37233
793 6921 14190
1720 2102 29133
8764 1478 19273
1891 9024 16920
4477 6152 18824
9542 876 30102
9582 1098 43795
6478 7107 30618
2757 8939 32832
6825 160 10767
3943 4091 35047
1173 8542 37708
2043 4666 12434
9509 7577 36876
616 6352 33757
7317 8271 12473
1508 8922 32737
298 5244 27970
5923 373 12692
3250 8354 45224
6848 2814 49207
6199 6324 42710
8431 4663 13081
4521 2157 29387
2431 8089 11437
8285 9132 37004
5235 735 26608
8919 1130 17222
8902 7981 36648
2564 6025 44682
6339 5338 13380
1365 7343 33109
6061 119 23883
6293 594 42944
9382 8132 25037
5309 4367 44397
8239 5203 28878
4754 4320 33620
3512 492 42375
278 753 49833
5215 3788 38931
124 7461 20970
9049 787 28053
3115 4688 20854
4648 6948 21334
4601 8357 29070
9623 2879 26352
917 4268 42094
9293 2491 20144
2875 2665 21113
2056 7927 45643
3097 5892 13945
6168 3288 14630
2057 1883 16966
1291 28 12228
6772 3316 14701
4373 3731 25278
5099 6528 20727
1807 6145 23632
3050 608 43357
235 6942 47795
2810 8494 46939
1566 2349 44179
3353 8973 24656
1733 9870 18308
6699 8604 48297
7130 7831 25482
9667 7487 24545
6132 6294 38232
6459 2182 23893
3925 6221 33853
2628 375 37562
561 5502 17948
4319 4621 26148
6449 8924 21140
8506 6927 12862
3020 5147 12054
2967 1778 48332
2802 8249 36176
445 1109 48502
7131 1305 26055
2631 592 20366
105 1888 42194
4280 9415 46407
5254 8692 47872
9790 4022 42774
4654 2762 40346
8683 3881 44376
9227 4189 15199
1252 2196 30278
1528 5722 25579
9874 8191 22320
954 7305 32446
8873 9364 24864
7840 1757 34417
6007 4102 43740
7643 7797 31057
4227 3882 40206
3581 7385 35924
1208 6513 12841
3336 3718 43774
7529 9106 46136
2238 2111 46875
6296 2181 20107
6165 6254 23431
3352 7521 45091
8472 6331 35701
2781 7545 20079
8151 4399 15320
6804 6735 36128
4692 9208 39145
4712 9340 49576
3597 7427 19645
1531 853 20666
8780 1205 39112
4464 8577 44974
3457 8755 36772
1681 2161 35954
5255 2459 44174
9520 2592 47596
451 5227 25928
7135 7248 30154
2751 1821 33770
9637 4553 27812
8511 5198 18331
7442 4798 49931
7192 4064 25360
2102 656 41650
6023 531 16333
7927 376 41329
4742 5186 29561
4864 9369 33854
2738 5654 17431
1910 4298 14535
9552 4211 47974
3774 6387 37403
2694 5572 37058
9420 2637 25205
4891 2448 14543
4293 2533 20613
5877 5403 25839
8203 875 42719
9151 8574 15497
7570 8119 14846
1747 4076 36187
969 7170 31035
346 6754 44640
9560 2079 46849
4329 1405 43763
5725 264 36797
4944 6170 35070
7082 3175 10185
57 4109 31404
1667 8336 28714
7664 5306 45922
1996 6850 37849
2324 7437 39765
7411 8443 22020
7186 1336 21449
2853 9211 17200
3775 2247 23212
558 820 41083
7540 2046 20944
160 4225 39717
4385 1445 10923
5853 3054 38098
7178 4857 46826
9920 7505 39142
2143 762 24387
4575 1648 19106
7925 4169 16260
4622 8219 22647
6078 8245 28297
5891 1869 15109
7030 2943 41230
1192 6030 35916
9024 5201 29743
306 4765 26760
8989 5615 39679
9977 4527 49372
9463 8477 18243
7839 6826 24725
5608 1165 26634
6407 3312 41263
8593 532 22907
4794 7905 41774
5849 4561 28742
8068 9333 17887
6916 2753 12052
2640 4834 27141
3589 215 36996
4346 8664 38338
8367 2851 45426
3207 8385 38415
384 9946 30162
3654 8277 31130
4430 8769 20587
1540 6862 36986
7069 6923 27492
4283 5140 45916
1836 4570 31754
4879 796 14235
5670 5171 37448
6315 2360 27138
8686 5451 21347
4520 8217 23762
4538 691 31336
7427 9698 30094
8525 4559 40707
891 3683 35335
1478 7562 36827
8191 4352 17240
4475 3687 16545
8679 1502 47531
1857 9119 25317
2491 1547 24334
3146 6979 42131
2833 6891 43689
8903 5219 35104
7997 9923 49257
9897 6384 25926
7992 6852 14196
477 2424 21047
1620 9191 31535
6141 7279 31815
9307 6242 38164
6229 8324 41318
9189 3188 49848
9781 5823 42604
3878 4261 37776
6330 297 12603
8749 9283 22128
3302 8714 11111
4557 9865 11124
8095 9936 49775
8911 5266 43196
6913 5377 31737
2304 7501 20915
1093 9353 37746
5435 6334 39609
7015 6266 36002
3689 5197 20965
8935 8482 37412
1524 2253 47323
4438 856 18667
4423 3814 11478
6457 3721 16416
7438 4049 42124
6603 9781 26287
1688 2824 43555
2744 918 43425
5639 6032 35665
2013 8995 14862
5115 8168 22572
3697 7784 25027
8244 1651 49647
4463 3735 45973
6734 3444 48939
7859 8805 36526
5509 1073 39820
1374 4609 25742
7605 4581 29380
575 9180 49284
188 7824 41971
505 4899 28819
5981 2534 27589
8734 1520 13389
3548 7415 49817
4409 267 10255
4677 7047 36921
2808 4271 36853
8361 1493 33924
1819 4043 42810
775 5340 39666
9043 3645 13827
8961 1604 49972
6629 2742 39404
2131 4719 31992
8558 2853 26471
7062 3954 29951
6474 9780 48933
3337 9457 48924
6932 4670 41889
1882 9715 34112
2597 3886 44309
7490 5015 49851
2782 5117 37210
4497 2464 19831
7376 1226 42211
8109 3540 28336
4571 8270 17302
7312 7183 28606
4643 1897 25214
3760 163 37669
9036 669 25509
8226 5154 37972
4807 5682 35545
4577 227 13133
3787 650 18609
2656 8894 25162
8248 1474 37828
4033 8621 29677
3077 6960 43957
494 7830 11309
6873 9716 24415
7336 683 32147
2051 2077 14158
569 324 27599
5148 8096 26617
4322 4701 44866
1123 2874 28611
2663 7955 15846
9443 8656 15323
3072 1395 26291
3877 284 10260
8432 8661 23018
4031 1654 40138
9310 7040 38024
1290 7012 32990
1563 65 42528
2684 7553 43987
5430 7515 32667
6432 2699 31602
4052 122 13710
6808 8147 49648
6326 8999 18247
613 1982 15522
6159 7364 43442
6544 3736 23076
1683 6759 46102
470 5237 13686
2198 3764 17604
8747 238 40784
4422 4614 11839
2715 2366 12293
5761 6359 16116
8566 5796 36601
2745 8052 41613
8900 8587 37684
7400 9029 27501
7308 8376 11489
1801 68 42974
7010 1050 25898
557 6820 25846
6829 816 28579
6313 9111 25053
6609 7289 30923
7399 6360 31646
2946 1606 22333
8838 8831 34911
6550 8584 26432
2125 6229 14636
2599 9825 22408
7367 3869 37198
9078 9441 26304
9115 8619 19647
1265 4700 17954
5688 2789 14444
416 998 25594
2215 9246 25915
7378 8206 40731
366 1885 48652
2034 7523 46386
7599 9245 21044
1775 4323 17603
5360 3401 43594
120 1388 41324
1664 4922 11761
626 1734 14857
7169 8110 22287
3567 9381 16739
5531 7647 27829
7441 9336 29360
8737 5254 29207
512 8783 30718
6240 5779 20847
326 4369 18705
328 7348 48093
502 3306 28034
1087 4237 13714
8516 4620 26203
9771 5630 16202
1088 3614 18148
4504 1987 44441
6751 3013 14490
854 6545 17870
468 4511 19992
8532 6041 40266
9156 1439 41045
7684 3374 28431
5246 8682 18926
531 9737 15395
8609 7669 24771
2835 4531 42309
4764 7913 36296
9912 8142 22634
6424 1151 12395
5830 164 12936
8500 3737 26357
128 8221 49839
6074 3434 13327
6050 8404 28884
5468 4138 36987
8084 64 12878
8437 1989 24576
9021 6116 26165
2147 8347 40879
3959 4412 36402
8748 4382 49165
4821 6263 28313
3392 5144 10639
6338 7246 48607
8067 7137 47250
215 1777 42918
4985 8749 34413
9493 8074 29286
8520 3972 40975
2655 6567 44067
3213 6848 23468
2205 4478 44334
3614 8448 30514
2429 6897 29816
458 1000 41557
4947 6407 20778
8485 5521 43719
7379 6461 34395
5035 9003 27911
7025 5598 10007
6382 2575 27488
6591 6577 43726
6096 5698 34789
1599 660 22758
9278 4096 45079
9649 2588 32288
6618 2085 32720
8546 517 32095
15 4240 21074
7157 912 24238
1015 2756 26567
1589 1411 44149
851 9810 49698
1712 7959 45780
9082 9124 27936
6602 674 10167
3983 7848 22580
3532 8863 33622
2101 8075 39654
2155 5587 11638
4178 6605 26797
2947 2622 34411
5743 4178 42594
6697 6840 14923
6944 4398 13650
2179 7648 21900
4706 8599 13403
1304 8937 47593
8657 4649 29830
5436 9889 16232
5462 7406 31894
4681 5894 44768
1319 5360 34402
8274 3128 45858
2105 3383 10638
9949 70 36836
3862 7359 25019
2308 3717 28368
5086 4233 43563
6028 2634 49126
5758 8754 47313
6467 7116 32244
4082 3227 38741
9940 3200 45820
8841 6219 28359
5380 5458 10163
4727 1776 33899
6769 5126 28572
2002 9465 45394
5598 1236 46297
1101 1530 21547
601 9330 16484
5316 3287 17951
3359 4185 45152
7883 4519 46340
4974 1911 28705
2860 6462 49719
3523 9446 23398
2066 6425 31738
3712 8756 13232
8357 3535 37169
175 8845 25471
9841 3878 11107
1046 8880 45463
9995 4931 14271
3106 7588 47632
2278 3816 41185
1105 9279 36724
7780 2261 24145
3004 2891 32978
1215 5188 10181
5442 9988 42292
7688 8007 16005
4685 3487 45650
4182 4082 36954
9376 110 18525
6721 2737 39594
2667 473 25628
2035 154 15942
863 6511 18717
1077 2731 43588
6649 6624 38009
9642 750 25209
3411 7933 38424
8849 9143 18041
4213 1779 17944
6701 1241 17742
2443 8793 17219
6127 7661 15767
5576 1161 12048
9660 4750 37647
955 4888 16439
5068 8029 46061
2743 1541 24680
5970 8729 38420
7669 5594 38733
3005 1373 23222
9129 2717 48840
5597 7206 39100
5200 1202 12180
1063 4455 29963
7607 923 16228
2333 7944 39346
6112 1379 22671
6531 9366 11951
3546 4838 43743
8582 8802 40986
6570 3291 21553
4392 4209 33671
8569 4280 27034
3249 2431 15722
871 9964 43944
4091 671 22464
9579 3116 46832
583 4508 40678
238 7926 14028
2473 7378 31206
8298 2475 23780
4826 5175 19770
4185 7971 21519
9594 1809 36615
8585 8990 45010
5132 5389 43343
5667 811 49564
9262 46 24829
8707 3704 49555
4351 3325 19099
6898 3089 23009
2729 6318 22161
2129 1864 13394
4608 3813 46057
6679 5608 49573
1180 6068 28486
2133 3860 46522
1053 9796 35017
8986 5656 29557
1874 3067 26052
6907 3436 41719
2555 9373 30563
8840 249 28421
8533 8121 49213
2734 4924 28064
63 8310 10105
8462 5425 43569
9026 975 25969
9195 9749 12475
5082 9332 30886
250 6636 47129
7208 7594 13238
8790 9679 41937
9006 7276 21165
8237 6941 35718
6349 3795 20522
567 2264 36531
4844 4302 11562
4384 3344 20948
8446 6665 16762
5295 1813 37682
9646 6366 24161
1725 9320 31934
6940 8819 47810
5214 1228 21283
592 4536 38693
3734 6069 22091
5762 551 21363
7230 513 26732
3809 6240 18684
7369 118 46455
525 5505 15476
1031 3506 36049
8756 9301 46010
3395 5611 23205
5844 6825 36271
3454 5483 29526
8864 402 38864
4203 8224 13599
9469 7525 11055
4074 4628 14942
644 8514 27271
2283 6456 35658
3093 4262 10355
8487 9094 37612
4773 5166 48326
1124 1132 28280
6280 9991 16740
2604 2654 19561
275 84 48732
6426 7644 37151
1096 7166 28838
9537 7719 42324
5139 8501 40582
3112 1745 35900
1675 6790 30012
7972 8462 34341
2639 8930 20656
3344 7817 48794
7773 7886 36700
5457 8555 48348
6704 2175 15200
8319 9809 16177
9364 6854 32208
2971 9840 17539
2451 9272 17517
1135 1225 46612
6117 9228 33969
4289 4190 24217
3686 7898 10104
2108 6877 19820
5932 654 13658
5912 6572 25279
2505 431 15837
6993 5453 33506
598 8680 31189
9342 2248 23081
9869 1147 21171
9967 1611 45306
3945 4597 40449
4394 2426 14589
4874 5218 25023
1126 9257 25541
9159 2958 45667
2305 6596 34871
1419 1884 49670
8721 6501 32140
6821 8106 33664
7874 8176 41055
3662 6573 18016
4940 1288 42593
3822 1127 34198
6553 6308 48938
8746 7599 16094
1181 9176 12447
2538 2839 32283
9908 1384 36277
9812 916 31774
7358 3722 16175
5941 7452 18391
2252 3153 44167
7645 5855 13637
3136 1114 19529
7554 4733 34477
4766 7559 21621
1898 4059 33488
3763 612 13101
1211 9564 45609
7804 3560 47759
8373 1768 20989
4769 40 38136
3169 5581 49380
5333 5397 22017
2605 2325 28471
6242 7035 42739
5945 2168 18664
192 4986 42208
6694 4830 24460
5838 9711 26034
9991 3206 22486
9998 7022 20671
4745 5096 38657
9816 2462 10226
180 3693 15275
4234 8887 49083
2557 599 27270
9157 4356 42752
6813 5721 17534
5514 7112 42122
9134 1427 20169
5883 3599 30967
4735 1069 49744
1306 932 18626
1189 7330 15185
3514 6156 28094
5858 8360 49918
9804 5645 29093
8309 8753 24756
6601 9310 10076
3783 652 19501
6784 8704 12222
813 2442 26374
9632 1738 49295
3157 7982 26208
5814 8136 16172
3481 2451 42488
8390 611 30158
1745 8820 37878
5492 8662 37732
131 6870 16459
9791 2040 36154
1516 8275 49401
9853 9423 11662
7895 9468 37154
8448 4413 36786
6176 8807 19884
9286 9681 45793
720 5860 20838
4594 4040 28735
9706 8123 32619
9120 8780 39440
2425 3483 33051
8778 3995 41926
7640 4422 40435
2830 3407 22788
2928 6876 36671
3779 9754 41149
2507 7224 27638
3975 3123 40835
1339 903 22433
264 9548 13357
5090 8099 19914
2383 2048 17094
8855 2450 33792
7543 5588 39959
4175 8509 23778
2676 3069 23540
5765 8041 46108
143 5354 40898
1734 5769 39847
9914 5854 18616
69 9195 19809
7274 7864 31188
3476 1107 18152
6333 2723 17454
7526 7948 23439
8440 9374 14047
8703 455 48389
1894 3948 32272
3033 2678 45941
2330 2343 47541
7659 7613 13976
519 379 33428
3600 6904 18167
9529 4763 24728
2705 9933 31225
4693 9049 23351
3595 9706 35605
1129 4292 45106
7834 6226 49484
4349 2738 42616
6334 2989 42768
1703 6536 36718
5329 4594 13504
9162 2697 40924
8774 3107 20559
3 5604 12216
853 8560 23456
29 5826 27516
2778 5999 13793
9373 1986 30289
5273 1434 47764
9828 2928 42689
7760 2979 40070
663 5027 12641
648 7470 13208
605 6421 12568
2707 9812 36833
7150 7998 15108
7674 4210 21481
4549 3038 45896
5525 2336 38979
7885 1326 15393
8385 6435 49247
7245 6610 18941
5818 7800 41228
3378 6477 38899
1810 6395 25330
6465 4575 36885
6392 4534 28443
5406 9311 17313
5147 1022 21376
4219 9892 25739
2465 641 12611
7671 6413 36667
2514 4027 47995
1542 127 32308
1507 7542 30541
6092 4919 18269
3933 2550 39022
9427 4747 20061
6938 1380 14660
2454 7087 35380
7601 2497 35802
132 5980 49774
4675 9857 46651
8923 1091 46775
7633 3323 13134
5272 2453 10583
3549 9008 35223
361 1344 48449
2212 2698 20646
5131 2581 14915
892 3174 26610
7956 3730 35209
5222 9205 47328
3672 3638 34812
9564 3160 34161
2150 3126 10473
9811 8622 49530
7568 1017 13870
2395 7235 37072
715 7586 40192
3765 9309 32326
2203 9565 15666
6286 9096 39606
3939 8712 45921
4708 1578 29948
8289 1403 13154
3140 784 22227
3583 6905 46432
9219 1016 19313
9248 2076 37996
5506 265 28531
7723 3113 32399
7538 5469 37349
9567 4991 31134
7087 1973 34155
970 8539 44432
3343 8781 20249
2638 8124 43034
7816 9113 28625
2033 2624 22377
5076 5100 32032
5098 4993 20912
6211 4092 11205
8007 5733 29821
237 8480 13740
8284 6019 42602
6980 7900 11573
4789 3410 12667
4148 3612 42994
3663 4685 24307
4305 9526 42468
6987 4056 14467
8391 1116 20244
7129 416 39945
4350 9919 20731
4647 1523 12959
8638 7564 35037
6399 2097 15229
5788 8570 35984
4904 1079 33745
4543 3388 29609
5897 8856 14205
1272 5651 26754
1451 5956 22874
9408 4044 34756
877 7435 20791
350 4760 49711
4248 1698 36222
4982 3035 32974
8482 3048 34497
8793 5025 35584
154 9039 14656
8380 9553 49030
6896 8382 45416
6412 8246 24852
9424 4541 32463
5889 5438 38772
5315 357 24171
4032 8398 24364
8124 4166 10921
6235 5224 34187
1932 9555 30272
8347 4862 23077
5503 8278 19264
7331 9774 17569
2504 7444 12691
1260 8082 42000
939 983 30744
4242 3582 17452
7692 5412 27177
5950 8134 24467
6246 5314 49370
6055 3753 32145
4440 2594 42252
4705 8283 30055
7706 1237 48778
6866 5879 36463
8254 1267 48911
1223 2028 33618
9351 7904 47953
1228 9331 40633
3744 9145 30369
8402 4746 18990
9907 7781 49953
9600 3705 47878
5668 2531 27359
6044 7580 10238
2620 9401 22478
3345 7724 24090
4757 8095 40632
2114 1984 44210
9500 2225 41452
3401 8438 48984
7644 5084 35476
4998 4706 24958
2785 9433 25624
5723 2244 23137
8149 688 20566
1119 5319 41335
3922 9234 43697
3348 1752 26127
8417 2837 33566
4931 8094 10586
3521 4532 37350
4260 8485 32801
4847 9731 45020
6109 6871 20286
3040 4272 36694
4948 732 36808
8600 9426 23549
1318 6108 21730
7182 153 18831
9077 5492 19808
5955 5232 24252
2483 5627 34394
6584 3733 38322
5347 5516 38859
4079 2205 20309
6471 2610 24775
9388 3421 18819
6177 386 31427
3475 5948 32026
495 7997 21678
6642 4278 18854
4674 2461 41997
6991 5589 27959
8804 1877 31148
1727 263 30614
4119 5383 10680
1614 3608 41341
9823 7127 12586
6788 841 35103
7649 577 47407
9553 4114 28407
8680 4565 13035
5158 6063 43559
8521 3710 31142
8456 9147 15547
3564 6488 47091
2000 5246 41385
5169 3044 22845
3569 4348 23391
1708 8671 16432
5191 5777 22176
13 1436 21008
8143 3093 38507
3429 2078 26144
3432 5123 43389
1149 3815 26130
3796 9801 31438
9733 2794 35183
3540 230 20652
6886 8910 47965
7722 5132 32673
3306 4942 44648
7613 1233 35684
2583 1100 14438
7316 6971 42639
5453 2200 21643
6973 3513 46527
872 5763 32028
9 2348 22089
5831 2758 9266
9939 3463 42225
1997 9907 21814
6684 9480 18998
9093 4113 16000
2414 2739 15691
363 5298 11333
1601 1842 30352
6654 6428 16267
2350 1586 6100
3533 9726 10442
1666 5195 22751
8224 1683 8142
1325 6539 2094
2038 941 32296
7263 2552 38315
1424 3944 7683
4641 6169 17282
5352 330 33697
6225 7526 19699
544 795 7673
2317 2276 43009
415 754 22945
4320 1450 47433
5610 7011 11121
8013 7329 21819
8072 6288 2319
697 381 7664
1624 6656 12363
6592 1146 11816
4540 9324 25309
3293 7422 20696
6871 5751 26480
2172 6271 46250
9890 3461 4845
8132 745 10934
9482 9546 4227
8145 1391 8971
7988 931 18224
6615 7391 38257
5600 9158 37777
254 9813 9890
1718 799 34999
7757 3749 36010
2924 3347 28639
6048 7976 32040
5081 8809 1173
2662 2164 24554
500 3498 8737
1642 6136 25127
6224 9783 47305
6955 1301 11472
6335 1748 24401
2493 573 42133
2959 3636 35755
3534 1831 33311
9385 9854 21649
7735 6 8317
4194 4126 45756
9846 9844 9347
1298 143 38473
7814 5336 33238
5760 4361 45509
9870 1503 48740
407 8295 26697
820 483 17308
1931 9761 12859
6297 3918 20942
8675 1515 28641
8758 835 41244
6893 8792 22896
5296 5394 10752
288 7502 41444
6065 6792 18702
6350 1539 46117
2918 6171 6657
7370 8690 44303
8153 1554 32612
5678 6244 8975
9204 8027 32407
9014 8034 27968
8158 6946 23020
7 2414 14218
2994 834 27654
8718 1701 9044
3960 8707 25200
4434 1078 1560
8709 298 16537
3219 8513 46561
6285 8380 34404
1416 5120 37291
7060 5172 45851
2255 2849 28660
3719 1192 42095
6156 1482 45449
4996 1185 6050
3082 8659 39223
1730 3458 21174
5458 9789 35515
4153 4037 22761
6430 5856 7519
8314 7375 499
9226 6361 5408
7537 352 36587
6653 1527 37908
5939 7618 3986
7128 7157 6060
7421 4505 8898
4073 4665 44312
3264 3313 27299
9193 8724 15805
7707 4730 31752
9530 8886 15119
5859 3620 21593
1849 5930 44602
9673 9586 7397
8253 9877 6734
3831 4099 19506
5681 8353 21566
3362 4232 5115
4933 3259 45047
4035 3950 32398
559 2625 10679
6373 8459 39483
5153 2657 43259
1490 6084 45024
8581 2187 16080
9237 1773 5213
3122 1209 10642
4512 6295 46143
9901 2034 20617
1072 3852 12693
6098 4150 48430
6041 366 3888
7237 7254 11551
255 1795 36522
6093 471 12624
4585 7068 8906
4617 3771 41234
8415 4151 49179
547 5590 17154
3223 440 6652
9523 4933 11741
91 3962 35019
7991 9541 37517
9893 6907 35897
2962 9184 9766
9334 6234 42998
1071 1210 29901
2010 1104 18109
2587 4111 24785
5388 625 41026
8519 4153 9923
9975 6710 25493
4795 3097 5260
913 6998 42967
3793 2420 35534
2806 1720 837
9289 3039 3711
1274 2302 23548
1899 1216 26628
9513 1751 24249
116 3984 14200
8232 1723 38812
2485 1229 39224
2915 7988 24846
1518 72 2711
8243 5174 43585
1210 9378 6826
7789 2351 1800
1195 5209 17805
2711 3473 41359
10 3204 23116
8606 2667 33452
9865 1256 11343
887 9122 25474
6218 7585 349
5802 9351 2613
2527 4835 16430
1262 5457 27899
3963 8963 16653
7579 5558 31242
698 9502 47191
7436 6365 35411
1157 1945 2067
6410 5241 14078
2763 7445 40218
1990 3346 48508
1982 6722 3993
5563 4009 31331
5078 6280 3255
1809 3891 20911
2609 4627 3469
9303 7196 37077
1342 1458 35943
6953 4384 44503
1449 3602 46637
5987 1470 12577
3328 1679 48519
9548 8018 14927
8602 2669 11371
9458 1664 21199
9033 3680 2766
8807 6399 26870
1045 2284 20431
5541 1804 44470
3563 2914 2647
8317 2167 29006
8843 6338 39528
914 817 445
7882 7199 34046
9075 5404 1727
3908 7310 40752
3272 4130 34840
1864 1589 14720
6942 9932 19027
7559 3936 16981
5438 7892 39095
1054 3570 33209
2495 4875 25258
5944 2580 29784
2919 5849 2892
8508 6344 39304
9341 9900 13816
9729 2548 19510
9612 6590 11817
579 3087 25619
3634 8817 32699
6930 6508 42664
3367 882 8076
3999 2519 3432
2301 3607 34069
4261 1663 17047
7275 7151 39183
2952 2687 41199
9684 1909 40908
4408 808 19923
9800 2558 24702
9717 2113 35168
5129 3519 8889
4686 8194 14825
4205 8694 5549
8498 2994 1353
249 1333 21902
9810 6602 47025
9187 6994 20282
6858 3920 42434
7743 3776 2444
421 5256 20434
3820 4744 23975
7251 554 22080
677 4990 18800
7038 4629 19278
622 6888 33302
8009 6832 48178
4910 7842 47716
9211 349 49599
1450 2727 30586
4667 2846 14411
3525 6598 742
3335 9134 43947
2882 2033 5599
8978 537 45239
2672 7707 36208
9167 5327 3448
3688 4883 40826
7158 9269 16957
9060 618 7289
7203 8185 27901
6227 2228 4069
7598 9826 45525
2072 5429 13965
8362 9294 8759
3687 5379 20760
9070 8446 25448
623 2925 23796
3379 7912 17428
8940 5752 27347
2914 2648 46982
2298 4926 25858
2916 6547 15035
5386 2014 37212
9731 1887 10832
2766 346 3884
3834 8582 34798
6725 8518 37153
6628 7713 43670
9292 3772 49729
9900 8879 32959
6522 167 10619
3156 6165 27947
7711 1538 48021
8000 8864 41484
651 7684 33944
834 597 48080
8156 4156 13291
2153 7269 5853
599 2159 46515
9160 6004 10048
9434 6105 24189
9371 2496 5918
9713 5565 25972
1267 168 20678
3090 964 40444
7771 6252 119
9581 7748 23846
729 8057 35242
2986 6541 37001
5631 4115 40233
8966 1208 23063
8222 6984 24461
7264 3728 29246
4335 7659 18465
4206 3322 13643
3905 7835 35819
3194 5973 29422
8320 2188 42245
1895 3171 38154
5384 2352 11501
7197 9125 46611
379 9453 40404
6897 5384 4831
1917 4481 17659
4855 2039 21406
3881 8130 31085
7680 3740 20257
635 8236 30101
6169 2141 22223
3559 542 15646
2084 4165 41555
2362 4591 38435
7980 6578 15180
3527 3739 29700
9758 1638 6971
5143 6188 40184
3732 5345 6447
5605 6857 12353
5051 4568 1206
368 6595 2312
1163 1204 3195
7673 9190 37504
3860 2189 5428
8057 5461 44615
3179 1330 30749
2998 2152 31792
925 5673 34057
2542 8427 49534
8649 4191 17113
3325 9063 19743
6748 6243 21273
9674 8500 45418
8133 4737 43215
1036 9295 40672
5376 2900 1250
1714 7957 27864
1493 1067 29652
4457 2883 14513
5769 6784 35826
6545 3656 19477
8386 5760 16836
9574 8139 4736
3911 4819 33215
2753 7740 38852
9510 3533 34537
8034 8731 22561
3315 3302 33490
3142 901 30603
3332 9345 29706
9451 6940 18934
1188 7063 7324
5283 9078 25071
206 459 7533
5917 4950 28930
8799 9730 34821
3152 221 29833
1296 8757 46575
8669 1983 29726
5374 5839 40306
6194 619 35357
5448 4148 42789
4743 9404 36811
4303 5043 11621
8106 8554 20841
9775 4652 45029
776 7150 6150
8724 9928 43540
1191 4021 41054
3537 7709 34019
2965 572 20467
1871 2888 707
7043 1834 989
