800 10 10000 50 200
5816
8280
4611
7216
1110
8311
6121
231
9482
5500
9 123 3 open
28 235 2 open
48 420 9 open
64 708 10 open
81 474 5 open
86 296 7 open
104 455 6 open
137 786 9 open
151 407 7 open
158 289 9 open
166 394 8 open
200 703 3 open
230 259 3 open
249 150 6 open
259 448 4 open
262 13 3 open
299 438 5 open
318 237 7 open
327 93 9 open
351 619 3 open
378 449 2 open
413 302 4 open
418 1 9 open
445 663 9 open
475 720 5 open
490 401 3 open
530 679 7 open
537 29 4 open
561 190 6 open
580 657 1 open
602 372 3 open
612 445 4 open
631 785 6 open
638 559 5 open
659 363 7 open
681 750 9 open
712 673 10 open
736 457 2 open
758 276 6 open
772 96 9 open
799 694 5 open
826 585 10 open
850 555 9 open
885 634 3 open
890 150 2 open
915 263 7 open
938 638 1 open
970 651 5 open
1008 447 5 open
1010 158 7 open
1024 346 2 open
1034 792 7 open
1041 457 6 open
1058 706 10 open
1092 346 1 open
1116 709 8 open
1152 31 6 open
1165 117 1 open
1205 517 1 open
1224 750 8 open
1227 13 1 open
1238 624 4 open
1264 291 3 open
1269 187 5 open
1295 244 5 open
1323 707 10 open
1347 778 2 open
1363 151 8 open
1394 326 8 open
1406 156 10 open
1415 32 5 open
1419 21 1 open
1427 698 7 open
1465 644 7 open
1497 180 4 open
1534 596 8 open
1536 420 4 open
1549 726 6 open
1563 228 5 open
1598 571 5 open
1609 568 8 open
1623 379 5 open
1626 233 2 open
1666 151 3 open
1670 359 2 open
1681 422 2 open
1709 316 4 open
1717 353 6 open
1735 655 7 open
1763 344 4 open
1781 169 4 open
1793 199 3 open
1801 516 3 open
1835 658 8 open
1848 434 9 open
1870 293 4 open
1904 165 2 open
1937 452 5 open
1956 629 6 open
1967 671 5 open
1975 228 1 open
2012 597 10 open
2029 616 9 open
2034 549 9 open
2062 570 7 open
2081 240 2 open
2105 392 1 open
2141 262 8 open
2174 417 7 open
2194 102 7 open
2208 584 5 open
2220 91 7 open
2231 23 5 open
2249 526 7 open
2267 696 2 open
2276 469 5 open
2285 90 8 open
2304 44 9 open
2341 173 2 open
2347 8 2 open
2357 354 10 open
2391 353 1 open
2412 728 7 open
2419 254 9 open
2449 190 2 open
2482 198 10 open
2488 56 8 open
2494 162 7 open
2520 443 2 open
2560 424 2 open
2585 162 10 open
2612 565 4 open
2623 153 9 open
2664 430 9 open
2679 764 4 open
2707 498 8 open
2712 407 2 open
2727 654 2 open
2743 396 2 open
2772 19 6 open
2777 342 9 open
2783 239 10 open
2822 341 7 open
2828 633 7 open
2830 245 2 open
2846 638 6 open
2850 743 10 open
2881 282 2 open
2885 582 4 open
2913 349 10 open
2937 580 1 open
2967 581 9 open
2968 290 8 open
2981 449 6 open
3008 596 2 open
3024 278 9 open
3040 116 4 open
3068 629 9 open
3098 617 5 open
3128 701 10 open
3145 348 3 open
3161 227 4 open
3197 703 9 open
3201 356 8 open
3223 248 3 open
3231 348 6 open
3251 220 10 open
3284 800 1 open
3325 727 1 open
3361 137 5 open
3371 301 10 open
3398 390 2 open
3403 559 7 open
3405 139 7 open
3430 131 9 open
3443 650 1 open
3467 379 2 open
3483 49 2 open
3497 655 1 open
3536 472 4 open
3570 249 7 open
3606 344 5 open
3643 149 10 open
3666 567 5 open
3687 429 2 open
3696 265 6 open
3723 320 8 open
3754 210 4 open
3784 415 8 open
3793 187 3 open
3799 418 6 open
3804 717 7 open
3828 235 2 correct
3844 225 10 open
3882 634 9 open
3906 384 5 open
3944 218 9 open
3981 642 5 open
4014 139 5 open
4020 366 9 open
