rec(1,1,0,1,0)
rec(0,1,0,0,1)
rec(-1,0,1,1,0)
rec(-1,0,2,2,0)
rec(-1,0,3,3,0)
rec(-1,0,4,4,0)
rec(-1,0,0,5,0)
rec(-1,0,1,6,0)
rec(-1,0,2,7,0)
rec(-1,0,3,8,0)
rec(-1,0,4,9,0)
rec(1,1,0,1,1)
rec(0,0,0,2,0)
rec(-1,0,0,0,1)
rec(-1,0,1,1,1)
rec(0,0,0,3,0)
rec(-1,0,0,0,1)
rec(-1,0,1,1,1)
rec(-1,0,2,2,1)
rec(0,0,0,4,0)
rec(-1,0,0,0,1)
rec(-1,0,1,1,1)
rec(-1,0,2,2,1)
rec(-1,0,3,3,1)
rec(0,0,0,5,0)
rec(-1,0,0,0,1)
rec(-1,0,1,1,1)
rec(-1,0,2,2,1)
rec(-1,0,3,3,1)
rec(-1,0,4,4,1)
rec(0,0,0,6,0)
rec(-1,0,0,0,1)
rec(-1,0,1,1,1)
rec(-1,0,2,2,1)
rec(-1,0,3,3,1)
rec(-1,0,4,4,1)
rec(-1,0,0,5,1)
rec(0,0,0,7,0)
rec(-1,0,0,0,1)
rec(-1,0,1,1,1)
rec(-1,0,2,2,1)
rec(-1,0,3,3,1)
rec(-1,0,4,4,1)
rec(-1,0,0,5,1)
rec(-1,0,1,6,1)
rec(0,0,0,8,0)
rec(-1,0,0,0,1)
rec(-1,0,1,1,1)
rec(-1,0,2,2,1)
rec(-1,0,3,3,1)
rec(-1,0,4,4,1)
rec(-1,0,0,5,1)
rec(-1,0,1,6,1)
rec(-1,0,2,7,1)
rec(0,0,0,9,0)
rec(-1,0,0,0,1)
rec(-1,0,1,1,1)
rec(-1,0,2,2,1)
rec(-1,0,3,3,1)
rec(-1,0,4,4,1)
rec(-1,0,0,5,1)
rec(-1,0,1,6,1)
rec(-1,0,2,7,1)
rec(-1,0,3,8,1)
rec(1,2,0,2,0)
rec(0,0,0,0,1)
rec(-1,0,1,1,0)
rec(-1,0,2,2,0)
rec(-1,0,3,3,0)
rec(-1,0,4,4,0)
rec(-1,0,0,5,0)
rec(-1,0,1,6,0)
rec(-1,0,2,7,0)
rec(-1,0,3,8,0)
rec(-1,0,4,9,0)
rec(1,2,0,2,1)
14
