100 40
0 2685
1 8232
1 2859
3 5992
3 9873
5 5834
5 8613
7 7928
7 2102
9 7016
9 3404
11 2526
11 2829
13 5635
13 8404
15 9540
15 4726
17 4555
17 3758
19 2848
19 1543
21 6365
21 7544
23 6437
23 3603
25 6616
25 7588
27 1141
27 3603
29 7497
29 9173
31 677
31 8611
33 6499
33 9227
35 3287
35 2332
37 9848
37 9441
39 6563
39 5625
41 6155
41 2208
43 2529
43 4436
45 536
45 7775
47 5949
47 1811
49 1005
49 4290
51 4710
51 7328
53 2746
53 7605
55 3110
55 2064
57 3566
57 1345
59 8446
59 8834
61 6450
61 5896
63 9131
63 1387
65 8854
65 9809
67 5117
67 1992
69 1619
69 8940
71 1449
71 9172
73 216
73 6186
75 4199
75 2163
77 9522
77 3280
79 5524
79 8997
81 3433
81 9133
83 1508
83 4948
85 8406
85 4757
87 5737
87 4541
89 6413
89 6625
91 2460
91 9016
93 2488
93 2862
95 6474
95 7322
97 4002
97 9315
99 7762
