500 100
0 2685
1 8232
1 2859
1 5992
2 9873
2 5834
2 8613
3 7928
3 2102
3 7016
4 3404
4 2526
4 2829
5 5635
5 8404
5 9540
6 4726
6 4555
6 3758
7 2848
7 1543
7 6365
8 7544
8 6437
8 3603
9 6616
9 7588
9 1141
10 3603
10 7497
10 9173
11 677
11 8611
11 6499
12 9227
12 3287
12 2332
13 9848
13 9441
13 6563
14 5625
14 6155
14 2208
15 2529
15 4436
15 536
16 7775
16 5949
16 1811
17 1005
17 4290
17 4710
18 7328
18 2746
18 7605
19 3110
19 2064
19 3566
20 1345
20 8446
20 8834
21 6450
21 5896
21 9131
22 1387
22 8854
22 9809
23 5117
23 1992
23 1619
24 8940
24 1449
24 9172
25 216
25 6186
25 4199
26 2163
26 9522
26 3280
27 5524
27 8997
27 3433
28 9133
28 1508
28 4948
29 8406
29 4757
29 5737
30 4541
30 6413
30 6625
31 2460
31 9016
31 2488
32 2862
32 6474
32 7322
33 4002
33 9315
33 7762
34 23
34 3143
34 2947
35 1785
35 1689
35 6215
36 4535
36 1167
36 4834
37 5284
37 9535
37 31
38 2703
38 5504
38 6777
39 9567
39 205
39 2705
40 9129
40 8694
40 6548
41 4961
41 6045
41 1816
42 2736
42 285
42 7017
43 3960
43 9458
43 6051
44 5255
44 8085
44 5733
45 5644
45 8957
45 984
46 3482
46 280
46 7940
47 8035
47 7375
47 4310
48 3094
48 9719
48 8622
49 3675
49 7776
49 3595
50 3852
50 5905
50 5469
51 2695
51 4511
51 4987
52 4461
52 1992
52 1794
53 4859
53 3917
53 6054
54 1846
54 1780
54 7444
55 9513
55 8281
55 1554
56 7323
56 1318
56 4657
57 3611
57 2336
57 7570
58 5637
58 5565
58 5990
59 3768
59 5130
59 4465
60 4864
60 5027
60 9066
61 5959
61 1083
61 9714
62 6230
62 1229
62 9682
63 7793
63 2511
63 2950
64 634
64 9869
64 7808
65 5077
65 426
65 9328
66 1012
66 5664
66 8196
67 7491
67 4326
67 8819
68 1654
68 7649
68 6305
69 1634
69 4062
69 4988
70 9583
70 5729
70 7142
71 2476
71 1264
71 3304
72 9191
72 2263
72 8670
73 1993
73 5451
73 1456
74 3128
74 2791
74 8815
75 6142
75 572
75 481
76 3611
76 4474
76 9743
77 4579
77 889
77 3956
78 2565
78 7745
78 1986
79 2534
79 4410
79 6996
80 4129
80 8989
80 3682
81 7517
81 1807
81 8366
82 221
82 3504
82 4850
83 8833
83 5112
83 1661
84 9018
84 5519
84 1390
85 6296
85 6947
85 9629
86 7334
86 8502
86 6921
87 7062
87 6852
87 6826
88 8252
88 6479
88 1589
89 7330
89 1351
89 7430
90 1267
90 4356
90 9913
91 9233
91 9432
91 4127
92 6306
92 8601
92 1295
93 4059
93 5998
93 8836
94 1212
94 2055
94 1835
95 542
95 2173
95 8536
96 9288
96 8245
96 873
97 6455
97 1575
97 5196
98 4422
98 5014
98 674
99 8725
99 5481
99 3457
100 8548
100 3766
100 2950
101 4947
101 1170
101 5749
102 2778
102 9203
102 5313
103 4586
103 1680
103 2917
104 7190
104 151
104 5755
105 6683
105 4745
105 384
106 1825
106 6964
106 9987
107 6541
107 6780
107 9799
108 1910
108 1133
108 739
109 3511
109 4493
109 2217
110 2127
110 4781
110 841
111 6103
111 9766
111 3874
112 1085
112 4947
112 1871
113 6195
113 2070
113 5441
114 4425
114 7929
114 9158
115 6949
115 7303
115 3270
116 8279
116 8654
116 6364
117 4744
117 6001
117 2543
118 1983
118 6552
118 3486
119 8819
119 6269
119 2202
120 9364
120 6258
120 9308
121 575
121 4194
121 579
122 4424
122 9423
122 8917
123 8677
123 5788
123 6698
124 6707
124 3595
124 2508
125 4094
125 7822
125 9355
126 618
126 3100
126 2384
127 2834
127 7960
127 1560
128 9886
128 192
128 173
129 9900
129 5556
129 904
130 2112
130 8471
130 721
131 7526
131 2954
131 5478
132 1352
132 5198
132 6326
133 8735
133 6247
133 719
134 2703
134 2494
134 8555
135 8655
135 1873
135 2644
136 8375
136 7750
136 6778
137 7540
137 1683
137 4275
138 5606
138 5863
138 5483
139 3376
139 8515
139 3790
140 9427
140 333
140 149
141 4431
141 9711
141 6620
142 8762
142 1248
142 4295
143 1745
143 8887
143 612
144 4312
144 6275
144 7748
145 6223
145 5190
145 9217
146 6041
146 2741
146 6845
147 111
147 7071
147 9383
148 2472
148 1448
148 8906
149 4842
149 1074
149 729
150 6793
150 9203
150 6475
151 9043
151 7164
151 6443
152 4828
152 2468
152 314
153 1087
153 2073
153 2427
154 1317
154 7269
154 2299
155 2420
155 120
155 2759
156 1738
156 5753
156 3176
157 5567
157 2500
157 7500
158 7196
158 4492
158 7856
159 1906
159 6136
159 4368
160 7295
160 4700
160 3265
161 4999
161 7439
161 4455
162 5502
162 6887
162 5281
163 6924
163 9452
163 7172
164 9671
164 1977
164 2435
165 9772
165 9444
165 100
166 5316
166 8852
166 7885
167 2472
