500 100
0 2685
1 8232
1 2859
1 5992
1 9873
1 5834
1 8613
1 7928
1 2102
1 7016
1 3404
1 2526
1 2829
1 5635
1 8404
1 9540
1 4726
1 4555
1 3758
1 2848
1 1543
1 6365
1 7544
1 6437
1 3603
1 6616
1 7588
1 1141
1 3603
1 7497
1 9173
1 677
1 8611
1 6499
1 9227
1 3287
1 2332
1 9848
1 9441
1 6563
1 5625
1 6155
1 2208
1 2529
1 4436
1 536
1 7775
1 5949
1 1811
1 1005
1 4290
1 4710
1 7328
1 2746
1 7605
1 3110
1 2064
1 3566
1 1345
1 8446
1 8834
1 6450
1 5896
1 9131
1 1387
1 8854
1 9809
1 5117
1 1992
1 1619
1 8940
1 1449
1 9172
1 216
1 6186
1 4199
1 2163
1 9522
1 3280
1 5524
1 8997
1 3433
1 9133
1 1508
1 4948
1 8406
1 4757
1 5737
1 4541
1 6413
1 6625
1 2460
1 9016
1 2488
1 2862
1 6474
1 7322
1 4002
1 9315
1 7762
2 23
2 3143
2 2947
2 1785
2 1689
2 6215
2 4535
2 1167
2 4834
2 5284
2 9535
2 31
2 2703
2 5504
2 6777
2 9567
2 205
2 2705
2 9129
2 8694
2 6548
2 4961
2 6045
2 1816
2 2736
2 285
2 7017
2 3960
2 9458
2 6051
2 5255
2 8085
2 5733
2 5644
2 8957
2 984
2 3482
2 280
2 7940
2 8035
2 7375
2 4310
2 3094
2 9719
2 8622
2 3675
2 7776
2 3595
2 3852
2 5905
2 5469
2 2695
2 4511
2 4987
2 4461
2 1992
2 1794
2 4859
2 3917
2 6054
2 1846
2 1780
2 7444
2 9513
2 8281
2 1554
2 7323
2 1318
2 4657
2 3611
2 2336
2 7570
2 5637
2 5565
2 5990
2 3768
2 5130
2 4465
2 4864
2 5027
2 9066
2 5959
2 1083
2 9714
2 6230
2 1229
2 9682
2 7793
2 2511
2 2950
2 634
2 9869
2 7808
2 5077
2 426
2 9328
2 1012
2 5664
2 8196
3 7491
3 4326
3 8819
3 1654
3 7649
3 6305
3 1634
3 4062
3 4988
3 9583
3 5729
3 7142
3 2476
3 1264
3 3304
3 9191
3 2263
3 8670
3 1993
3 5451
3 1456
3 3128
3 2791
3 8815
3 6142
3 572
3 481
3 3611
3 4474
3 9743
3 4579
3 889
3 3956
3 2565
3 7745
3 1986
3 2534
3 4410
3 6996
3 4129
3 8989
3 3682
3 7517
3 1807
3 8366
3 221
3 3504
3 4850
3 8833
3 5112
3 1661
3 9018
3 5519
3 1390
3 6296
3 6947
3 9629
3 7334
3 8502
3 6921
3 7062
3 6852
3 6826
3 8252
3 6479
3 1589
3 7330
3 1351
3 7430
3 1267
3 4356
3 9913
3 9233
3 9432
3 4127
3 6306
3 8601
3 1295
3 4059
3 5998
3 8836
3 1212
3 2055
3 1835
3 542
3 2173
3 8536
3 9288
3 8245
3 873
3 6455
3 1575
3 5196
3 4422
3 5014
3 674
3 8725
3 5481
3 3457
4 8548
4 3766
4 2950
4 4947
4 1170
4 5749
4 2778
4 9203
4 5313
4 4586
4 1680
4 2917
4 7190
4 151
4 5755
4 6683
4 4745
4 384
4 1825
4 6964
4 9987
4 6541
4 6780
4 9799
4 1910
4 1133
4 739
4 3511
4 4493
4 2217
4 2127
4 4781
4 841
4 6103
4 9766
4 3874
4 1085
4 4947
4 1871
4 6195
4 2070
4 5441
4 4425
4 7929
4 9158
4 6949
4 7303
4 3270
4 8279
4 8654
4 6364
4 4744
4 6001
4 2543
4 1983
4 6552
4 3486
4 8819
4 6269
4 2202
4 9364
4 6258
4 9308
4 575
4 4194
4 579
4 4424
4 9423
4 8917
4 8677
4 5788
4 6698
4 6707
4 3595
4 2508
4 4094
4 7822
4 9355
4 618
4 3100
4 2384
4 2834
4 7960
4 1560
4 9886
4 192
4 173
4 9900
4 5556
4 904
4 2112
4 8471
4 721
4 7526
4 2954
4 5478
4 1352
4 5198
4 6326
5 8735
5 6247
5 719
5 2703
5 2494
5 8555
5 8655
5 1873
5 2644
5 8375
5 7750
5 6778
5 7540
5 1683
5 4275
5 5606
5 5863
5 5483
5 3376
5 8515
5 3790
5 9427
5 333
5 149
5 4431
5 9711
5 6620
5 8762
5 1248
5 4295
5 1745
5 8887
5 612
5 4312
5 6275
5 7748
5 6223
5 5190
5 9217
5 6041
5 2741
5 6845
5 111
5 7071
5 9383
5 2472
5 1448
5 8906
5 4842
5 1074
5 729
5 6793
5 9203
5 6475
5 9043
5 7164
5 6443
5 4828
5 2468
5 314
5 1087
5 2073
5 2427
5 1317
5 7269
5 2299
5 2420
5 120
5 2759
5 1738
5 5753
5 3176
5 5567
5 2500
5 7500
5 7196
5 4492
5 7856
5 1906
5 6136
5 4368
5 7295
5 4700
5 3265
5 4999
5 7439
5 4455
5 5502
5 6887
5 5281
5 6924
5 9452
5 7172
5 9671
5 1977
5 2435
5 9772
5 9444
5 100
6 5316
6 8852
6 7885
6 2472
