500 100
0 847
1 6663
1 9710
3 4023
3 1984
5 5667
5 9863
7 7142
7 1904
9 6836
9 4373
11 3273
11 4091
13 8866
13 7043
15 2989
15 6330
17 796
17 9458
19 1847
19 1349
21 2797
21 2614
23 4643
23 3717
25 545
25 6172
27 692
27 7037
29 1536
29 7569
31 5723
31 2099
33 8166
33 8500
35 2121
35 1169
37 4083
37 564
39 4122
39 7499
41 6043
41 4762
43 3243
43 3715
45 7478
45 3127
47 7243
47 7672
49 4468
49 8453
51 8706
51 3185
53 9144
53 3181
55 2949
55 6180
57 5573
57 3975
59 8865
59 8434
61 5667
61 2978
63 9927
63 9405
65 8690
65 6802
67 8455
67 8845
69 6215
69 634
71 1396
71 8094
73 4471
73 1486
75 6908
75 825
77 5342
77 2943
79 7225
79 4862
81 8293
81 7099
83 5962
83 5312
85 5690
85 7317
87 3355
87 3298
89 219
89 5229
91 3732
91 9232
93 4609
93 1401
95 6837
95 5481
97 4400
97 1893
99 2202
99 1765
101 2437
101 3497
103 4068
103 4815
105 8478
105 8029
107 689
107 4955
109 2454
109 2794
111 6140
111 791
113 8485
113 7977
115 9615
115 1679
117 2815
117 5177
119 6874
119 6783
121 9601
121 6475
123 7682
123 9161
125 4556
125 408
127 2371
127 6461
129 9895
129 2306
131 8099
131 5555
133 2037
133 2265
135 7756
135 8694
137 4036
137 195
139 4667
139 4640
141 1644
141 9112
143 4996
143 5057
145 9805
145 7265
147 8371
147 4138
149 593
149 5406
151 7456
151 2405
153 7262
153 6657
155 6808
155 2345
157 2836
157 7952
159 2564
159 4799
161 8719
161 1427
163 719
163 2366
165 1807
165 4845
167 8581
167 7951
169 930
169 5242
171 2985
171 4917
173 4554
173 446
175 1609
175 536
177 3492
177 4683
179 5926
179 7639
181 9692
181 8391
183 8187
183 2562
185 1566
185 2833
187 8610
187 2328
189 1096
189 8313
191 3304
191 1581
193 9233
193 7254
195 2399
195 5023
197 6182
197 8859
199 8376
199 7060
201 1945
201 8648
203 2325
203 4267
205 3417
205 2748
207 4071
207 7592
209 3731
209 9320
211 3736
211 2632
213 5012
213 1500
215 5389
215 1031
217 9432
217 3580
219 1424
219 8884
221 6432
221 7230
223 7229
223 7327
225 7763
225 6248
227 6970
227 2601
229 7978
229 1774
231 6595
231 2286
233 9762
233 2080
235 7072
235 392
237 9179
237 3621
239 2960
239 6180
241 9435
241 6824
243 1842
243 2086
245 9386
245 4576
247 7958
247 5605
249 402
250 5185
250 7985
250 6348
253 1396
252 3019
252 499
251 7627
250 9972
256 7121
255 1116
250 3591
253 2396
261 1770
261 902
252 6419
263 3816
261 9217
250 9556
266 8405
269 1392
261 4906
259 7664
264 4714
261 6170
261 3108
251 7933
270 9279
271 3867
258 987
275 1622
258 7712
263 6642
262 5031
260 1594
273 5249
255 1927
282 5491
279 8710
262 9598
260 8093
266 7863
261 5685
253 2986
263 1396
253 6551
251 3053
256 2653
279 7208
267 3380
270 632
263 6239
299 1360
275 6873
268 4285
267 9490
284 5043
261 7192
275 4654
266 6885
269 4920
303 1940
294 239
310 3223
310 7519
260 7182
301 9667
297 4365
316 6070
287 4126
305 733
306 8498
261 3309
276 4085
311 5296
289 5991
321 7515
303 1255
256 2816
290 8284
318 6579
289 1506
291 4416
325 8831
332 9173
299 3868
322 1582
250 6167
312 8116
272 8708
283 8372
278 8431
326 2288
260 7418
339 3091
262 5168
282 9978
305 9506
266 9778
339 8468
313 3158
350 9729
314 8549
326 8257
324 2904
324 74
317 495
328 3746
331 3336
282 1327
347 3783
329 7992
346 1567
298 2701
276 7448
303 2057
300 4019
319 5908
346 3395
278 1069
292 9104
352 6273
310 8705
353 4842
259 6483
273 3240
289 2612
297 2808
301 3008
359 8277
253 4586
307 6791
292 2863
292 779
336 224
297 8380
335 2723
364 5659
378 1042
362 914
288 8728
302 1423
321 3261
377 7730
275 6256
349 887
375 5654
387 5136
251 8920
251 4591
271 5404
285 8483
347 6826
270 8542
270 496
362 2277
389 9752
356 7718
303 3735
390 4340
343 9725
362 1612
345 9380
283 9820
252 4192
252 6807
271 6830
268 2491
252 9997
267 1905
408 5167
375 5259
269 7196
347 6691
271 1679
389 3588
369 9480
313 6215
312 1403
259 3303
366 2451
289 8871
272 5277
335 6476
293 9409
423 3837
417 3077
397 4603
335 2446
279 8291
270 2033
375 1840
333 6970
288 4369
376 4999
394 3715
445 9214
442 4636
326 772
378 1087
315 1173
306 1271
445 9256
270 8147
260 4588
259 9699
270 6346
357 1965
356 3352
448 6649
346 9457
453 4978
378 3246
414 6814
371 2554
349 6869
374 9235
443 2274
286 2990
372 3338
403 7637
399 7023
469 1495
334 4449
367 142
346 7296
262 4449
268 4546
346 4146
287 7020
438 2022
345 6815
357 633
283 6492
291 328
355 8430
289 5430
317 2065
272 6431
433 4870
301 9518
337 7833
282 5610
341 7746
355 6516
415 9911
417 6601
392 7698
470 3611
465 3176
419 8115
