7500 500
0 1470
1 4955
1 8031
2 4213
4 3856
3 9284
3 9005
6 9816
7 6078
8 4676
9 9259
6 2014
11 5796
5 7040
4 6655
4 2956
3 5801
15 453
1 5496
1 3285
3 6746
2 9310
9 8544
7 2517
15 5107
19 923
14 9238
5 386
7 7565
23 8044
27 3594
17 1884
7 6678
17 7714
19 7586
2 6551
22 5333
6 5450
36 7201
5 8351
5 9645
12 2843
24 2631
40 7435
32 3093
32 7850
10 3349
8 4685
6 4083
15 2397
50 3807
14 8495
18 2417
13 7714
32 1373
43 607
14 1330
52 8528
11 6417
32 4940
9 9926
43 6420
52 2011
35 7489
22 6252
30 1882
20 3443
50 5008
44 6050
32 3290
67 5025
35 1379
4 3104
43 5792
49 7471
54 375
58 2792
49 9075
33 958
19 6532
4 6060
36 4604
64 3497
21 1309
8 3504
43 6727
44 2379
21 2578
84 303
8 2948
36 4655
23 9218
78 7795
55 7840
32 7199
3 3948
85 2778
20 2618
18 4183
91 1377
87 3586
44 6627
59 4709
59 4502
92 2237
51 7628
66 8343
39 7213
97 330
95 9359
73 3686
11 8998
49 6582
61 3543
22 5928
13 6403
38 9795
67 5924
81 9704
58 3663
107 6815
111 7766
23 3290
96 9833
55 5149
38 5029
56 36
93 1432
84 8647
29 4742
45 8589
108 8734
19 3030
12 4437
76 6549
14 2475
99 1674
25 2066
50 5390
38 9134
64 1232
13 952
29 8925
83 2983
55 6909
41 1455
5 4503
47 7384
41 2733
99 4837
16 3799
29 6489
125 5349
87 2252
50 2819
83 7615
26 5489
25 4412
157 1433
100 5279
39 1191
125 2794
86 2027
110 1524
78 5937
114 5317
1 6460
83 1618
63 3669
23 1839
55 1738
56 5233
2 3328
42 4727
53 8017
166 5049
169 8491
131 158
72 7752
50 4844
91 9333
50 4726
167 5945
46 9518
172 1039
51 6619
16 5543
102 3701
83 8833
64 4307
84 4190
80 2013
142 7449
115 2221
138 2592
108 6885
148 5678
9 56
27 8803
133 3017
87 6478
9 9036
188 3708
186 4486
89 5415
196 5241
16 4276
206 1036
175 2118
56 136
132 5928
40 4933
34 4951
67 9384
142 6369
10 3325
187 2921
146 6288
139 4985
21 1750
87 5253
123 1895
8 9204
34 8887
46 8188
188 9203
210 9669
129 5803
118 6938
217 4857
81 4501
36 2240
153 2317
195 3644
61 8635
15 17
137 567
75 1328
122 8134
148 1505
77 8019
122 9757
221 7563
7 6257
201 3779
155 6317
120 1329
17 7235
212 7757
163 3700
229 5303
239 162
205 2648
87 9545
208 2428
147 1815
21 2552
118 4680
30 9338
101 3798
100 872
62 9284
179 8701
230 4227
258 7723
213 8846
97 2361
259 9486
197 6806
73 8093
172 7369
193 8197
172 385
88 8201
36 3727
220 3634
138 1038
273 810
238 2237
167 6238
239 6303
277 4090
201 2069
226 3010
31 5578
39 7455
79 1367
283 8736
248 8644
264 2693
50 5514
264 2173
261 32
140 7959
226 5160
136 9100
103 5482
73 3049
52 511
37 9360
230 4558
114 5574
130 6879
131 5815
237 9453
76 8961
121 7512
117 8148
187 2099
89 6249
23 5387
47 2854
151 2081
148 8208
98 6193
275 6402
19 2161
18 590
282 1034
155 1017
246 8324
79 5324
208 2999
117 2239
282 4430
256 8341
137 3634
269 519
318 2828
9 4498
184 5361
132 1601
100 7807
309 1123
7 9724
161 7489
265 3681
254 5621
73 6232
184 2279
36 4384
320 3187
98 8607
264 7399
219 2755
216 5840
192 9924
25 2505
276 8550
167 6786
75 5559
340 7620
273 3655
157 6796
22 8763
156 5679
222 2180
94 3457
321 843
188 2860
355 2126
239 4790
234 8073
146 6081
40 7806
194 5104
75 820
121 942
208 5828
241 1231
315 5860
197 7540
364 4457
118 5015
353 1104
337 9415
246 7807
294 5676
125 7500
218 4417
171 7065
105 2341
4 9860
332 4499
184 347
185 3484
287 3868
210 3097
348 5943
88 2066
76 9519
47 7235
172 744
301 2686
192 8925
230 3478
380 4115
128 747
125 795
66 2775
284 2088
135 4054
247 6973
390 8937
23 7222
127 5413
367 6325
103 8319
231 7103
186 803
46 5635
65 8589
218 5725
269 5495
340 9316
165 9382
127 3976
144 9135
347 6101
286 512
229 386
160 6755
86 2735
59 7347
188 3651
344 4415
318 8952
317 2784
293 3852
198 6675
350 9511
387 7062
205 6206
259 3577
188 1725
108 4620
143 2211
227 9217
166 6677
30 6036
30 6855
291 6558
378 3945
114 5286
236 6890
396 5883
128 8334
75 5326
289 2454
280 2611
229 2797
352 3947
268 9300
389 6336
287 3162
66 7503
8 5154
233 1847
323 9280
286 5714
10 2972
285 2268
381 8382
415 960
43 3121
86 1461
248 6501
335 7625
295 4836
191 2704
470 9129
257 3435
172 1098
376 5169
270 3896
466 2012
215 4908
219 3173
3 3865
27 2264
3 391
59 4864
23 6049
212 2715
135 8401
37 1049
257 5394
464 3246
227 1829
58 414
218 6036
256 2855
26 8571
453 2349
150 5847
363 2843
358 3132
56 4959
311 7103
53 1971
304 4046
488 6684
130 9706
434 4854
280 2613
100 5819
301 1924
298 2982
441 9271
312 9356
260 5692
79 66
369 8139
461 4235
2 4936
160 8134
471 8819
319 1391
444 3016
279 6768
65 1993
154 3305
168 60
382 8434
30 4404
408 9598
180 7579
278 8235
36 7605
9 183
24 2176
526 4227
378 8620
148 3119
516 7665
166 5481
58 6693
532 8325
275 9880
302 624
417 5055
265 4234
512 4975
505 3960
94 9150
150 8656
58 2642
101 3433
268 7287
280 5816
17 5710
91 4760
85 6455
71 4999
75 822
38 1355
80 6471
16 4970
432 7664
36 1749
199 862
116 873
54 5923
220 4010
257 959
498 6648
368 2651
234 7763
553 7216
175 8002
468 4823
434 3024
493 8241
352 3981
85 2859
419 5955
292 442
195 6570
319 6600
89 3607
278 1823
161 4090
526 663
116 4757
235 7799
507 3121
352 9435
534 1041
34 3004
463 609
209 8962
566 8681
51 9976
251 2987
417 3389
483 3456
464 4235
182 7272
146 7746
33 8660
108 9501
128 9091
19 9424
316 2465
448 3772
259 3268
249 4409
329 5836
552 1445
581 4186
592 3195
402 7324
171 4194
169 8978
215 7463
131 7367
118 5627
317 3708
616 5566
204 6796
466 1915
353 1186
528 8473
271 1512
25 8286
581 9582
442 3004
170 7361
627 9898
423 2995
178 7826
472 2155
249 6317
540 2416
578 4984
346 7906
90 7844
27 7186
21 4020
389 765
435 5202
128 3600
619 3396
24 6809
24 9709
7 3979
336 8739
436 8699
615 5027
279 2501
257 6775
52 7320
380 4533
134 7234
626 5248
118 6033
319 6010
457 5486
280 1157
156 1348
72 441
622 3839
273 5320
497 7189
536 5422
313 1150
138 9421
247 2110
550 9348
244 9932
347 6743
613 2588
184 6256
216 4933
25 6263
641 645
170 1424
646 9797
150 1264
317 3198
34 284
344 9000
212 523
497 5465
169 7980
281 1800
468 7619
586 1395
339 6466
550 8241
393 6601
34 6899
111 3613
227 4390
662 8306
694 5325
351 5963
620 9275
659 2919
684 1892
334 6650
392 9881
110 2622
623 14
81 1083
665 7947
308 2222
700 7184
310 3520
145 6324
249 6131
539 267
545 3664
70 1544
141 9108
223 6745
354 1114
154 3037
559 7134
413 5979
268 584
426 921
343 3902
351 9808
102 7565
437 5475
36 7390
657 7230
59 6428
359 387
182 3701
662 9944
270 5464
355 7333
173 8486
232 3815
353 813
645 3363
645 2815
216 1727
388 3768
198 4556
692 4485
118 1100
693 8725
24 9093
330 8983
170 1146
163 3003
539 5148
524 1535
689 4451
422 684
180 8832
691 9846
313 1845
130 9222
38 2821
99 204
312 6177
714 5270
516 488
13 289
619 1704
522 359
178 2652
113 6044
507 5979
177 2908
523 4149
494 5541
565 1407
412 1718
308 8086
220 3068
179 7481
312 8925
10 7161
662 7985
264 5811
44 483
670 3685
239 8610
519 3320
744 4555
642 9487
572 4154
184 2977
531 2103
79 9774
476 7003
34 367
514 8650
690 5948
14 3517
436 968
774 2114
130 1920
650 7085
493 2731
626 9913
502 5013
108 1192
619 2946
350 8766
589 1276
343 2992
220 8842
659 5321
510 855
579 5689
608 7460
769 6599
420 7865
462 3399
619 7504
815 2572
279 4885
119 7468
803 3019
22 8329
450 978
626 5388
543 4718
456 2902
349 9575
283 2081
805 304
547 3355
583 3474
101 1114
345 4935
61 884
782 4019
582 4053
532 5331
218 6984
264 5517
504 8140
743 5813
192 9781
699 2369
308 2444
502 1858
438 131
305 4844
742 8684
733 6197
624 9845
211 6576
669 4071
523 1120
832 4677
485 9640
697 465
605 6068
97 5093
780 4911
111 7362
738 9427
206 9272
126 2201
854 5137
268 1455
852 1018
538 8310
642 4387
175 7858
67 3426
516 8920
172 4695
571 2783
839 3738
423 3280
156 7458
387 7433
618 7880
174 8614
215 9362
843 6190
472 2346
142 9831
415 6189
571 6420
155 4986
88 7978
158 5499
784 9604
857 4815
100 5347
867 4362
452 6360
380 4899
48 4270
841 5667
65 738
350 3074
633 6821
441 8866
673 8550
888 9758
796 7200
214 7982
187 6892
257 9038
634 2537
756 5260
362 5084
771 971
402 1281
855 7113
96 1486
779 1017
696 1722
91 2765
740 2753
404 6638
46 4164
341 5054
715 2099
286 7879
601 862
471 3440
351 1037
395 5900
334 1738
288 1585
834 4315
782 1795
310 3821
365 1180
520 6109
565 3921
814 7453
384 364
51 3262
238 772
187 6028
737 8193
697 1958
510 7685
315 9272
37 1363
633 2251
405 4589
303 4311
736 5754
446 1673
279 5273
859 2102
616 126
238 961
387 5872
555 1956
644 3071
949 7000
543 6904
857 9869
291 4396
732 5734
186 7471
15 9833
365 4849
586 9325
142 7208
321 2565
111 2347
173 1062
135 6892
67 3059
59 6997
832 4069
776 421
238 9660
62 9314
603 9880
300 1329
189 164
837 8867
666 9636
829 3865
878 737
905 8078
402 5504
196 599
133 7782
112 590
595 6484
481 5278
846 2791
628 7241
280 7661
258 1749
479 6477
327 1293
775 881
441 9923
758 3397
369 794
329 2100
395 3681
350 8483
373 8864
112 5555
180 4830
585 8062
341 8329
695 421
890 5145
855 1540
872 5326
690 4994
399 8289
554 9242
719 804
390 8367
366 8070
708 5470
59 9132
518 2548
92 9934
991 5883
408 6345
378 6201
623 5488
582 9
561 5296
18 3946
454 1590
551 7530
248 7430
683 3832
890 7981
335 6621
227 7879
537 4828
271 6841
514 9795
408 5212
47 1396
755 759
229 3299
56 6715
583 8311
488 7383
547 8553
177 1766
841 3611
587 2949
822 1425
460 2865
309 2593
957 7496
915 2416
656 8305
366 2355
720 8922
951 2694
893 1753
418 1331
367 8203
952 4295
100 3069
465 237
475 1029
333 5707
162 8982
812 8262
113 7378
820 7506
514 5792
552 3971
626 666
699 7912
324 4353
709 3297
964 3303
831 1816
24 1003
138 6866
839 4584
1054 7696
942 1147
585 4475
916 9093
1060 7151
1020 7574
655 6944
348 2295
266 5145
363 1354
972 8284
234 4097
1078 2989
309 7358
29 3409
982 8204
710 83
168 8464
184 1548
246 2507
79 4247
946 4633
161 5920
42 7631
688 5462
129 5010
213 5378
887 9220
692 9764
684 6873
889 1887
709 6367
441 6197
950 5077
468 3770
164 1041
505 4690
981 9549
121 1766
17 1578
293 2290
227 866
794 2105
640 1882
904 3316
819 9449
919 6591
65 5073
581 7668
97 3236
202 3937
423 1386
380 8862
446 5709
1004 2489
375 988
240 4426
246 8742
256 6533
159 1089
142 6285
458 9162
89 8220
64 362
503 4711
127 6241
409 3643
76 4427
184 8681
175 4461
241 8585
599 9441
516 4331
927 6485
1063 8298
439 6271
833 3060
1102 1039
807 1375
339 2272
927 2890
802 8071
1094 6461
126 8811
964 5367
479 9268
1061 7880
1051 6729
245 8587
621 7282
537 8314
733 1513
588 2901
349 1238
1166 2579
330 4593
835 2981
357 2200
842 1171
991 2426
452 2613
459 8269
131 6139
284 5015
46 7130
1133 9812
859 3314
1011 5228
1032 7307
672 960
166 3595
90 9490
632 2603
202 4968
322 7456
7 268
527 5892
1184 6532
333 1095
608 3397
1159 1531
453 494
671 9352
226 8636
528 8370
367 7783
1155 3771
781 7532
935 2698
478 1935
247 8044
72 8440
504 6298
785 1429
1026 4895
822 9926
484 3373
531 5620
340 108
1153 8738
454 8949
364 6416
1138 8842
325 2972
454 9511
1058 2896
916 8496
588 8179
30 7099
585 4903
149 1295
903 5553
682 6777
639 2176
909 3742
918 8205
111 5771
1133 5095
645 9578
283 8110
16 2524
1222 9665
228 1256
906 8500
383 7966
125 4318
208 2419
35 8835
536 2735
1056 24
251 8457
938 6872
931 3029
406 7200
193 5537
1104 5056
121 8185
620 9342
697 28
708 8873
271 3300
489 7061
1255 5593
828 6823
868 6619
97 3652
746 9170
218 5412
215 4108
1214 9153
177 7063
887 4841
292 189
314 9074
784 2657
169 9137
332 7947
109 2880
544 5592
329 2670
795 375
410 7526
1047 3410
1048 4729
164 5342
118 6373
1001 1221
1099 5566
360 8872
721 1947
971 1142
1272 6396
836 2409
211 7447
34 9977
991 4288
869 6245
440 7247
328 8605
184 3567
7 7857
502 6946
154 5637
329 8874
356 8902
815 9329
789 2021
1078 2391
451 4558
693 5302
949 507
917 8327
128 1155
1247 834
240 7478
266 6756
885 4328
1008 2530
763 923
1242 2497
1059 1475
1128 698
854 4410
431 8111
808 3625
165 6953
1052 758
490 6241
1140 4051
983 8239
1143 3492
1195 7408
1327 6780
181 1653
970 6263
195 5371
66 2271
622 3012
609 1579
212 7413
973 8420
568 3963
125 4648
348 2184
1038 7182
802 2870
432 2763
545 6397
897 7757
830 9276
1106 9491
1018 3970
29 5175
842 838
212 90
537 9001
879 7299
869 101
204 9923
1214 458
773 4974
448 3580
842 5887
524 8669
144 5902
867 3417
963 463
1166 738
1257 4824
1281 4537
1209 4079
1063 2892
679 4768
24 4411
477 7610
1051 8267
430 9567
1054 8500
933 8509
215 2366
1247 6488
797 4090
1378 5950
1025 9574
271 4729
715 496
356 2765
485 2599
741 6971
1058 9208
257 979
1347 2460
1125 5881
1133 9636
972 1006
1208 4675
1146 3390
970 1004
1195 3692
1394 4691
374 317
835 2137
693 8550
597 9906
1236 9142
410 3041
968 6701
184 3251
92 6581
932 4490
1182 2159
572 5045
796 5320
955 3122
1103 8110
546 2126
978 2011
1264 4279
1407 6242
1355 2490
632 6727
497 4398
289 6791
43 3456
22 7810
638 209
553 6952
435 7568
990 9877
957 2316
635 2990
1216 5631
701 8020
132 4420
407 4889
963 7540
1003 3198
1298 5099
1267 40
478 2530
784 7372
725 9898
420 5757
806 7828
156 9553
612 3436
1163 5471
1354 5402
1335 9112
364 9374
1256 6240
1300 7847
1404 6430
1269 7476
1152 4096
477 3823
1308 8961
257 8578
64 106
400 7532
1273 605
93 9194
860 6035
1353 3715
585 3486
1051 2964
265 6169
734 4497
68 3329
1078 8327
444 9987
801 9671
241 5160
396 1540
1297 7526
177 8675
290 4309
1093 6959
281 4095
1230 7909
502 615
644 963
1263 6819
165 602
113 5420
347 6906
867 3755
1178 2877
1126 5800
1083 6723
799 5800
90 1374
1234 5717
517 677
904 9063
948 8217
305 9416
333 5594
1189 9664
881 1902
962 843
1055 7524
508 324
382 8877
1343 4492
1286 8605
854 4258
1189 4109
1250 3629
503 1812
934 9707
721 4488
162 7978
1062 6205
126 7134
603 9585
691 5456
940 3518
988 4696
425 7005
484 3479
53 2069
835 6526
706 5254
1171 173
440 3007
191 3365
352 4630
473 5942
19 6144
1269 7226
1182 3909
565 1550
947 8048
65 7312
984 7258
1225 9297
662 8613
1118 4207
1272 1620
949 2723
1182 3140
219 2684
447 4183
387 5947
745 9915
55 8234
308 4529
897 4186
718 7040
844 4497
1194 9627
817 85
50 4660
673 3390
104 5622
809 1208
760 538
187 4168
311 5280
428 6908
1334 1148
187 5359
1147 8853
132 1849
1471 956
1460 8058
1211 8677
94 2686
419 7474
371 7059
983 3902
313 2147
328 7227
1412 2988
1122 6979
510 7985
359 6756
594 3786
842 8098
1547 62
412 6719
661 4451
820 5187
287 4311
1239 4165
28 4958
1055 1736
1218 6702
438 2057
1086 9848
782 1588
5 373
1149 8040
1547 3577
638 144
1269 20
780 3897
515 9015
1497 1790
517 4164
1397 2437
1239 7034
708 3331
367 5550
239 2339
661 9619
112 6908
1338 6847
844 4698
892 660
863 8962
1084 98
1365 9647
295 5703
262 3341
931 5514
424 3507
633 2176
423 9239
1399 2359
198 3294
683 3405
637 3666
1071 1000
177 2635
971 2347
601 1407
1478 3557
365 5176
118 8981
494 9987
1599 8143
481 7992
627 4869
1514 7557
906 5141
1273 7816
370 4537
25 6941
483 5265
1616 213
750 1639
1184 9236
545 3839
537 4767
502 9958
1640 3517
627 6566
738 2884
425 521
1371 8165
66 9327
656 1758
1216 622
1434 1713
5 7975
788 9761
900 9216
316 7070
805 7478
602 4300
274 6743
796 1135
138 2964
1603 7021
695 5439
1420 9175
625 5598
804 2278
1531 1858
457 3998
640 5981
510 1737
788 9703
941 2254
1361 3313
869 1476
18 9095
439 884
1415 4145
159 8248
966 9845
707 7689
760 7316
1129 6431
1126 4814
1420 3017
375 3261
1170 97
1163 5464
653 895
102 1765
135 4264
1114 2169
1359 7385
1483 3365
103 7278
846 8887
480 1056
551 7984
224 6235
232 6868
466 435
226 7589
1551 4431
569 4257
785 1308
1176 2327
1131 3617
1262 9440
746 8224
628 9288
1020 6244
1272 3335
1184 2605
958 1191
1097 1413
50 7459
66 8220
1639 4931
1676 9803
843 5306
1156 7432
1435 1074
932 5631
946 5499
599 6055
849 3837
1019 1967
584 5428
18 3280
769 9671
276 789
929 3073
318 334
818 3781
265 1148
1025 1719
123 8703
252 6641
1149 5066
1142 6678
1231 2988
694 4084
1194 4169
1420 4956
1279 8593
1734 830
259 3239
1348 6094
673 8747
768 1177
1511 5159
1448 1859
233 2403
1617 3008
1149 4711
923 935
1071 4152
1141 8515
693 5307
131 7108
1683 4967
1144 80
43 291
982 1579
848 1549
1608 2469
1348 5339
322 1522
852 6012
1441 5684
1328 1251
1617 1612
411 4031
307 5306
1166 1647
1126 2210
552 8411
1493 6541
193 9869
1638 5265
1334 4610
37 7053
1563 581
337 265
222 3489
1621 915
96 469
1354 5626
1721 2411
1275 584
177 2809
546 9627
1019 509
921 7418
201 7251
1201 5748
1440 1707
1154 5767
378 7971
890 6306
1072 301
493 9095
168 2916
145 6534
781 958
1386 1783
1037 9624
134 6434
790 7953
410 9984
1753 4974
1710 9340
1744 5291
1034 8597
1130 6814
826 3686
1001 4678
947 8325
387 2478
998 1916
1213 9514
1686 5769
13 6197
120 1045
570 3614
1054 9752
314 887
1382 9994
1600 9248
256 1336
41 8784
1409 3135
1375 1538
418 2531
473 2689
1025 4164
1130 5160
155 1878
1705 6222
130 5690
418 4212
1094 1921
126 4467
1846 3646
892 2922
1153 7333
583 4022
1661 3774
111 7548
1762 5440
10 91
898 2183
878 5757
1649 8428
103 2710
459 2226
1342 2297
1478 6529
1295 5712
205 844
1666 400
1010 3934
222 6794
1060 4949
960 797
239 2261
709 4563
845 9878
158 3469
335 8666
202 4228
347 8560
335 6070
927 5809
810 4293
490 1940
1087 597
1101 744
1665 3735
472 3896
1811 2639
1279 5057
91 4177
1448 5089
132 2759
178 354
1388 2491
980 7740
1398 9892
477 237
9 3567
276 438
1661 6701
1605 4157
1746 2000
834 296
1326 1526
1277 3916
1068 7777
1672 6346
1263 7398
7 5667
397 8692
1683 6063
418 7134
97 4096
1549 6687
73 9370
1836 7593
379 9830
876 53
495 4837
1624 6052
241 6330
933 2315
1310 9728
1056 4441
299 8921
690 2589
493 178
1133 8153
1790 4326
921 6200
1716 6693
1108 565
1681 8737
480 6026
1581 1493
1826 7260
1349 8697
721 2117
635 7775
1433 8778
1124 4121
1766 9540
548 4330
1794 488
139 1636
1520 6363
1125 1773
18 3539
97 2994
1244 2989
1490 7867
845 9008
1263 77
324 9152
187 4746
458 9650
667 9126
1200 7084
877 1322
569 8342
198 3563
739 5548
1468 3010
1733 5009
1574 3729
1795 6505
882 3580
549 4384
789 6624
1321 2999
1261 2880
1825 1934
641 9507
1920 2129
593 8907
650 7638
226 3907
353 3845
1167 9380
1284 6013
1380 1001
1007 3395
825 1926
1717 4577
1889 1489
1284 6219
994 3489
627 7994
751 9020
1063 1601
429 4769
295 847
1217 1853
1077 7904
1141 6471
73 4363
1743 8865
212 9015
604 726
266 4040
1350 8747
1859 7683
910 4599
1 9794
846 4510
320 4304
1133 4385
1714 7630
1103 7400
1525 490
29 7690
1142 8044
1808 1459
1546 742
397 1724
1327 8488
364 5565
999 6566
95 4040
594 3882
597 7655
695 911
1410 7082
327 2988
1340 3709
1333 8170
1414 7276
1041 7589
618 478
1882 7990
1490 1619
327 2159
724 1153
870 9778
1013 6623
1583 1140
1044 1556
184 7488
278 3637
42 4968
743 2320
1334 3783
309 2741
1228 2051
809 9185
1956 3996
1342 6310
132 5386
1233 9502
794 4029
1379 3297
1671 3957
1916 6671
333 3408
560 1264
1593 2730
690 4548
109 2255
1662 1192
91 3377
792 4255
1094 4881
1821 360
455 5095
285 8385
1460 1200
1206 273
262 8269
1354 363
1741 345
1494 4243
1702 6102
1075 1561
729 2186
1349 8827
257 8305
1799 98
1888 9446
2035 5622
1643 177
1840 6290
489 9676
958 3258
1529 3611
735 3973
547 5513
145 564
901 9850
1514 7721
1415 6548
603 5759
1127 7261
1398 4151
57 5804
574 1586
1128 7011
1060 7194
1906 2955
858 4386
1993 645
333 9953
570 6074
1405 1552
1050 6732
1811 8694
1319 9185
1 6034
449 8098
1412 2414
1265 7739
1254 3876
321 9581
1050 217
529 6303
5 4786
1464 7226
39 8599
1375 3685
537 8045
878 7683
1195 4425
346 3329
64 4039
636 6131
903 9652
544 8964
1060 9413
1007 5949
1330 3646
692 5648
1261 121
1714 1663
731 7905
1590 6604
1429 3510
1905 4992
1760 2556
1754 9211
1349 8316
246 3488
1100 9704
1018 3164
1949 2703
1251 4354
374 3016
1854 6117
2126 9014
26 7549
1366 5356
758 491
1755 3707
1749 2400
138 2385
2 1167
370 289
1546 5691
482 4206
1780 2078
720 5835
2156 8932
1879 2898
2100 2316
1738 5898
726 3420
1702 8976
705 8257
468 1161
1150 2915
889 4964
352 9674
1728 3980
1636 7311
594 9036
1990 7060
1469 5485
780 6361
1125 3220
1726 5163
1103 8835
479 9800
1304 5622
1305 8887
974 2819
391 2257
1716 643
84 1876
668 2048
1109 9176
518 8648
2087 3865
946 8308
803 8682
73 9790
903 5165
1601 746
206 5672
1819 5869
2103 8500
1282 7937
2106 244
1907 5238
356 8254
1437 4003
1477 8051
831 6868
2072 3220
72 2266
987 3790
811 2888
24 8962
1072 5234
652 7009
754 3586
1160 354
793 3360
701 1626
831 2579
1095 267
1247 3268
38 59
635 3504
487 6043
24 6746
182 4904
1654 780
1232 5157
1157 6938
1709 5631
1633 9699
2147 7543
1739 141
694 4925
2046 210
186 8760
818 737
1482 4314
1180 2003
989 8136
899 5881
654 9508
951 606
1501 6296
142 1855
1489 9192
875 3752
645 3481
1698 6613
209 2502
477 8951
958 2015
1634 13
1514 6113
1203 2926
1356 8275
1573 3290
928 2826
1151 4299
1438 8034
280 3578
45 3957
238 3990
1249 9814
1020 3380
928 551
944 9478
682 4572
1292 805
447 4192
1526 5013
1972 1924
145 1252
2165 7730
305 469
1030 7502
2214 8768
1890 3945
710 490
2016 8086
936 3949
704 5457
1586 7816
839 4936
1789 3623
335 4038
960 8869
610 6027
830 2265
1547 4657
46 985
1743 9143
912 6619
624 6192
207 3160
1880 821
1072 33
656 6165
1138 8373
1074 4028
1107 9195
76 5341
2270 4149
1453 6421
203 7548
12 1172
1346 9472
559 7990
1568 5325
1501 6494
1705 9238
616 3913
1255 4791
230 1807
506 2980
1716 8900
1518 849
435 1887
142 19
1663 931
525 36
2241 3827
2172 8186
168 4404
981 8970
63 7935
2056 2274
1904 915
1730 9962
1571 3979
1633 3813
1666 2203
2085 3775
2028 9160
12 8053
1082 2912
915 3527
1284 347
737 2178
864 2257
1256 1308
712 5806
247 4724
75 4524
263 8122
1188 7320
1690 5128
283 3406
1041 1253
1114 7696
641 306
61 5782
951 7821
2261 2379
1667 7476
1612 4380
870 2294
1899 2751
1223 1610
1330 1333
253 7513
1360 1475
834 5486
1257 2368
776 7358
856 5842
970 7204
1146 3012
1549 3877
463 8106
788 4178
1797 1844
826 5168
977 3997
2289 9335
1073 6513
66 7669
700 4376
665 8246
719 2660
1087 3533
1771 3307
777 5412
1472 2422
1599 7886
543 7482
423 5790
979 5026
1844 2506
1325 7609
912 112
1622 5930
1351 6334
594 4283
1318 5804
2086 3695
2091 2751
775 41
1992 6986
1075 1511
2345 9434
1958 5437
332 2250
496 6256
274 4126
715 1865
55 1596
1662 9796
290 2428
675 9535
888 9123
2258 5171
1130 7986
1609 1772
2130 6327
423 6782
570 8055
2234 5106
658 9075
2282 7595
530 5039
840 4948
829 4095
174 3161
120 9410
2005 1688
1116 8219
887 8271
273 8076
645 8395
2233 9962
1344 378
1438 178
43 5378
2114 5558
1976 1259
171 9496
628 625
354 2476
944 313
2238 5386
1894 6117
1803 3350
1717 5114
85 9581
1058 7485
1002 1445
2310 7458
2301 9552
848 5518
2071 5523
384 7643
2217 7313
1218 9571
424 8813
1724 9700
2063 8644
176 4130
1521 5597
1147 9382
559 8587
495 1582
178 2836
568 9765
1350 1183
750 2957
1696 2037
608 8714
2005 1885
784 3597
2143 5833
100 4285
2296 5489
931 1315
663 4808
1680 6136
1382 1699
2266 805
2390 6930
176 4656
1863 8517
1470 634
68 540
1150 2904
558 6455
620 3239
1391 5593
562 5794
10 9640
1573 6054
75 6468
242 6268
2328 9571
1544 2745
1393 4721
2070 3576
1452 6635
409 2485
114 8074
1556 9907
140 1661
2379 516
537 4241
891 8324
2338 3387
285 3945
2056 8407
2113 125
1186 1370
1797 2919
2030 4972
663 3309
1540 5275
549 8026
1295 7283
2280 7143
2242 6775
398 6107
1133 4992
1118 2935
1673 2252
273 7253
401 4376
597 5177
1781 2919
1839 6140
928 1523
299 3439
446 5876
751 3624
835 5497
1820 8444
1861 4600
986 1993
1232 2989
1277 3469
2391 1158
54 6940
2089 8466
1515 1882
1815 1334
1166 8004
2265 860
187 9912
407 4527
1277 8533
51 5709
1893 9072
2222 6936
2425 458
522 1367
1292 8396
682 2657
2150 7125
1972 3679
1253 1096
2406 4779
84 6903
1567 6458
1613 4284
598 4579
510 519
957 1290
389 7916
129 7161
343 8540
1748 1728
671 6495
1935 2089
882 4195
488 7098
1378 7489
752 5416
3 7609
1189 7286
1262 9575
1602 4993
578 6295
1921 6419
2390 9531
747 4125
643 7881
572 9199
2269 8036
743 114
10 3796
731 5142
313 9168
833 8514
46 1077
2568 7023
2426 4443
1932 8899
1532 4345
1855 6998
2224 7149
1582 7932
359 1705
466 9144
706 9531
1789 6113
1115 493
777 405
1556 19
277 5140
2069 5263
1699 7880
1901 4603
2317 1706
1898 624
787 4529
926 736
1649 4250
2588 7931
769 1282
1812 9485
2606 6176
1156 2639
642 1148
2500 3711
2521 4139
828 3262
514 7639
12 2271
677 9243
122 5449
1951 1915
616 8918
204 6717
1940 2665
471 7422
1608 1079
641 1699
719 7740
392 7770
1225 5109
1312 4984
432 8813
1529 6509
2214 5820
2507 5002
1017 8647
364 2278
202 6216
1810 9793
555 368
773 1688
520 3050
1696 8433
2180 892
1473 8321
1957 3950
4 9431
2262 9286
1221 8159
1742 822
634 3123
1310 1782
239 9976
2219 1441
425 6980
2386 291
1720 8357
2621 5957
800 8728
1896 5303
2111 308
1380 713
2042 2596
719 8614
1308 1625
2296 2283
808 1976
769 6374
2132 5618
2229 5230
1086 5539
2495 6292
2344 1986
1046 9226
1058 5763
1153 2501
1729 5528
2317 5082
389 4547
2602 2064
2295 6642
1548 2326
110 1294
682 3335
1885 7408
2355 4872
450 3144
1787 9561
18 2349
1104 5489
2529 1265
1609 4170
1253 5392
1023 9237
1285 8278
765 842
2590 9497
1866 7091
1428 4592
2522 8636
2197 8088
1499 2987
955 7342
2110 6641
2275 5258
1589 9058
628 7963
2590 6615
2430 9753
2635 4047
2317 5614
526 5338
413 100
1453 9404
459 2053
2454 5859
1625 552
2018 1976
683 210
465 9644
2652 8476
1671 731
1991 2312
350 1638
2231 8974
2645 6238
2683 8537
1595 7830
558 5626
310 8567
871 3862
1947 5116
1683 9105
1621 2364
2064 3201
215 2541
1922 56
380 9762
1518 3221
970 5527
962 381
628 3069
386 8994
2154 6175
1140 2693
941 7745
899 1270
687 6186
1013 344
1558 9931
344 6
1087 3334
1843 9609
2662 7519
1293 5531
2585 847
759 7088
430 3881
2633 4265
2196 7138
2225 4365
705 6291
2416 2388
450 3471
365 8068
1490 5597
1129 1800
1600 5721
1840 6236
1547 8465
1769 2659
1931 4507
2494 8991
1224 1040
687 8042
2330 3751
261 1309
732 2309
1394 2503
997 2286
561 9227
634 5966
795 3321
278 817
840 9105
1473 9747
1484 2527
693 4705
2246 6363
2507 4301
1448 5617
2602 7879
1133 2692
498 2201
928 3741
182 6770
707 4142
446 9883
1961 1440
1254 6454
567 2946
2594 5393
2489 2445
1659 6767
1759 8975
883 3497
629 9600
69 1510
639 7185
629 2991
1289 837
1961 1574
1025 6845
1949 9311
2730 333
913 1332
1256 908
1835 9522
232 9728
1907 4730
1996 6825
1016 1987
2696 4152
1247 4102
1380 4359
1670 2601
2092 6503
1691 8392
2614 6750
1227 9156
2815 9234
191 8160
2718 5170
1337 3962
956 6740
2277 471
2729 2622
1779 4518
155 6491
865 2126
1608 3378
777 7107
1782 6692
814 8609
2030 3136
1454 1211
269 4117
2449 7456
1534 4465
364 1587
539 8979
74 846
1720 1395
646 2097
1697 7974
2187 5535
1936 237
2351 1272
609 8754
2374 5688
2119 1221
291 4629
2840 4056
2472 3183
352 2732
428 4511
1840 3469
499 5462
153 3088
1795 1546
1938 9635
1953 9644
1680 8745
567 4601
21 1613
2857 6605
865 6790
442 2674
2088 3425
2654 7493
205 6108
2255 1700
1798 3056
1526 773
2665 791
1144 3843
374 3122
792 3727
1047 3235
817 9540
2788 1635
95 3228
80 1944
2036 4191
528 2426
1479 9962
2757 2908
494 1963
85 2679
2489 441
1286 652
176 5396
1746 9804
2076 9052
1992 7194
1951 3494
1966 2850
664 6642
2128 4437
1738 2756
2571 9135
779 7839
466 3768
575 7051
122 232
2611 9500
60 1750
2088 7712
189 591
1143 5758
1000 6052
2709 8100
2497 5062
1887 3990
1409 6382
1023 4737
505 7294
1208 2434
2449 6762
2353 4960
2775 6757
858 9998
2319 1228
690 6456
1049 1580
2287 6022
2756 3798
2475 7684
680 2634
400 6395
2104 4501
1311 7999
2685 3663
1295 2695
2332 3130
228 6666
141 1923
2152 4101
561 6579
2195 5557
474 3203
1089 1572
714 2038
1191 6298
2867 7071
319 3882
2133 8912
349 4700
1103 5018
1568 8264
1093 2919
789 7723
1676 2145
842 346
296 700
1849 5945
523 4117
996 3165
1185 4758
1006 1912
2591 8019
1646 9302
413 7554
98 999
1529 4876
1867 3009
188 4655
2061 8217
822 9294
1283 3303
2499 3604
215 8795
1103 6142
2509 9906
747 6583
679 8398
2044 5127
1897 2562
353 300
59 7601
1315 5073
2635 5782
621 2000
2964 3923
1016 4798
914 8837
582 9965
418 3785
407 457
386 9459
294 6352
2047 6144
1654 8019
2242 6152
2375 4665
1908 828
1699 995
1287 3778
794 9874
1356 6121
2159 991
1320 3293
2862 7585
1552 1039
123 4580
2644 3608
796 8275
652 1473
1227 7374
2552 9597
2786 4720
1967 9971
941 8999
189 6229
1888 1515
2168 8531
1594 3331
2722 8543
1254 6127
2738 3998
1418 4473
612 9861
1160 1861
669 6738
1135 5781
1302 105
45 3307
2457 4129
2733 1789
947 8054
1459 551
1733 1380
149 689
2963 7672
815 4950
566 2991
872 306
470 7170
285 2879
582 926
2408 5805
587 2430
2836 142
627 2581
301 5437
2674 1323
2168 9036
429 3059
2499 9423
2027 408
1067 4871
610 2796
188 7043
1925 1903
3051 5933
1711 6668
2030 7004
2488 4057
1520 3516
512 6778
763 9716
806 3036
984 1150
790 5070
1267 9334
2878 1019
3020 8449
1249 1431
1070 793
1962 2922
1006 7371
1782 968
1862 3777
2322 7101
2484 1852
108 5883
2231 5315
1837 9770
2734 5325
2570 387
2325 1304
1765 6153
965 6493
2527 8410
1734 9046
1793 4519
2355 4591
2942 4182
294 7058
2054 2680
2546 6561
2098 443
1268 2799
1729 2106
2541 4689
354 402
1350 9832
2011 1282
2465 2562
3033 2054
124 9093
2024 5077
2891 8976
165 5947
2817 1758
1073 1959
3007 4481
2165 6585
684 8505
474 4770
2669 2423
354 810
1139 2715
2303 7950
2215 8156
1353 5119
1137 6159
2315 9298
2336 6667
716 960
2855 9639
2915 5918
51 9653
1877 6664
626 8165
203 8198
742 3908
2233 7413
648 9046
546 9497
451 6718
2230 7018
1085 9619
2095 6181
1591 8326
49 108
2714 81
1705 4109
59 2886
3149 6259
681 6813
140 2477
1097 3084
2447 4585
2005 4683
69 742
1139 6495
2839 6865
583 346
2391 4257
1370 9467
2230 2116
3017 6721
3063 1927
1536 3521
629 3847
3147 6411
2257 2371
971 4455
3020 9412
2849 3110
163 9493
1561 9787
3077 9541
2489 1053
301 9754
3006 9787
1975 8711
2314 7035
1802 1799
2017 91
2570 5393
2469 3947
2830 1459
1430 2649
1345 953
2129 2753
1235 6088
1669 9496
1262 7528
136 2208
2439 3712
1921 6230
1903 6274
844 8303
1487 6100
1025 3702
3001 3998
32 3828
1100 9294
2835 4709
1528 9956
689 8087
118 9597
2948 2657
850 2069
2618 3310
1362 2720
1584 8092
714 9044
929 1222
1167 6942
1155 4493
1093 9994
1803 3422
1362 7019
1349 7317
1972 5966
2656 7967
2195 8782
1782 936
1533 1343
2205 9898
1557 1788
75 2747
1735 2662
2650 4148
3157 6075
588 6003
899 3910
2197 6181
1048 9780
998 577
2644 9493
2583 2093
436 6158
2281 8845
797 5773
486 7790
1420 6015
2025 2429
352 9905
1530 5553
2864 995
2659 8096
3014 643
241 5297
66 9335
244 8819
382 2866
90 6667
953 1495
1128 6325
2202 8766
2476 8897
3077 281
817 6005
1439 4259
2521 1564
2202 2053
159 510
1692 7749
2127 4013
2558 8781
3043 1101
3043 2190
1890 9985
2400 1177
691 878
3155 463
1104 5395
2568 621
978 3728
2387 9606
1992 4387
661 2970
209 6200
347 6534
2938 8796
481 2004
1942 5808
2574 8297
60 8629
3098 5991
2530 1751
1325 8592
2768 6331
582 8573
1098 8956
2645 4068
1934 5192
3013 1393
1907 3788
3196 916
1509 238
522 4014
686 6579
1106 5743
1757 2022
3085 2772
1308 1332
3195 7389
443 4820
1797 925
296 2399
2087 5794
1311 9689
2447 2669
1185 6655
2428 2476
1887 6568
2729 8318
934 6692
1160 1615
3054 3872
2685 4262
679 5496
672 3248
3024 5213
53 6168
428 222
3211 1680
829 9074
923 3283
3037 5527
2193 4956
3317 103
3250 1192
834 6935
2992 1041
3142 2420
1413 6187
2259 1940
2080 6747
518 3253
208 1836
2202 8736
2987 9968
2168 1911
2558 9002
2311 5599
29 6127
3089 73
1546 8877
177 9378
1976 3275
3038 1434
112 2865
2027 9254
2771 9258
1720 5932
281 136
67 4888
1271 3522
3296 1560
1948 7732
2454 2812
689 8104
1368 3460
2868 6427
2890 9482
506 4599
3054 9914
1122 5132
1245 5861
46 9501
2252 811
767 759
1788 9605
278 6082
2441 1608
1642 8227
1216 2933
1650 2376
709 2935
2174 711
3147 1142
544 2521
1516 9379
2972 2603
2545 6225
2518 7803
2364 6586
1965 8998
2634 703
796 4930
2870 3330
3324 2112
90 952
114 179
3136 963
116 2465
525 1639
86 7673
144 4494
2022 1053
1723 3825
2425 4537
1186 9078
2551 7879
2591 6312
1085 4481
2013 5854
2731 1856
1440 2962
1934 5780
1794 9028
983 701
2369 3034
2257 3762
3373 4870
1264 8970
657 4557
2379 8304
1632 6792
945 9785
2072 7348
164 2830
1359 6251
1030 4906
3197 5151
1206 872
1377 5295
1600 7955
1446 9907
3317 3356
1414 6061
1849 1047
690 4787
2899 6164
1540 6152
149 7872
3018 7424
3202 7873
2113 1568
127 2014
1100 5192
3097 8094
2980 130
285 6045
1429 4720
2706 7379
3062 9106
3324 8090
423 5294
808 2664
1378 2231
1150 4534
1395 788
436 7294
50 3607
1613 4345
2496 8964
1739 9459
1514 5410
1869 8726
2039 8783
2164 9196
148 5529
470 8374
3001 4379
1114 7572
599 1953
1372 37
2995 9406
1074 2191
296 766
1593 1981
35 7774
1171 8979
1382 6533
336 2803
3305 661
1625 8007
2826 4878
3466 1547
624 6142
1118 9568
1872 1591
2445 1739
921 1844
3342 1459
3297 5521
2200 2663
3014 6799
3194 7554
273 5589
630 9450
3379 645
1395 6380
1927 9661
1108 4543
2363 4619
131 1618
573 7264
2211 5476
2435 9789
1252 1070
3350 3614
2578 788
1368 6125
3457 3280
2159 9738
1321 1606
2650 7059
1283 9677
3177 1688
2651 6162
3021 3592
2172 7306
3011 4116
2149 9304
594 3861
1022 71
1089 6570
1531 6246
1842 7225
1216 1170
671 9294
3008 2110
2641 5148
3007 732
1124 7194
1926 2295
1111 6407
984 8052
2024 5680
964 1976
3164 1412
1001 3166
3372 5243
2971 3916
2661 6383
153 4836
2840 4578
2217 7115
3535 8684
2052 7217
3040 627
1574 1864
80 5913
2284 8020
559 1323
1871 836
2681 4131
2563 6970
652 4026
270 3321
3024 8799
2521 1826
1882 5989
3000 5037
1096 8212
1855 9792
1316 6039
2066 252
3287 6263
29 8837
2280 175
3163 6859
2761 3124
346 3460
2090 7370
2918 7350
649 5298
1664 1038
2635 3130
2374 9236
2958 5038
1538 6003
2506 8571
176 9933
2791 7555
1773 8594
1748 2025
890 7943
2313 2870
809 24
2518 7231
1802 2315
3498 721
1430 3090
3428 3470
719 576
854 7127
76 5977
2663 9811
1669 5967
916 5429
521 6749
693 7782
221 2337
2320 9146
925 9120
2429 4564
2110 4325
2493 3496
3232 5517
633 5311
400 4686
23 8610
3461 6752
1883 8465
3317 4196
1757 8393
1062 8804
1431 4086
1382 757
1635 893
2816 980
3221 6671
2003 3338
1746 7312
315 1218
393 9550
2851 3514
2324 237
2006 1965
1165 7107
463 3412
2967 9837
1579 9046
3322 6256
1229 5291
2835 7195
1343 7161
2 2570
1037 8114
1639 7364
1568 9410
2904 3130
3343 2213
872 1835
1309 156
917 1486
682 2740
2337 5665
3502 4909
1058 6667
1675 4476
2441 4390
548 1579
1198 8534
3023 6730
2376 4051
17 65
1328 917
2998 1037
2664 2166
2056 5341
632 162
3269 6391
3594 3792
46 7757
3451 2308
2917 1545
2878 3674
2226 4464
104 2052
2095 8699
3194 1099
1076 7630
1385 7687
242 9232
2981 8488
2819 5331
959 689
1880 8010
3415 3925
459 3088
3094 9201
1014 667
3477 9559
160 706
1178 2631
3068 6801
2542 1439
384 2579
3140 4903
884 2695
1988 1310
1387 8914
3542 9700
1408 1863
3644 7616
1718 5644
1956 8105
433 8292
2085 4515
159 8479
353 7983
567 9234
1376 7689
1487 3555
2306 8974
1119 2245
2337 2209
3045 8796
1140 2864
85 5929
2499 7071
57 2387
604 3421
1024 6619
1860 2930
742 950
3251 9340
2420 1870
2370 801
2933 6074
3481 2914
2478 194
3570 4074
333 5358
2639 5425
568 342
1884 6578
3529 9424
2344 230
187 6663
2940 668
3557 9847
286 6050
3602 157
2832 1287
1239 4661
3174 2855
2950 9746
29 7082
3314 5908
2886 9848
1630 5301
444 6031
711 1721
532 6596
2342 4898
1148 1907
2348 8798
2164 5204
1122 4129
2293 37
1343 7512
2260 3974
1599 3623
2389 9996
1850 2733
1256 8169
2057 3599
2389 8781
909 1863
1190 5758
3237 8068
1133 1303
2080 1892
56 5719
2476 3210
968 853
1000 2629
2740 7990
860 7288
3459 6737
3415 9859
3358 3564
1579 858
169 7094
2220 2617
285 2283
262 4899
904 1473
1005 1161
677 5687
3283 8689
2758 859
145 4113
2550 2544
425 3225
157 1296
534 4801
1017 9364
1164 446
1807 6493
3653 7278
951 2757
1066 5246
256 1377
1138 8888
2019 1089
2917 1448
17 1844
3096 2362
3621 4498
3775 5024
1265 6768
1292 1912
856 4022
2658 3209
1379 1768
1744 88
3732 4979
1584 8271
960 398
2744 9631
3325 8356
49 8984
3649 1765
1298 4555
225 8108
2775 9562
2930 5324
1490 1206
448 4783
233 2742
2433 3183
3737 5604
1994 8524
3348 7315
2057 7073
1505 9138
3552 7290
456 2110
1006 9465
3452 8695
568 1454
1077 9554
3426 458
990 1628
596 9016
2661 9732
699 331
3627 4398
1059 3934
1503 7441
1242 4086
3616 3666
3189 6750
3792 7878
1938 6506
1961 3258
362 3669
1307 1991
629 2897
531 8338
657 126
1449 509
2970 4275
116 2250
242 421
2252 9742
3779 7785
2190 4629
2672 6497
2054 9107
2278 409
788 786
1471 6092
2812 962
251 9215
1796 7936
3130 3240
2618 7127
2781 6297
1578 2596
103 3565
1995 883
2104 1874
1071 7482
1696 3632
2026 4240
3833 4065
3180 5044
2413 3077
492 9372
332 8028
442 3362
3113 6204
2770 2879
2208 7787
2139 2542
1364 8030
203 9238
3433 1110
2841 6143
430 3101
2500 4969
2714 3886
1536 402
294 877
1929 753
997 5815
3434 4511
2659 2614
3723 6926
1485 7870
2504 8657
2213 6542
287 5163
2924 2130
776 1866
424 1294
2801 5520
1503 7333
24 1713
2533 821
3629 1982
3143 4739
2775 9678
1746 5884
1042 9181
590 5310
736 6243
179 2310
1491 9200
2985 895
3077 8296
205 4668
1159 7106
890 5909
2521 1919
2646 6706
3674 5117
575 7142
992 4779
2966 9639
326 5388
666 5930
3467 8559
1213 2542
770 7661
1145 8645
293 5804
1229 176
1174 7729
1612 8132
2595 9448
1784 2443
3527 5730
3688 5784
1672 3315
1452 550
2282 6059
2839 436
122 7274
1352 3306
597 5709
2201 5062
3421 527
2052 4706
1168 6343
1242 2350
2130 7823
425 3000
1058 5568
3314 9245
704 9888
2005 8534
1676 8393
322 9469
1181 2888
43 3193
3824 4342
1938 4225
1387 9142
72 5382
1347 3241
1842 1295
3618 1569
2295 2734
3466 3306
1082 2359
1874 7722
3021 5544
3936 9283
445 6296
896 7653
3797 6549
1688 2412
2806 5145
2078 3259
2078 2122
3368 9076
3312 3928
679 3885
1305 7422
3022 1393
3828 2323
3646 7107
1298 5862
278 2738
1105 9790
1121 216
269 8908
468 949
7 521
2342 7394
2040 5990
2249 9933
3087 7352
2502 4470
3882 2690
2638 9442
3139 1512
904 3747
1821 458
2388 8277
181 1639
589 1865
967 4307
3559 6054
842 2238
568 4174
3390 3254
1544 6267
3727 7450
2346 6576
1762 3391
2836 6084
2752 1070
2462 1599
683 5378
2561 8807
3281 1538
3759 7881
12 2847
2789 1410
3212 4474
539 7223
3345 6733
3940 2795
821 9109
1721 1376
4021 3211
2197 8725
1794 1403
3883 7673
115 8312
3507 819
3222 2771
11 7816
1108 2747
455 5588
1819 7785
3036 4882
1680 5006
2156 900
973 8587
2227 3653
3220 8950
3934 6521
3898 6206
2022 4716
3560 9160
292 2621
3896 3780
1747 8569
2910 4763
1165 8755
3716 7820
637 5715
3734 7775
3185 4227
786 5440
1378 2587
3210 8411
1541 538
3081 9117
2214 5053
1048 3157
2854 8790
3165 4559
1168 5208
272 9302
4026 3914
3808 1191
1396 8216
2372 2401
2675 1433
3490 2964
1034 5749
3880 9628
2225 863
1587 858
708 919
1620 1072
1434 4816
3708 3792
423 9444
3901 4680
568 7067
2350 7089
1036 5355
795 2279
2108 7914
2716 8388
41 2240
3004 9220
3887 7429
3554 1174
758 4155
927 141
2608 650
3211 1089
413 9231
2668 2107
1216 1528
3105 1616
3986 8332
2703 1655
2509 1947
287 8291
655 8012
178 6267
3593 1200
647 2122
3584 9881
3565 5544
2500 9135
554 4870
2649 1416
1131 6316
314 6088
1482 8086
1823 7985
84 5606
4093 4284
4026 8798
2823 3229
2980 7444
2761 8101
3886 7912
2017 6629
2092 8367
517 5042
3615 2274
2197 530
3112 5231
1623 3853
243 5254
2494 1250
1177 1130
3581 4062
2027 9814
3837 3415
2194 5866
3207 8561
2140 1547
2108 9648
143 420
1480 5294
1068 841
510 8693
3559 3050
598 6088
1152 5685
3064 555
2890 1380
531 1463
2950 9281
323 8159
1749 5434
2420 3082
712 144
2256 2985
911 5333
1942 1330
1050 1325
700 5593
2716 8502
702 6914
1920 7207
107 6822
319 7904
3092 7420
442 7937
3951 1220
1925 4525
2264 1192
720 9240
1994 8359
1619 4992
769 3269
1398 9517
568 89
378 7160
472 130
3324 1151
1489 7612
2162 2592
2343 2464
3427 4174
3531 8227
1119 3413
1909 6012
4123 1701
2330 7660
3263 5835
2749 1352
3307 1281
1051 1195
2524 2932
3661 576
3730 9003
201 9086
3361 9201
1728 9347
3457 4184
764 6831
116 2442
1551 2468
4097 1813
1513 270
2063 1132
2162 1282
1513 5082
3753 8357
529 5111
449 8397
484 3507
2602 5340
4055 2288
3395 8991
3209 8158
1219 6982
2156 4190
3069 4162
2739 5577
3836 4091
2284 2377
3661 1010
2466 94
452 7314
3302 2681
385 217
943 8549
4148 5032
802 9520
538 9542
3743 5988
1365 1928
3313 2724
3638 5858
3002 6276
2700 5600
2612 7715
2690 5223
2554 8811
2832 201
1322 7880
4132 8443
1889 8648
371 4799
2073 257
1755 4354
4028 7769
1946 2474
3650 866
4128 9232
3773 5529
3758 9054
1648 2665
1406 5046
2955 7754
3366 6358
1524 2439
4043 4304
3869 611
2794 9563
3850 3396
3383 7837
2903 254
3564 3807
2900 8573
3710 5197
1373 3501
3998 6048
1621 9875
3880 7452
2456 940
3336 6632
1994 8155
2980 8474
2871 3794
1099 8111
1191 7988
1451 6698
924 1802
2031 3101
4114 6410
2590 6615
3336 590
522 3011
4222 2175
2683 8091
1603 5194
2544 6081
1628 5740
1902 3200
1301 2718
2876 8567
1970 7323
3363 9797
1417 1588
3281 1187
2514 6022
3795 7531
3116 3367
1958 1146
3969 6002
2338 9068
1277 398
1317 100
1298 7966
1866 6599
1562 9231
1884 4545
2152 1669
98 1519
83 3234
272 4335
3836 4238
2492 4194
2654 3657
1821 3988
2174 5621
572 3698
1222 6456
428 8495
1129 7814
3690 1398
769 1192
1035 8820
2703 2811
2415 911
907 1366
3256 4230
511 6639
2071 3296
1446 9104
401 7314
2847 3086
723 2391
1162 9540
1936 9823
3382 5775
4320 6091
2423 6551
662 6482
3352 4148
3862 204
3957 5921
332 8803
995 708
1703 4269
4030 7032
3683 5360
2700 5034
3178 1484
1101 3856
2833 8490
2962 6483
1109 2966
3649 1951
795 2050
2085 3007
198 7105
1181 1079
3473 1673
2904 5878
3089 1899
4228 9988
1910 3703
4314 4363
3084 9075
4370 8147
3267 3519
1603 3995
2824 7723
3855 1021
1249 6662
1054 4824
1987 1427
3865 8475
1813 8635
2436 3924
3542 4253
3872 3235
868 483
1580 5045
1877 9762
2718 5985
3656 2735
3522 4813
4346 5798
3331 9149
4168 2701
3435 8524
3553 2070
1009 9533
3598 5534
1422 1240
1845 1114
4146 2616
3859 3165
2333 6930
3992 3978
1015 3715
1368 6247
1269 3947
3556 9912
653 800
1657 8861
1358 7584
1150 7927
922 7063
2496 9193
1304 7056
4390 9750
1082 1390
1163 2653
2631 5510
3503 4607
2643 3580
2639 6076
3321 8110
3800 374
2044 1700
1615 6967
61 4073
4299 7373
852 5568
2428 2522
3180 7809
507 1191
294 9213
1216 7043
4288 8005
1276 5626
4041 9456
2252 684
1614 1257
3243 7986
882 5096
140 6637
128 1008
2298 9971
385 3040
2858 4721
4214 7070
3899 4712
3658 8324
2195 5355
205 9359
3390 7188
832 5799
2599 718
2336 3424
772 3762
3185 9699
4389 506
10 1431
1636 5979
131 3306
1561 9200
3772 1676
563 3719
1537 3900
426 9282
2123 9245
1022 6360
571 1750
1582 6966
4078 6798
2863 6004
1614 4249
2649 7974
1902 2179
350 4246
2651 2449
574 6775
2720 5037
2466 9568
2123 7391
2230 9264
949 5149
3359 5993
2503 7591
2459 1651
3854 1563
4313 9061
3474 1971
4423 908
2542 3166
2966 6905
4274 8634
2791 3445
1553 6114
1943 6413
4119 3613
1487 4890
46 4150
1617 9083
2102 3896
3075 9100
4341 8753
4192 3143
2502 6274
2688 5873
1332 8877
549 1364
524 7209
800 8945
1829 2832
2352 4743
1849 6034
2288 1082
2704 7329
1118 5494
4305 7751
1252 2651
2009 9668
3789 9478
978 2040
3195 5689
2935 8987
3676 3269
3325 7697
4269 5726
1908 9258
2310 5355
1260 1070
1896 2995
627 5288
4020 8432
2829 1399
2795 5156
1159 4007
3310 6576
1058 1211
704 8110
2041 7143
2438 8163
3772 2187
515 6708
2286 7541
2784 9635
3131 9690
3284 6092
1581 308
4357 1821
4269 3875
1901 2918
1627 7185
3731 7944
3431 8224
6 7447
1751 7282
1249 7249
2140 3409
4229 3681
4046 8029
2489 6108
3872 6364
2833 2912
4129 798
4434 6937
2142 1322
4409 135
2123 5812
2298 9888
2380 7705
4276 7305
1028 2656
3038 5026
2291 6076
4567 519
844 7692
1367 7049
3740 2000
3807 2215
3649 1927
1524 3056
1611 3932
3357 197
3785 437
159 5931
2692 1748
1177 723
675 1935
4548 6660
3270 6992
681 4343
738 7983
784 7018
3498 4573
329 1819
4462 6236
2232 9261
2382 8921
1765 9518
4022 782
2747 7207
2591 3274
1367 7891
484 2783
957 5458
60 3122
3023 1921
1659 2640
2848 8678
4387 7144
1954 144
3896 3342
542 7689
230 5010
4112 2457
918 1349
2062 861
26 4680
1705 4647
3407 9685
3930 4907
2480 7960
1803 8421
1785 9382
4562 8683
75 4192
146 1528
3762 4618
4538 3463
1023 5969
2846 7940
2531 2148
1425 3023
1835 5398
4140 8568
3212 1506
1145 1673
129 8088
3185 9834
3558 6254
4367 2600
3875 1695
805 4776
3872 7432
1272 2373
3889 1788
1797 324
365 6720
4586 4567
850 3595
3575 7104
3294 9066
2405 5623
1811 8613
4006 9253
1166 9155
4126 4098
1253 3809
2044 9170
1893 714
371 7783
3830 2239
4339 2755
1315 8457
2874 8833
3695 1940
2204 4125
3377 7612
882 6275
915 8779
1339 5996
959 6496
2847 4713
1902 7102
726 2391
2866 3401
814 614
3328 6223
2540 5866
918 1335
958 8687
4267 4423
4152 6968
1854 5264
3959 4188
2610 9987
1715 7168
4207 3385
1339 9439
738 8151
3407 2239
1265 2
2136 5410
968 9012
1194 4230
3370 4059
4607 97
4593 9328
1156 9662
1564 2952
1139 3760
2254 5002
3669 5632
4463 1087
2515 8590
2325 6536
1807 542
748 9001
4390 8277
708 9128
2740 3695
4028 745
1597 3097
2369 3184
2781 7681
1063 1901
3609 9718
961 1813
2889 6208
1862 7545
3193 4957
3699 6339
1967 795
4108 4433
3787 3152
818 5268
3803 7674
4401 1257
4341 8289
2952 3957
3386 2065
1123 3033
2437 9924
1986 5336
4530 4224
2144 6148
1685 2185
202 9228
1112 6198
4567 9708
2409 5628
3617 3363
1858 7158
959 7811
3971 7716
3063 3860
3863 3988
2514 4093
3825 4035
2775 7998
4102 9760
4690 2625
3790 5703
2129 4431
3016 7406
2915 2715
1127 5537
3832 4342
3429 2620
4592 6833
3747 8144
327 3592
4298 4454
2622 6614
3844 1401
1533 8939
267 1992
4589 1765
2840 1388
3829 9428
3300 5316
1358 954
3652 5341
761 2831
2475 8422
3899 9683
1312 3935
2343 6221
4147 3252
1706 1108
1698 8520
4634 3717
4350 7308
2888 7921
2951 5058
2786 9684
3137 8438
923 1036
3008 4712
3600 83
4665 169
3203 6573
3152 7193
2479 8679
1209 3986
4203 1183
1186 444
3233 6473
2928 6003
1622 4215
2743 4945
4308 9586
688 450
2635 8992
1631 9949
75 5392
3190 1429
3948 5763
4769 4097
2572 1073
1288 685
3964 6589
4270 4412
21 3747
1006 622
4431 1556
3260 2129
139 9408
4167 924
902 2757
2359 5916
356 1111
3133 9711
3799 8648
1289 9843
2280 379
905 4982
1265 153
402 5426
267 1855
2930 462
1787 2064
4626 7378
1194 2325
3738 2980
4011 8404
187 8165
1867 4667
285 9368
3200 1454
3181 7057
3949 3981
4067 8724
1118 2793
4577 2990
267 5668
2029 3493
3259 1159
3337 4659
997 2002
1229 2399
2797 9345
1912 8089
800 3968
2207 8959
300 8508
4100 259
4401 2635
3065 4220
3614 1234
3730 6753
1545 2537
3229 5350
2048 5425
4148 5221
4827 4055
3781 8584
1258 7204
1340 1685
1807 4152
2363 6600
153 7419
1615 9186
1726 5901
2758 7317
2172 1408
4180 7551
2949 1911
2234 1551
3660 6708
1093 516
3456 4654
2848 2266
2751 8366
3983 9122
1489 8480
1462 5799
2822 737
2423 8059
3216 8469
204 4003
3684 8300
1341 438
3746 7463
854 6537
2579 764
3919 7788
2824 7884
1646 3459
148 9441
3219 1872
4406 5346
4170 8285
1526 7138
4609 3556
4876 7284
2376 1703
976 5632
4257 7142
2303 9678
3514 3449
563 5379
4077 9422
1576 2727
2135 2206
2372 7172
4412 9211
548 5052
3355 3080
3144 9598
414 264
1358 4322
268 6104
4651 7025
2938 9027
1638 5692
2459 2951
1152 8643
3642 7687
712 3969
4612 9684
1400 9927
2353 5248
4908 3047
2122 6977
4004 2746
1482 7252
1102 9379
3349 9848
2858 5008
3892 2334
4147 7437
1318 5507
3400 5581
2038 2438
3806 2617
662 6902
3991 7278
4726 9953
1769 858
549 6853
591 3703
4255 4341
1710 9113
646 2284
772 6740
3817 5884
1561 3870
3131 8638
2238 6212
3480 5105
2031 7666
4220 7473
2884 7061
2160 9072
95 3990
478 7548
4877 855
4269 6266
2077 3891
1283 719
4878 3356
245 9209
1351 6890
4959 9181
2694 8489
1693 62
2931 2011
756 2598
346 9698
77 5201
4200 1141
1184 5262
1633 9378
367 6842
2507 7081
2405 4507
1411 2282
2682 5006
600 9462
2670 1536
3895 9725
3185 3924
2763 8322
3187 4475
4665 8898
4330 3107
3044 5892
2509 8634
1179 4717
1002 4029
197 1193
1269 973
5 2934
2811 8202
2849 2896
1869 3464
4815 4140
629 1861
1058 6782
2749 3801
996 4602
4363 3345
4990 7976
2325 7944
2806 8017
170 9516
861 1115
4858 4075
3887 1028
4171 3542
3251 367
1545 1373
408 5355
1270 9780
4838 6128
1617 9739
753 7933
4254 2495
3883 9285
1476 4917
3152 7247
1105 319
1720 8134
34 9467
2856 5305
3545 1404
4926 9036
452 6309
3256 6633
4188 7544
1967 1950
3410 7558
356 4487
3768 3258
1062 8947
1560 277
3125 2006
1789 3883
505 1301
273 7496
1631 2629
284 843
2089 4310
1330 9336
792 4521
5054 4741
841 3654
847 2626
3560 3627
519 2432
3353 979
4108 9258
2771 5725
355 6864
283 7507
2906 2585
167 6484
1934 1182
3605 7100
3239 5030
2397 9396
1542 6991
2698 676
2820 58
1972 8961
4110 7337
1008 2807
1080 1531
4493 2755
3026 3574
2160 6872
4804 920
2854 4762
4994 2148
1148 4989
3083 5826
802 6483
2089 1285
1152 6761
978 1594
3076 2759
2775 9574
235 4360
1962 2646
2063 952
1334 4235
2153 9302
336 9796
3352 1456
2631 6418
3987 2659
1788 4623
2250 335
718 7392
1460 5745
4816 4188
2477 2889
2302 9184
2791 1867
2638 5597
850 9045
2631 8806
4366 7500
128 938
3554 7829
1583 4511
871 2950
2732 3151
3643 7231
1407 1200
1928 5047
1642 2998
1047 2724
4279 6263
2967 6180
1443 3542
91 5182
612 1067
2665 5791
2770 9709
3455 5626
3894 4913
3273 7429
3419 1123
1932 8777
2616 6636
4707 2241
3606 7258
4991 594
197 2168
4473 5220
805 9955
4931 6555
1310 9604
2417 2953
3703 1942
371 9199
102 6478
2678 9001
3581 7844
4621 5560
369 8574
2146 3004
1579 6721
3017 1754
2124 1690
1049 1527
596 6745
1566 3629
1962 5605
1182 4216
2688 656
4972 55
3918 6088
2521 4635
534 8823
3434 5794
2207 4067
4201 8571
3426 2926
3394 7066
4278 9244
4366 9166
1205 6963
232 5683
4106 7795
4118 5006
3992 8540
2741 8186
529 170
4453 2717
1753 6741
3501 7090
3924 2358
569 1083
934 3378
3291 250
681 431
2684 8388
2700 8493
5026 1857
2633 618
1973 3736
152 8643
4669 4530
801 2920
3442 1470
1179 5072
3723 4520
2951 5729
587 755
4613 6791
704 3188
3120 1789
4030 9749
1980 6517
4603 8646
4776 2372
4919 1845
3229 8756
636 6796
680 4589
5117 1151
810 5992
3138 3620
423 8488
187 5028
3347 5299
3778 5178
984 7306
1567 675
1050 6179
3800 6676
3335 1819
2507 7549
3482 3155
3918 5182
1431 6872
3148 395
765 9460
4831 1927
1337 8989
3265 1045
3544 255
4156 778
1887 7264
2861 1882
3383 6320
1340 2193
817 1093
212 6981
2743 2050
264 9345
4158 5977
3463 3948
836 771
1276 4928
4178 4612
3734 3745
1555 7820
602 3735
1314 6033
839 5819
4469 5994
429 2865
787 5956
2842 5108
1313 2870
4069 8004
3505 4994
531 3378
1221 3001
3105 2203
2393 1789
4123 6361
4066 1434
1816 7740
1778 1439
459 7406
4661 3261
1524 4859
4936 6416
4322 4509
403 7742
1812 8688
3218 8626
4900 3495
2196 1214
4367 2155
2915 2677
4578 2169
1585 2252
1754 7302
3846 4306
1460 3945
2225 3797
71 8736
1603 2636
4919 8162
2939 5146
3722 8755
4317 5671
2797 1623
1926 7768
4476 1678
4465 7747
1932 688
3799 1345
163 1251
4027 1355
910 2775
4828 9190
3673 7949
4255 5132
1628 7481
5099 2493
2423 3891
2583 1972
3559 5492
1737 2480
3299 8949
4304 3236
2799 8457
1372 9753
1745 5392
2181 8398
3312 124
5064 8181
3476 168
2653 7002
5193 695
1015 8760
1665 8595
3619 1114
4461 2317
4386 6232
1679 4248
3460 6957
360 9369
5093 3113
2017 2796
3305 3109
5021 1549
198 2134
3746 8237
5257 3438
2744 2159
1831 651
4186 2651
3883 7373
2425 5048
146 6097
1218 5982
1495 9702
4892 3869
2103 3860
1912 6297
3778 6970
2587 8597
5081 1037
1426 718
2279 5152
577 6895
2142 7407
457 6047
4731 9686
4782 3070
1486 8882
544 3729
4889 2775
2379 6859
4559 7118
1036 1099
2267 5816
4945 8602
2182 4360
2576 8849
2830 8437
3024 4783
1330 571
2156 9650
4664 8640
5195 9805
826 6972
2396 7734
1437 5324
2891 5466
3365 7222
4026 4808
200 8147
2673 8599
1670 5408
52 953
3135 8877
5 4239
800 7098
1043 3709
1114 8601
4903 964
4796 3969
1078 3024
149 9961
1497 4937
2089 6054
4496 4062
2022 5248
1041 9613
4582 5496
2607 9164
4321 9023
2223 9989
5032 749
2388 8583
2973 9607
5360 5296
2139 2266
3016 6058
5361 9364
3408 2817
4184 6656
2417 1148
2144 5991
4597 5259
4214 6996
4257 1082
1786 5949
2862 3961
1190 1177
2445 9351
2442 6692
4678 1484
5250 2526
3032 4650
4191 2456
4347 7407
205 2959
3549 3158
4401 7310
2075 837
3651 7650
418 6290
1643 519
736 2215
2876 1670
2354 3792
4051 1022
5263 2415
2816 1942
3080 6056
774 3355
4173 3323
2853 318
4475 2316
3636 3163
2769 8025
41 1565
398 6405
2110 9943
4435 7175
948 6232
278 8063
3753 2273
2998 5208
1124 645
4803 4403
5208 2774
2112 6648
5145 4287
270 3997
1240 411
4856 726
4809 1684
2193 4611
1724 7907
2993 4517
4800 8997
3641 5337
4804 2904
1447 2780
3267 1900
79 4985
1019 9448
5267 4639
5313 7441
251 9139
4065 5769
2351 7967
5220 3104
148 5866
1286 2066
312 1377
2100 858
2983 5101
1237 9274
1577 8313
5338 8498
5328 1628
3978 7505
3507 6020
4455 9206
1352 3666
4849 2514
1347 5125
2553 3340
1683 560
1710 3926
3492 5323
1880 9282
4268 3687
1275 9915
2230 7516
120 7480
1766 2440
4948 3633
1942 5276
801 5271
1770 1077
309 2701
4261 426
2395 2981
1609 777
168 6255
86 4774
2858 2987
576 4191
4153 5074
4203 7638
3095 2674
964 5432
982 3620
2158 2690
1592 4605
3603 1645
2673 2513
4066 6410
2717 7432
1292 6153
5064 6737
5246 5648
2258 8653
5470 3269
2469 5074
4357 773
4255 8264
1595 1710
2269 9221
2783 7966
1 6468
4464 6652
1725 4683
2211 5053
1312 8579
745 6336
5488 5564
1262 8708
2258 1791
5135 5548
1596 1309
5124 7160
1043 6865
725 983
1138 6551
1015 5819
3459 4164
217 8170
1881 7392
2965 6545
3204 7994
961 5851
2180 9089
5553 1892
1120 144
5273 1746
3702 3965
3961 8675
2626 1256
2458 1363
1098 1749
88 2539
3887 1605
1538 5193
764 7882
1226 7821
1297 33
3954 7964
1019 167
4300 6431
1210 1366
4599 2001
5033 8
3451 4857
3180 9919
1047 7944
2960 8255
344 9121
595 9222
5538 9806
3889 8423
713 889
5543 7040
1401 4082
257 9793
1209 3236
1736 9852
420 1831
2115 3683
3981 1728
851 6777
5087 748
855 2571
4105 4771
5572 865
5358 4131
4740 8246
3818 945
755 4121
4861 9434
331 2262
2907 266
1616 4084
5303 7487
2154 8480
1804 488
1590 2075
5253 9095
4439 4477
144 3714
5597 1540
2757 1379
2754 6949
3098 1665
4433 9981
1531 5834
167 4149
4621 5653
3918 2445
5616 9651
5589 2572
5277 6558
5405 4264
1114 8206
1321 5694
1516 3121
3522 2374
2003 3882
4604 6976
3110 8707
1652 6996
4341 1028
5477 9870
4675 1072
3523 8266
4309 6323
3337 8698
3750 4997
1835 980
5464 4450
2903 9424
5544 4840
718 6651
3914 8749
2087 2878
2533 1709
221 8322
1969 6013
4733 7795
2587 7483
5556 1607
3318 5531
3801 9222
937 5117
3701 5031
2959 6877
202 3508
1836 4652
5342 8461
358 6305
3049 2333
543 3344
3323 6460
56 3203
3276 8706
5189 2728
5172 6031
2438 4651
200 4607
3128 4789
2080 4538
2385 3764
5383 4354
2958 4597
4603 6943
5059 6978
5372 9368
3131 9155
3488 1458
5369 2820
1707 9530
2677 6431
2870 1220
2750 4875
3771 6086
5017 2771
4217 934
162 1357
3694 5933
428 2868
4263 7397
383 3509
1458 9017
470 5480
2685 4525
5346 4688
67 8560
1731 6644
4155 2451
1653 4513
5428 6860
328 6301
1902 2431
456 9910
102 2762
5476 4535
3368 5995
463 3666
5370 2146
1854 1789
148 4560
2531 4230
4831 551
2857 3898
3399 6667
112 7702
3307 8995
948 4104
2964 3415
1485 781
3983 3943
3693 3108
2866 6377
1106 5561
475 2194
4230 5836
2509 2019
919 5074
4774 3267
146 8863
3928 2705
5320 9921
3536 6548
627 3046
2135 4181
4817 7794
268 2319
69 808
2589 503
2502 5908
1210 2444
1 919
4751 9760
450 1193
3865 7299
2359 9453
2125 265
3406 6534
5662 4873
1558 9846
3721 3516
4324 1854
4881 5887
3615 2260
4623 5993
2976 213
4990 252
710 3651
5405 3977
2352 4478
1509 819
1905 2082
3977 346
5263 4689
4455 5518
2282 2317
1650 4527
2308 445
197 3647
1580 1516
4260 2096
4604 2260
1541 4717
2668 9022
4502 9528
672 7460
863 9925
2770 2852
2555 9156
3299 5403
3477 4714
3185 5546
2677 9208
3986 7391
5053 9178
5540 4515
5022 1969
5241 9706
2471 9584
4128 5011
4208 6893
785 2232
2621 9045
2867 7148
1945 4089
3746 205
3271 7685
2006 3024
895 2479
3453 3200
2218 1403
3740 4224
4528 8493
946 7380
4397 2592
678 772
5459 2013
648 7880
2358 1824
5768 3863
2792 6973
1742 8988
4066 5741
1833 1733
5623 4415
780 1869
5382 7565
4449 4415
4900 8180
4090 4910
1300 3578
472 5465
1892 6301
4858 2453
5559 1530
2612 588
489 2578
5084 5848
3456 6235
5215 4447
5811 5387
5263 1502
3623 5019
136 3165
3374 8622
3725 8833
2664 3508
627 7356
4428 4806
2963 7802
238 6708
1261 7398
1253 538
350 6535
3716 2652
2610 5240
2045 2166
2127 4293
710 9497
4107 1036
3307 9294
3404 4703
5704 5742
1455 3888
1414 7785
3285 3157
3629 1089
588 2024
5544 8433
62 7546
116 5444
4921 4673
2199 9224
3188 9338
4547 120
5255 5432
1313 8556
1500 4650
3741 5262
5641 9103
2696 7449
1994 4458
4131 7853
3337 336
4344 9853
5525 9313
508 3638
2522 6042
3269 9218
1094 4321
5823 9421
3754 9726
1333 4373
5566 723
3717 754
1437 3609
3084 831
5604 3145
2177 1812
1689 5330
1572 9035
155 5972
4592 2282
1253 7530
2345 9002
3886 7497
4043 3382
5010 9744
1177 9383
3072 5751
5610 8680
3504 9973
3638 5759
5725 7560
492 3157
286 7643
1265 7472
5433 1926
5782 3778
2546 1970
1248 5402
4150 1962
2009 2130
5731 5359
1668 7045
4925 6322
1336 4322
715 5319
3734 7423
5883 3058
1643 7003
3245 3623
5724 8863
5627 9308
3287 46
5793 6949
2278 7705
5858 6185
1541 9125
5519 61
1567 6443
2161 3574
4576 6927
2077 2458
3460 9232
2726 9059
3430 9826
3416 3369
3970 8083
2846 4342
1181 3366
5543 2140
3263 5843
358 6923
4262 2944
1604 4470
5391 4550
5809 4608
3396 1182
3122 1152
4595 3292
3222 9788
3070 2139
5118 7454
3482 7443
4767 64
1406 1872
867 6478
534 7068
2299 6381
4333 1252
2358 9524
85 7514
4957 8766
3309 150
3962 1166
5656 9750
179 2105
3125 438
4731 8599
3486 6180
4172 1324
5409 163
3649 5796
4681 6870
5244 7642
5791 1947
477 118
4472 6663
2043 5877
5237 3739
2173 4476
377 871
5336 5830
449 5701
4076 9962
3308 438
2363 8181
811 1004
2229 8403
2699 4571
3540 1729
4696 9868
2157 372
4038 7376
384 1417
4751 5013
2697 4434
4509 5003
4382 3510
3222 7858
4784 1788
3957 165
1653 7046
4693 3913
3395 8349
1846 668
304 9068
1189 1539
5030 7881
2160 447
2467 528
1641 4
1841 3270
2647 3650
3826 842
454 663
5833 103
6007 2272
456 836
4678 3740
5620 5768
3662 9294
3739 6563
5396 5141
770 1926
1368 5648
3811 5051
902 2536
1408 7674
421 2009
1296 4469
4630 9921
3315 6540
1379 8642
5604 7948
184 8609
4337 8856
5478 684
3978 1927
5440 8119
2620 3097
5907 3616
1210 5768
2601 3190
4714 3004
3737 4624
5420 1859
4517 4891
1225 3262
5263 1587
1070 1201
237 6676
170 3344
609 47
4873 6080
4884 9619
2052 8528
5916 728
4648 4717
2655 8271
2987 7919
1274 8622
2027 4783
4161 302
2846 8467
1469 3730
5646 3371
3353 8151
3639 2236
552 8146
133 494
3873 9969
3915 5013
2053 7155
1720 1353
2701 6229
1869 1743
398 4054
1383 5658
4950 2298
5503 3872
2470 7112
5619 2898
2840 3914
2876 1939
5143 1129
5757 7059
468 4391
4968 7743
4031 1199
5639 7871
1779 6209
479 6778
1584 6628
5217 8734
6003 6605
2685 2553
1803 6306
432 2549
1182 6956
756 6817
134 4503
1064 3651
254 2167
831 2699
4490 1625
1122 935
3334 4378
642 562
1371 5593
5249 2280
3665 2183
1762 427
5444 9586
2523 537
3251 5144
3578 1963
5318 70
823 8004
248 1005
1475 5198
655 225
137 3816
4501 5288
4133 3175
1158 7993
882 5401
408 8449
3351 2784
1349 9800
94 7526
242 2518
3406 9939
4097 5575
1390 839
2297 6013
1433 2593
2598 5103
2097 5884
4581 2944
4317 2939
3392 4926
382 7938
4342 6723
2823 9143
740 2027
1077 1435
2239 7472
1887 4404
4242 7185
6158 2509
2636 9249
2565 3778
2358 8104
2608 1318
2411 3428
1741 2135
3264 5148
415 502
1691 2809
3636 7095
1431 5558
5277 8656
5334 6606
2063 4544
5424 3983
5110 3771
4120 7428
1081 8315
431 4583
984 1929
4524 9675
5448 6211
5643 5643
1970 6319
2891 1340
5832 4071
2901 2103
3754 3236
2306 918
2683 9614
5364 7769
4826 4580
4818 808
2312 6122
2848 226
777 1933
1603 6072
1672 3675
4730 4970
2358 792
855 9635
784 7764
3340 4610
83 9562
3132 1173
2028 5130
567 7643
891 4828
458 1818
2009 7908
2358 1390
1343 3734
2943 5856
359 7685
2483 1895
6133 5554
1553 2493
2016 4392
3851 660
3093 4440
2891 5203
1926 2860
3309 4857
4845 5263
3799 9863
5549 3696
4396 2793
1708 1497
4249 3341
5472 7272
750 9267
1656 4453
1840 5702
4501 1948
6153 6189
4678 5524
5750 7789
4599 1538
2408 2424
2310 5720
2791 1752
5767 1845
286 6074
193 3026
1878 1466
2951 5233
3299 1483
1041 3390
3061 4796
688 4930
1160 2982
3639 2657
4365 3846
3428 3
2193 2464
5164 1332
5500 8751
5169 424
876 9214
4577 7179
5074 9953
3758 4071
3882 2216
1971 5663
280 4312
2085 8138
3777 3235
913 1330
4205 4545
2754 4113
1874 9829
5594 9082
5293 7524
1556 4383
2980 7912
518 6338
413 3721
864 1862
1394 5534
2303 9862
975 9311
894 1432
169 508
939 6545
5391 3427
2924 3897
5076 6397
5295 4980
5981 8923
5893 1460
6220 5611
4806 5260
1190 5782
5963 4050
1869 394
3721 5286
4170 684
3825 5817
3108 7092
2551 5026
2929 1117
651 9888
2618 9298
2204 238
3586 7076
515 2288
430 47
5776 945
1585 8803
4366 5994
2293 6411
495 1737
2612 2325
1872 8537
5437 8492
2969 9887
5741 2976
2425 8523
685 4302
704 6499
2412 5351
6060 5069
3605 9573
5178 9180
3586 2979
3345 5045
5386 2217
2691 1850
4904 3344
3580 5851
85 1549
4637 1143
2208 4307
5741 8745
2967 3422
1821 5453
4661 8982
1417 1071
3486 8767
46 212
3446 8127
3156 8947
2525 122
3009 4278
3772 4459
4385 3868
3012 4759
6223 9305
1259 9594
2057 613
1186 4773
1467 1569
5954 9864
3679 920
2605 3014
4333 3441
4212 8340
2107 7890
1026 5944
1598 9449
1460 6785
3502 9149
2166 4881
4343 8890
1653 858
1872 5453
2597 4857
1633 4848
4732 5816
933 7903
1813 2799
1980 1507
2830 8829
237 281
2557 8408
3338 5661
2203 4957
3869 6869
5185 9637
811 1366
5855 9843
2638 8503
1362 3634
3996 4894
6034 7250
62 4645
3479 6259
225 4120
1857 617
5329 8458
4363 476
2118 8770
6079 1094
4910 9128
1959 989
1443 3244
2986 8207
825 1083
2406 9317
1436 3468
1396 644
1242 7021
980 7233
1378 5471
2915 8863
2272 6986
2055 4191
6342 7688
2760 9217
691 7009
1776 4662
1291 2192
2008 9232
1570 4197
4168 2519
566 5848
4724 9606
1913 2640
552 1370
4077 6164
1129 5927
567 8868
2861 7975
2342 6544
1500 1383
2492 6305
212 8055
3533 6420
6234 9041
4861 9866
4906 6389
4577 1512
227 6913
1818 434
6344 4415
3040 3999
3727 7469
49 2803
2592 2731
5687 52
4896 2427
6013 8778
771 6885
407 7371
802 430
4746 1315
1225 695
4348 301
4123 8849
4773 7356
2526 6288
580 7968
6149 1897
776 3095
179 2686
5749 6366
3203 8676
1511 9060
4963 6172
5170 7665
6101 8439
5539 8495
2013 7962
355 857
1269 4240
2517 7727
1910 3850
2103 4896
2352 340
1646 5448
3260 9355
243 5291
2959 444
244 1059
3627 5156
84 7968
2068 8730
961 218
1491 772
5069 4296
6352 1387
5536 2219
5159 3492
3486 957
4978 45
746 9631
1389 9430
1115 5109
1693 1708
6184 5003
4933 1189
4463 9672
4109 4984
5871 3940
3377 7785
3840 6049
4513 500
2418 8851
745 4975
1778 6248
4551 7524
908 9643
5653 4572
423 9926
1948 9439
5186 8169
520 9007
2437 3952
2502 9194
6219 261
2103 9955
4183 5763
1283 7564
4149 5463
3837 4479
5225 9011
5622 1511
1476 6056
4206 615
6073 6926
4316 347
5729 5209
2161 7152
3099 2259
4788 2757
6424 4085
3741 982
3223 1507
3138 1751
4047 982
2911 5888
698 2657
1625 1779
4114 1285
6468 2619
6367 8940
5649 8433
4164 8407
3450 6506
6095 1793
5292 1158
5465 594
5859 5833
2642 633
1164 2182
5544 9574
4764 7663
2964 1937
3334 5887
4043 3701
2266 1846
1724 5552
1071 73
2307 9532
618 6615
861 9991
3199 7473
229 4531
5830 3527
1658 7680
4093 421
5134 507
5515 9340
561 9358
1535 556
4342 4046
5755 7081
5250 3668
2109 2695
988 9136
3085 6162
5388 370
5319 877
1792 6514
647 1066
636 6945
1053 7482
3192 9977
5616 9008
2340 3228
4446 5170
1350 9272
355 4732
2463 5824
2855 956
1505 8671
4465 6346
2900 8699
5065 6373
900 8590
3163 5104
166 6966
5598 7875
4329 4879
486 5158
2978 2712
2066 398
2722 2100
2923 1494
4973 2963
3978 9060
1424 1554
2096 3852
3227 2758
4494 7185
4103 5735
5643 6798
2104 6034
109 979
729 586
2348 257
6435 7265
5403 6498
1135 9606
2164 3441
4064 6340
2076 7718
5527 9540
2863 7956
3429 3135
820 5964
5363 172
3783 6857
2207 2148
2490 2596
5765 924
3523 5950
1942 2958
5167 4366
2809 9335
4528 5762
3082 285
6526 5994
6202 3366
5366 791
2867 6282
916 4456
2331 3352
3562 7371
875 7906
5372 221
4413 7168
4448 6926
4255 5250
6373 1093
3276 9146
3483 9134
6042 7422
557 6468
6503 3289
422 6392
1941 8011
2947 2872
5362 228
4609 1481
1038 6248
4555 7544
4667 6099
5547 9035
2524 6918
3952 6420
4658 2119
5534 8191
5857 3188
2682 8484
2087 1425
4971 811
1806 3678
2423 3425
6421 542
5728 3481
1971 1765
865 5484
1162 4234
6316 2683
6198 6794
5893 9303
113 990
4166 2237
6191 1984
5019 9730
2509 2394
4971 144
5283 8283
2345 6241
64 7391
2728 6904
504 1276
1845 1292
5385 4709
4757 4011
4498 7469
1515 6207
2493 7339
2412 1120
63 7723
2620 6846
3172 9041
3709 3654
3676 5308
3061 6570
3010 2516
2242 2704
475 4478
2652 7636
4594 5734
5182 7666
2772 3047
2182 4824
3222 1952
1855 6920
5294 2652
68 3833
6093 3433
5280 7329
3711 5428
989 7873
6331 668
5029 8319
2335 3724
1092 9481
3543 281
3906 6232
846 7352
4914 3839
3883 2489
2419 4678
3303 6929
4013 1388
5775 5440
3374 1057
5681 2436
715 4186
451 4168
509 6282
5911 7551
4340 5012
1647 9464
5546 8346
4566 5219
3263 9627
5431 7890
682 9516
6484 6113
5079 2989
207 2133
1155 4056
6307 4737
5027 585
3837 8570
5416 9112
3817 5200
5002 1188
3618 5858
4666 1107
2806 6961
590 5982
3822 364
360 7479
1449 1477
6377 275
5382 9361
2781 1247
3754 3947
2002 4443
6069 7036
3001 3937
2715 6473
2311 8281
1618 8433
4756 1040
3596 5563
4800 6460
2122 1607
6416 516
2792 5485
268 240
1062 809
1536 1948
6395 1187
5870 9756
6531 666
6079 8716
4867 2545
2049 6498
2760 6384
4229 3030
6462 4634
1714 5781
4023 5394
2541 5926
6018 5157
6778 5235
3191 9685
2488 3081
2161 3407
4488 9644
409 1812
6360 5471
5098 9611
301 9051
6077 990
6378 4809
3836 4546
3776 7592
468 7718
172 7549
3435 5325
3240 5376
4898 1112
1957 409
5348 4467
497 565
6113 4067
389 3736
2676 164
2670 3760
347 1131
3174 4803
5657 4361
3759 6071
3811 4026
1501 5674
2720 4333
1483 6903
1390 4260
339 4785
4084 5731
1878 7410
3818 581
1226 3760
5741 131
4771 242
3037 3493
1968 454
2674 1302
5334 1281
3127 9608
6764 2502
1598 9117
1449 8936
5990 5073
5776 4041
2706 3407
2084 4946
2091 1869
1029 4695
1273 6337
4793 7309
1088 4966
514 2422
2980 7807
2654 9208
4642 7974
2064 439
4148 297
6166 6362
6857 7939
1701 9205
4649 9555
320 2883
4583 2218
2819 6945
2934 6495
1136 319
3656 5030
1030 7661
3230 3880
4232 1937
3442 985
4172 6651
2275 4680
3615 5105
4296 4511
5233 1850
1420 3102
5647 6165
5187 5009
3589 8533
6492 3531
244 4927
1907 993
526 9891
5944 6368
4968 4978
2723 1916
413 1830
3751 4578
6293 7346
5182 9105
3109 6983
5092 926
342 6927
4227 9822
1744 1725
4658 4057
5281 4018
805 1358
4440 9745
5630 7105
6652 5427
4405 808
2710 5917
2715 2054
4358 4494
6261 1781
69 1238
3123 2269
5390 4119
6629 3758
441 2736
2448 8005
2713 7855
4706 1333
6094 1896
6915 1114
4215 629
2325 805
8 1613
1581 3441
5233 274
4316 4057
512 550
2904 3598
4580 8966
5629 1616
5389 980
5929 9803
221 8823
5238 7556
4655 1673
6706 5761
5233 5401
1001 8550
2186 1036
4864 3777
5868 1393
5986 324
2785 718
1995 6830
2046 6659
3190 7571
5290 9446
2629 624
3242 2365
2977 2630
867 8873
3167 798
6614 117
397 7435
4986 1844
1822 8925
6347 6233
3948 1118
2463 7495
6936 8704
579 4305
2485 4194
714 5715
3253 5329
4399 887
6370 1288
6962 3528
1925 4286
3544 1385
4488 4248
4486 1368
465 3854
1054 7417
4540 5829
6373 9869
6151 1869
2518 875
781 6708
5608 6391
149 1454
2256 5017
4158 9826
1691 7845
1784 3208
6018 6504
5777 5435
5510 86
6770 8062
1654 6405
2722 1137
2220 4440
3817 1803
4302 9849
1073 5193
1658 2121
3101 9136
4430 3192
2236 1464
3500 2520
6953 9894
4403 3437
3147 7332
3839 4066
931 8179
250 719
3983 381
5194 5892
5230 5097
6169 453
2863 8934
1928 6497
3249 5341
4764 8735
5451 7875
2898 9908
5409 9911
4004 2717
3700 9271
4163 1082
5696 6678
6473 9901
5346 2716
2174 9058
137 7499
1752 7936
284 378
6520 5255
2213 2687
4453 5035
5068 7817
2123 2735
6009 5835
6171 9541
1175 6117
506 7437
3614 3525
2563 6237
5110 412
712 7985
1141 2362
3148 5051
1858 242
6077 4100
2177 7787
6022 8969
1061 5758
968 7606
4908 9667
3466 7542
5329 2768
1425 1453
903 2267
3165 8089
3704 5875
3905 4164
1345 4899
3581 699
2702 3296
1066 9294
2691 1973
5915 5777
1218 3630
4897 8567
4928 3354
21 8069
159 4646
5497 8588
4817 2439
6055 5301
3865 9612
6413 2536
6440 2672
3512 6750
5441 3730
3311 4899
1795 3350
6255 1819
6821 8689
4376 6050
756 7995
1736 2761
7041 462
4319 8762
4723 6783
6187 6475
3970 1814
5452 3176
2154 5196
1082 8995
572 2472
6649 6959
335 5492
3466 9221
3683 6994
4850 213
4623 116
4950 2054
5776 2295
5255 9474
5817 9418
6394 4553
1821 7075
2048 7654
4189 3374
5612 7745
5788 1926
2170 4975
4611 8824
4191 4200
279 2198
3610 9948
5387 5186
2635 2097
7081 9625
2518 9500
2201 9378
6035 3299
717 7873
1796 6526
6066 6264
480 4696
743 7824
767 6043
6688 6785
3607 4960
3628 7294
6228 2457
5570 16
4730 4215
2833 4843
6706 4964
3258 5566
5152 9928
5994 1695
6867 7344
506 7585
952 5293
4280 7629
3349 6858
5495 6284
5957 3328
4746 2898
6658 5788
4415 2292
4708 2319
3705 3756
5824 6800
1512 5237
4948 9436
3982 8871
4617 4546
5142 2973
347 4940
659 5067
1612 9287
346 4156
6911 7911
3068 2563
2325 7928
214 1086
2762 9336
2054 389
2508 935
2896 2645
2340 8203
1546 6621
5829 3702
3055 4236
3777 9840
4565 7755
999 4312
447 8795
4219 7484
697 8804
4319 1494
2599 8180
6571 3528
6214 677
2579 6613
105 8871
3966 6991
7092 7721
684 2758
587 825
5715 7287
4953 574
1712 2950
2611 6678
4499 3053
1719 5086
1853 4337
6598 7460
6649 259
3615 3566
530 8593
4441 9114
2218 4602
4177 4896
3590 2160
5478 4968
5665 572
4644 4182
3591 4878
3709 3309
3038 9959
6354 4838
2478 1030
1570 7179
4271 1813
3714 5189
5337 5991
4850 8036
754 8356
1029 4594
942 1574
2383 673
5436 8711
5537 3713
4578 6556
5431 7358
2608 6720
2090 85
2440 3085
3135 365
1676 5138
216 6687
105 3977
7095 6524
5245 4600
2746 7401
5718 4381
350 3540
321 1496
888 6071
5659 1599
1348 5192
3767 2566
5792 9213
6248 5999
999 2313
2693 2116
813 383
7227 599
5699 9226
3740 8762
5002 6584
6751 807
6723 4817
6609 60
5088 8189
5885 1055
2270 7010
4633 4172
7182 9324
1963 5084
4994 3853
3082 87
2781 3302
2399 1541
4366 2229
544 3704
4752 5987
5346 6679
6894 4681
1000 5122
6180 9690
3227 7698
776 6193
4980 5098
7237 1736
4200 7408
3671 3507
4011 5433
3373 9323
5115 3875
6789 1826
4614 4820
6583 6345
4128 983
3652 3195
5364 5678
4961 4815
454 8676
6804 7022
5513 8313
335 1887
1902 5113
6087 6831
606 2423
5653 1730
1656 3487
5694 3264
1287 5111
3365 4660
3927 303
3431 5459
711 7784
5700 77
1228 8316
6313 429
1643 9155
4934 546
5503 2318
604 3193
5737 7243
1051 8481
6844 6046
5430 6616
4045 1227
3836 706
3045 2811
3054 1847
4248 1175
1689 6424
1438 6451
5616 7263
1873 2237
577 7494
235 4741
6227 3330
4567 9436
4440 6742
498 1967
1217 3846
5930 1038
6259 2668
3125 2288
2778 9511
3566 2625
5433 449
3744 9446
3790 7229
1020 1739
5433 1279
6860 5736
3429 4909
6053 9544
3136 2766
7224 2711
2575 4626
2247 2745
108 425
2398 4915
6859 3063
4343 2824
2471 986
6413 9250
381 6493
669 2921
5598 19
2436 8924
5315 831
3897 4262
4526 4520
6895 6783
1930 6607
1646 9397
6504 1654
6480 766
5122 161
1238 4390
1178 299
5508 4518
4503 1908
6829 4108
1871 5872
6196 2597
3799 6522
6607 8784
1179 7295
1028 8369
6807 3800
2411 5395
1975 7501
6292 4006
5926 1519
5861 7236
4613 4475
5293 8779
1563 6002
4046 8061
1578 7635
666 8193
3700 6802
6377 3768
360 1374
3081 6522
1545 8273
1891 9568
2585 6695
1259 2227
5386 7217
168 1112
7339 4305
2318 7830
6919 8018
42 2474
4492 4991
1192 8294
2141 8259
5513 5722
6406 7510
5340 9199
1107 1489
4774 7596
7299 8649
1186 9364
2194 8287
3291 884
1511 4945
6060 2054
2414 1942
4255 2419
1604 8079
1964 592
303 3971
449 9098
2435 6212
2292 8441
1768 3538
4003 7455
1767 4594
5907 3830
623 6209
2404 6841
6362 3004
3453 6223
3564 950
2315 5911
1131 8849
6245 9907
2406 6894
524 449
7266 9015
7391 3285
6912 3728
7047 3330
3745 261
974 4871
5177 6184
3038 7320
6101 9625
6416 1644
2735 6382
2192 8259
431 3561
5903 8817
6752 267
6849 8506
3992 6279
7124 6138
1453 7846
6320 9680
3711 47
1346 1059
2294 1184
5477 4146
1268 5593
800 4667
6148 9277
4972 3474
4320 23
954 1055
619 5757
1715 6708
1951 746
3507 3302
2136 6650
7202 5474
6844 6287
4778 9633
2891 3895
119 1634
4784 5280
2657 5113
5601 3264
1003 964
2408 6654
1804 9519
1542 8174
3533 154
5964 7800
5478 1929
7052 7423
244 5453
862 2135
5111 7360
2406 773
6008 3247
5614 2967
4443 4213
1730 9237
4819 8710
1404 9626
6447 2643
4200 8915
3476 3352
4612 9207
151 919
5809 7184
693 9491
878 3445
440 6667
1252 7613
