10000 750
0 6366
1 5331
1 8140
3 1212
3 4816
5 8718
5 293
7 5671
7 7323
9 2804
9 1049
11 4019
11 4511
13 6456
13 9671
15 6171
15 3715
17 4299
17 830
19 7564
19 5140
21 7760
21 6937
23 2860
23 9563
25 5619
25 7722
27 9118
27 6166
29 7128
29 1869
31 9246
31 2607
33 5780
33 8463
35 6944
35 2854
37 7651
37 3291
39 1061
39 3150
41 6686
41 2691
43 3248
43 7698
45 252
45 446
47 5684
47 5208
49 2970
49 2596
51 9024
51 9012
53 7819
53 1855
55 8613
55 8976
57 6382
57 4330
59 4897
59 2932
61 6549
61 3947
63 2055
63 641
65 8309
65 9766
67 9973
67 6778
69 9185
69 8734
71 1459
71 1246
73 2925
73 2583
75 3207
75 9594
77 169
77 2912
79 9294
79 1682
81 36
81 3426
83 2742
83 6170
85 914
85 1664
87 7043
87 8011
89 515
89 8788
91 1219
91 2934
93 1218
93 2052
95 5939
95 8729
97 361
97 6158
99 1677
99 7750
101 8698
101 5311
103 4919
103 4858
105 7202
105 5845
107 7007
107 8867
109 6546
109 4550
111 2471
111 1114
113 8018
113 34
115 7429
115 7547
117 6014
117 1785
119 9366
119 2479
121 8871
121 680
123 8753
123 7889
125 4080
125 1003
127 6477
127 5281
129 9694
129 3621
131 3886
131 7521
133 8374
133 7239
135 8226
135 3303
137 4116
137 3459
139 4677
139 992
141 6014
141 5993
143 5176
143 7717
145 9738
145 224
147 7502
147 5185
149 667
149 2156
151 8119
151 1941
153 9380
153 7767
155 7205
155 1706
157 7603
157 7216
159 431
159 8492
161 4881
161 7520
163 5886
163 2718
165 2815
165 9076
167 2933
167 3995
169 3631
169 6796
171 1435
171 6240
173 9798
173 3396
175 6225
175 6897
177 1742
177 1234
179 2598
179 6879
181 2423
181 5959
183 4174
183 7709
185 1350
185 8128
187 6674
187 1503
189 2273
189 8537
191 817
191 6715
193 4953
193 8031
195 5184
195 677
197 2303
197 4181
199 5191
199 7569
201 6895
201 7099
203 9202
203 6516
205 8468
205 7532
207 4807
207 7780
209 9915
209 9422
211 7308
211 2440
213 3554
213 5804
215 4776
215 2586
217 9019
217 8179
219 5478
219 2602
221 590
221 9849
223 2587
223 9704
225 9911
225 2039
227 9158
227 8904
229 5630
229 9007
231 6394
231 687
233 1220
233 45
235 3614
235 6372
237 8062
237 9938
239 6883
239 7798
241 2084
241 5423
243 3933
243 3284
245 9269
245 5156
247 8431
247 4275
249 2753
249 7574
251 1860
251 839
253 6460
253 4069
255 5034
255 6918
257 9169
257 4260
259 9274
259 9484
261 5843
261 9234
263 2229
263 9358
265 2554
265 7164
267 6688
267 711
269 7543
269 9534
271 8608
271 5925
273 3700
273 9805
275 8876
275 4231
277 9785
277 7127
279 6489
279 6046
281 6706
281 3742
283 2453
283 4988
285 9559
285 1065
287 121
287 204
289 147
289 8193
291 4270
291 8170
293 2830
293 7567
295 7474
295 9675
297 8089
297 8320
299 5666
299 6505
301 270
301 7924
303 5176
303 7436
305 7446
305 5423
307 4760
307 294
309 9982
309 5250
311 9529
311 4624
313 1142
313 1026
315 7555
315 3024
317 3302
317 8767
319 4086
319 2264
321 1245
321 7053
323 1308
323 8263
325 5607
325 6448
327 5630
327 788
329 8677
329 4873
331 8315
331 9709
333 3096
333 407
335 8531
335 2042
337 6428
337 6919
339 7039
339 3197
341 8428
341 5243
343 4457
343 4970
345 6316
345 1793
347 3388
347 4412
349 3461
349 4583
351 276
351 4693
353 5806
353 852
355 481
355 8990
357 8237
357 9594
359 1173
359 4183
361 4506
361 48
363 7785
363 9673
365 6129
365 8434
367 8418
367 4388
369 549
369 3747
371 7065
371 921
373 625
373 1242
375 683
375 3976
377 7674
377 9163
379 8872
379 4325
381 3350
381 9560
383 1978
383 8707
385 9173
385 7169
387 1019
387 2784
389 917
389 3431
391 8643
391 1214
393 3545
393 8948
395 6461
395 6984
397 9864
397 8475
399 451
399 7121
401 8333
401 7427
403 1481
403 4245
405 223
405 6171
407 215
407 7885
409 893
409 3318
411 2256
411 3378
413 4126
413 3978
415 6381
415 3834
417 1724
417 2069
419 9820
419 6956
421 3942
421 7627
423 1278
423 144
425 5033
425 1946
427 5745
427 6593
429 4560
429 1997
431 7274
431 6219
433 1774
433 1253
435 2727
435 6010
437 5242
437 3866
439 4855
439 9972
441 3590
441 1376
443 5446
443 7279
445 7045
445 828
447 5267
447 4372
449 555
449 1391
451 769
451 4327
453 9925
453 5351
455 6520
455 6348
457 6514
457 1558
459 2763
459 9901
461 858
461 7453
463 1440
463 4983
465 6347
465 9730
467 321
467 4544
469 6914
469 2211
471 4965
471 1385
473 6548
473 8234
475 8533
475 6568
477 1118
477 2199
479 2174
479 3904
481 8160
481 1840
483 3812
483 3616
485 5083
485 4948
487 8296
487 6953
489 2685
489 4703
491 5846
491 8702
493 3896
493 4027
495 2993
495 8316
497 3358
497 1468
499 7002
499 7345
501 7546
501 7658
503 907
503 9856
505 9336
505 8558
507 6093
507 8778
509 7852
509 4600
511 8680
511 4088
513 8641
513 9506
515 1193
515 1367
517 5128
517 5093
519 5309
519 7042
521 1810
521 4327
523 421
523 7922
525 7475
525 3311
527 5309
527 4325
529 1273
529 350
531 244
531 6136
533 6029
533 563
535 5440
535 3606
537 7472
537 8399
539 7750
539 2330
541 9390
541 3250
543 9830
543 8025
545 7593
545 1757
547 5294
547 3170
549 6041
549 9471
551 5018
551 5880
553 5012
553 2353
555 3677
555 1373
557 69
557 6523
559 833
559 332
561 8559
561 8760
563 5120
563 1229
565 7953
565 790
567 7047
567 3086
569 1206
569 9431
571 2745
571 6928
573 7497
573 9415
575 964
575 8679
577 85
577 8335
579 4821
579 964
581 8982
581 5326
583 6708
583 8473
585 8370
585 6277
587 7848
587 6683
589 986
589 322
591 3720
591 9343
593 5975
593 8767
595 4607
595 7857
597 2578
597 8980
599 5738
599 801
601 5771
601 9943
603 7486
603 3717
605 5452
605 6925
607 1072
607 9955
609 1381
609 1664
611 5365
611 6161
613 905
613 5324
615 2735
615 6104
617 7729
617 615
619 2393
619 6140
621 712
621 4975
623 5641
623 9361
625 3639
625 4294
627 7611
627 9156
629 1188
629 3425
631 7083
631 6118
633 5546
633 5664
635 367
635 4735
637 6041
637 5827
639 813
639 9092
641 8326
641 7448
643 5815
643 2153
645 1315
645 8533
647 8350
647 2159
649 1264
649 349
651 5723
651 592
653 9558
653 2903
655 7205
655 8887
657 5172
657 8421
659 2887
659 376
661 7677
661 3318
663 7393
663 5305
665 6290
665 8359
667 97
667 9156
669 470
669 5801
671 1756
671 6761
673 1521
673 1398
675 1190
675 8166
677 7785
677 2433
679 6816
679 6794
681 2158
681 8312
683 2281
683 954
685 1409
685 5876
687 6019
687 8985
689 9245
689 4555
691 9118
691 2376
693 4166
693 7735
695 1957
695 3602
697 4294
697 7231
699 6372
699 3283
701 1900
701 6709
703 2734
703 898
705 3949
705 4198
707 5144
707 8587
709 1917
709 9685
711 6284
711 8327
713 5584
713 8611
715 1170
715 2040
717 1699
717 9275
719 7025
719 2524
721 2747
721 2939
723 8417
723 8352
725 3669
725 9229
727 515
727 2134
729 7977
729 6746
731 9264
731 1446
733 462
733 2296
735 2961
735 1476
737 1495
737 8695
739 1987
739 8738
741 1364
741 8252
743 2789
743 6819
745 89
745 2688
747 2964
747 4598
749 5540
749 3083
751 4223
751 8051
753 3730
753 6938
755 9860
755 2226
757 3968
757 1848
759 4932
759 3827
761 7982
761 5872
763 8918
763 7738
765 8066
765 9636
767 6604
767 6512
769 9971
769 6368
771 9460
771 1079
773 699
773 5037
775 9983
775 2136
777 1979
777 91
779 3820
779 571
781 3787
781 7211
783 3984
783 8058
785 9864
785 3289
787 7657
787 6489
789 5624
789 3958
791 5840
791 5442
793 2919
793 3576
795 7208
795 5144
797 8502
797 5239
799 6289
799 2184
801 7548
801 7911
803 4210
803 3998
805 5262
805 9232
807 2343
807 1724
809 8118
809 2734
811 4258
811 9698
813 3141
813 3709
815 7157
815 5352
817 2440
817 6492
819 5287
819 6819
821 2215
821 4540
823 5335
823 9806
825 7408
825 2926
827 5038
827 4388
829 4096
829 3160
831 4996
831 2439
833 8686
833 6150
835 9209
835 5541
837 9070
837 790
839 3799
839 3295
841 1889
841 5675
843 7350
843 7409
845 956
845 9780
847 5117
847 9705
849 2240
849 4335
851 1725
851 4967
853 8112
853 2101
855 3061
855 3595
857 381
857 3250
859 5984
859 8345
861 5441
861 8244
863 9074
863 4742
865 9239
865 4403
867 9724
867 4877
869 3189
869 3482
871 2510
871 7413
873 3871
873 8625
875 8194
875 6926
877 8460
877 4632
879 84
879 5135
881 6061
881 7514
883 3240
883 1383
885 6234
885 9969
887 3131
887 2764
889 7388
889 233
891 8003
891 8382
893 4971
893 2227
895 1320
895 8912
897 4226
897 5892
899 4395
899 7649
901 6672
901 4958
903 869
903 1371
905 839
905 4415
907 7733
907 8805
909 8870
909 8384
911 4509
911 8765
913 2026
913 5322
915 462
915 5771
917 5232
917 4116
919 4369
919 8007
921 2814
921 8104
923 2428
923 4330
925 2997
925 8380
927 3717
927 5708
929 3033
929 7476
931 5293
931 2123
933 4000
933 6667
935 850
935 416
937 6293
937 4925
939 1762
939 3773
941 4207
941 293
943 5828
943 3274
945 7710
945 1925
947 9563
947 9170
949 3424
949 1406
951 8175
951 8877
953 26
953 1059
955 9048
955 3930
957 5192
957 5643
959 2884
959 8383
961 2336
961 5439
963 8097
963 822
965 3350
965 8202
967 551
967 2820
969 7848
969 7155
971 6398
971 9824
973 8474
973 5865
975 5370
975 2345
977 9801
977 6528
979 6514
979 6332
981 4421
981 6995
983 8689
983 2446
985 2501
985 109
987 2861
987 1899
989 7850
989 5786
991 8336
991 5510
993 6164
993 8238
995 3526
995 6683
997 3265
997 7194
999 2732
999 7717
1001 9710
1001 2121
1003 6539
1003 608
1005 425
1005 1916
1007 7444
1007 8763
1009 3764
1009 9319
1011 520
1011 238
1013 1259
1013 3006
1015 8289
1015 6690
1017 2935
1017 8225
1019 9737
1019 8617
1021 1120
1021 8930
1023 5292
1023 2006
1025 3017
1025 1624
1027 9557
1027 9762
1029 9806
1029 9558
1031 7038
1031 2018
1033 1076
1033 6438
1035 4797
1035 2990
1037 3850
1037 358
1039 9640
1039 1147
1041 1997
1041 5667
1043 9299
1043 3627
1045 6886
1045 3866
1047 8116
1047 9997
1049 2978
1049 6231
1051 3597
1051 8812
1053 4809
1053 5063
1055 7923
1055 6411
1057 5478
1057 1999
1059 3469
1059 1178
1061 115
1061 5576
1063 3521
1063 3313
1065 1013
1065 1438
1067 7441
1067 2812
1069 1510
1069 614
1071 5244
1071 6158
1073 2439
1073 6058
1075 2170
1075 4099
1077 5414
1077 5060
1079 2717
1079 7844
1081 1462
1081 2634
1083 2559
1083 9819
1085 2734
1085 7369
1087 3609
1087 1395
1089 7784
1089 9867
1091 9909
1091 3327
1093 207
1093 3748
1095 9658
1095 2470
1097 6947
1097 5084
1099 3182
1099 6234
1101 3628
1101 1855
1103 1426
1103 9998
1105 7653
1105 5342
1107 2959
1107 1777
1109 3154
1109 1111
1111 1350
1111 6023
1113 6331
1113 3648
1115 3124
1115 8225
1117 7822
1117 2301
1119 6469
1119 4495
1121 8219
1121 496
1123 5704
1123 5407
1125 2106
1125 1850
1127 6251
1127 4471
1129 9802
1129 9143
1131 9491
1131 4405
1133 7411
1133 9193
1135 8857
1135 8092
1137 3484
1137 9885
1139 2208
1139 5516
1141 343
1141 10
1143 8769
1143 6897
1145 2256
1145 2890
1147 6833
1147 5843
1149 8637
1149 4353
1151 2704
1151 449
1153 730
1153 1695
1155 4115
1155 4400
1157 6812
1157 7902
1159 8600
1159 9267
1161 9086
1161 6841
1163 7638
1163 3489
1165 6885
1165 1338
1167 4186
1167 2010
1169 1550
1169 666
1171 8981
1171 1552
1173 2948
1173 5311
1175 4437
1175 5235
1177 1035
1177 3779
1179 2373
1179 3339
1181 1604
1181 1954
1183 5844
1183 6708
1185 3389
1185 739
1187 1924
1187 8199
1189 6612
1189 1885
1191 1343
1191 2971
1193 4358
1193 1891
1195 3199
1195 191
1197 1616
1197 4073
1199 1699
1199 6893
1201 167
1201 430
1203 1724
1203 4625
1205 9388
1205 8049
1207 1835
1207 2728
1209 6404
1209 398
1211 9518
1211 1637
1213 8203
1213 6982
1215 5946
1215 2518
1217 9590
1217 2179
1219 293
1219 2510
1221 1504
1221 7076
1223 6729
1223 5570
1225 810
1225 8821
1227 2247
1227 6976
1229 222
1229 9722
1231 8666
1231 6644
1233 4801
1233 6455
1235 3946
1235 4836
1237 8944
1237 6718
1239 1981
1239 2300
1241 4692
1241 2832
1243 2207
1243 3822
1245 6875
1245 9069
1247 2726
1247 9208
1249 4146
1249 8729
1251 1936
1251 2905
1253 1739
1253 6069
1255 8837
1255 7273
1257 8804
1257 4595
1259 3530
1259 912
1261 9229
1261 1195
1263 6632
1263 4658
1265 4217
1265 5588
1267 8870
1267 4434
1269 7934
1269 5390
1271 1990
1271 1937
1273 1109
1273 1205
1275 8979
1275 8740
1277 7512
1277 6201
1279 5753
1279 8648
1281 4371
1281 1797
1283 8246
1283 9485
1285 6191
1285 1677
1287 251
1287 9616
1289 7485
1289 1819
1291 5296
1291 5590
1293 1793
1293 2963
1295 9990
1295 7038
1297 4550
1297 6770
1299 6856
1299 7984
1301 8899
1301 2375
1303 8315
1303 1140
1305 1740
1305 518
1307 2923
1307 3807
1309 8578
1309 3347
1311 5578
1311 901
1313 8129
1313 9161
1315 6304
1315 3429
1317 4192
1317 1323
1319 1587
1319 1440
1321 2456
1321 1563
1323 6858
1323 175
1325 7885
1325 4865
1327 9245
1327 844
1329 2192
1329 7775
1331 4456
1331 3333
1333 5488
1333 129
1335 4687
1335 9398
1337 5565
1337 3825
1339 7385
1339 6069
1341 4724
1341 291
1343 4920
1343 5127
1345 565
1345 4938
1347 2017
1347 2922
1349 1561
1349 4678
1351 7964
1351 2175
1353 613
1353 6456
1355 4616
1355 1825
1357 4249
1357 8663
1359 5238
1359 9445
1361 1395
1361 802
1363 1643
1363 8080
1365 7604
1365 3954
1367 6955
1367 1648
1369 6289
1369 6667
1371 4081
1371 4882
1373 6429
1373 6502
1375 3349
1375 9491
1377 5084
1377 1272
1379 6780
1379 1045
1381 4399
1381 4673
1383 2576
1383 4310
1385 6842
1385 2258
1387 5453
1387 4131
1389 900
1389 1277
1391 9441
1391 9288
1393 8409
1393 5486
1395 1472
1395 9228
1397 9630
1397 6190
1399 2386
1399 7335
1401 6348
1401 3225
1403 36
1403 2701
1405 5074
1405 2818
1407 5976
1407 8401
1409 5311
1409 516
1411 5592
1411 6121
1413 9655
1413 7827
1415 2810
1415 7447
1417 2676
1417 1132
1419 2501
1419 1777
1421 5907
1421 2423
1423 3580
1423 3925
1425 8379
1425 5978
1427 6065
1427 8601
1429 1381
1429 2368
1431 1722
1431 6025
1433 9893
1433 902
1435 3649
1435 6862
1437 9742
1437 6843
1439 5637
1439 5
1441 1652
1441 9364
1443 3405
1443 4872
1445 2797
1445 5278
1447 4817
1447 2867
1449 6662
1449 785
1451 126
1451 9027
1453 1193
1453 9438
1455 6793
1455 4655
1457 5853
1457 1543
1459 5983
1459 9120
1461 174
1461 6512
1463 6508
1463 6201
1465 7847
1465 6565
1467 4483
1467 4787
1469 7736
1469 3965
1471 6578
1471 433
1473 4607
1473 9486
1475 8192
1475 7272
1477 6234
1477 1217
1479 2740
1479 3666
1481 2948
1481 3498
1483 120
1483 1605
1485 1406
1485 2930
1487 5010
1487 7365
1489 7855
1489 3238
1491 8688
1491 7674
1493 7392
1493 4344
1495 2323
1495 1838
1497 768
1497 6047
1499 6122
1499 5832
1501 4250
1501 1696
1503 7183
1503 1373
1505 2568
1505 9656
1507 4227
1507 7466
1509 5561
1509 6241
1511 3340
1511 3174
1513 9379
1513 8580
1515 8963
1515 9241
1517 5941
1517 3123
1519 6722
1519 9431
1521 774
1521 8764
1523 8556
1523 5605
1525 6607
1525 7050
1527 4552
1527 8837
1529 4138
1529 4656
1531 7730
1531 7885
1533 955
1533 9742
1535 5480
1535 8910
1537 5347
1537 8624
1539 2177
1539 8414
1541 3824
1541 2703
1543 966
1543 7234
1545 4948
1545 1432
1547 9037
1547 2160
1549 5628
1549 246
1551 4888
1551 7850
1553 9119
1553 893
1555 4318
1555 7321
1557 3194
1557 6534
1559 8594
1559 6692
1561 8992
1561 6803
1563 6454
1563 6984
1565 4507
1565 5016
1567 2785
1567 1273
1569 6228
1569 5910
1571 6623
1571 141
1573 3006
1573 4863
1575 8678
1575 5777
1577 615
1577 8332
1579 4383
1579 5758
1581 3455
1581 6458
1583 4849
1583 6034
1585 5336
1585 7275
1587 9072
1587 6691
1589 9979
1589 4483
1591 130
1591 3784
1593 1334
1593 6358
1595 5320
1595 1186
1597 2180
1597 973
1599 3427
1599 9724
1601 150
1601 5116
1603 2600
1603 7082
1605 7741
1605 2376
1607 4383
1607 7579
1609 4791
1609 3214
1611 4236
1611 7042
1613 7551
1613 2768
1615 8856
1615 7813
1617 8390
1617 5410
1619 4199
1619 1222
1621 1761
1621 4256
1623 5506
1623 5138
1625 5818
1625 7857
1627 7817
1627 5383
1629 4279
1629 4687
1631 9838
1631 5379
1633 9554
1633 894
1635 394
1635 5708
1637 6908
1637 9699
1639 1350
1639 5980
1641 9140
1641 9800
1643 1056
1643 156
1645 5908
1645 7695
1647 9139
1647 6674
1649 4040
1649 6874
1651 6919
1651 6641
1653 2869
1653 6397
1655 3460
1655 7461
1657 5057
1657 954
1659 7769
1659 588
1661 7004
1661 8158
1663 8931
1663 5436
1665 8065
1665 4140
1667 8709
1667 3619
1669 7761
1669 443
1671 8460
1671 8583
1673 7736
1673 5031
1675 970
1675 5807
1677 8763
1677 6507
1679 6946
1679 8756
1681 8639
1681 6721
1683 2970
1683 9640
1685 9726
1685 1361
1687 8286
1687 5558
1689 1766
1689 3227
1691 868
1691 3803
1693 9371
1693 4852
1695 3908
1695 8657
1697 3498
1697 1402
1699 9163
1699 3517
1701 5538
1701 4290
1703 1215
1703 8738
1705 366
1705 1679
1707 688
1707 7838
1709 3714
1709 9325
1711 9213
1711 4960
1713 38
1713 461
1715 1187
1715 1769
1717 4522
1717 6942
1719 9946
1719 1205
1721 5719
1721 9229
1723 2051
1723 2355
1725 8112
1725 631
1727 9760
1727 2555
1729 764
1729 8601
1731 6443
1731 4619
1733 4342
1733 3724
1735 6441
1735 9750
1737 5558
1737 7010
1739 7815
1739 6634
1741 4247
1741 4611
1743 2399
1743 5794
1745 2850
1745 883
1747 7178
1747 4321
1749 8098
1749 9145
1751 2722
1751 4929
1753 7988
1753 886
1755 6164
1755 3760
1757 1619
1757 6963
1759 6294
1759 1321
1761 4368
1761 5086
1763 9313
1763 8795
1765 1812
1765 4835
1767 1336
1767 5046
1769 6719
1769 7575
1771 7844
1771 3807
1773 8151
1773 2606
1775 8666
1775 9080
1777 1521
1777 2991
1779 2841
1779 8658
1781 4400
1781 8497
1783 8159
1783 2626
1785 7067
1785 1142
1787 9568
1787 3522
1789 3580
1789 2427
1791 9964
1791 7572
1793 4585
1793 3989
1795 3042
1795 5339
1797 1663
1797 2795
1799 4002
1799 6969
1801 4888
1801 2382
1803 8381
1803 1111
1805 4618
1805 7377
1807 4015
1807 6566
1809 7957
1809 7418
1811 2508
1811 4714
1813 6728
1813 818
1815 935
1815 1786
1817 1785
1817 7849
1819 242
1819 1424
1821 3084
1821 1222
1823 1698
1823 5066
1825 1130
1825 5641
1827 3805
1827 3902
1829 5940
1829 3464
1831 4675
1831 5660
1833 313
1833 1193
1835 2943
1835 3661
1837 627
1837 7482
1839 9775
1839 4047
1841 1733
1841 8074
1843 800
1843 1688
1845 5017
1845 7900
1847 6604
1847 5662
1849 8101
1849 686
1851 3160
1851 8066
1853 8304
1853 4108
1855 5149
1855 7406
1857 6427
1857 3067
1859 4949
1859 6965
1861 9497
1861 7513
1863 9766
1863 9466
1865 9144
1865 8415
1867 1364
1867 5466
1869 8382
1869 3387
1871 7545
1871 6549
1873 4939
1873 8194
1875 1004
1875 8581
1877 5175
1877 9547
1879 7448
1879 6364
1881 6432
1881 2989
1883 7698
1883 2789
1885 968
1885 3079
1887 9418
1887 450
1889 4102
1889 8357
1891 1044
1891 6435
1893 8922
1893 9207
1895 1382
1895 2000
1897 6001
1897 452
1899 108
1899 8628
1901 5290
1901 442
1903 2903
1903 9319
1905 7375
1905 8816
1907 3908
1907 5316
1909 2014
1909 3962
1911 604
1911 3359
1913 2754
1913 5935
1915 7276
1915 2175
1917 4380
1917 6748
1919 3956
1919 7980
1921 6291
1921 1491
1923 1508
1923 7108
1925 3210
1925 6897
1927 3759
1927 69
1929 552
1929 3452
1931 3951
1931 1705
1933 9870
1933 2714
1935 1437
1935 7071
1937 4326
1937 9525
1939 9206
1939 7966
1941 4316
1941 4714
1943 543
1943 4583
1945 3369
1945 6977
1947 7331
1947 9803
1949 6023
1949 9951
1951 7259
1951 6571
1953 9685
1953 9063
1955 4272
1955 9794
1957 4747
1957 6990
1959 1605
1959 880
1961 9571
1961 3958
1963 6150
1963 4626
1965 1360
1965 4930
1967 7158
1967 9311
1969 8565
1969 174
1971 3414
1971 6245
1973 8323
1973 9434
1975 5961
1975 4799
1977 7574
1977 3017
1979 8218
1979 470
1981 5156
1981 826
1983 456
1983 1743
1985 2829
1985 2687
1987 4945
1987 348
1989 9443
1989 8133
1991 9769
1991 3757
1993 9470
1993 2461
1995 285
1995 4059
1997 9399
1997 3186
1999 9474
1999 5234
2001 3157
2001 7029
2003 9054
2003 8425
2005 2066
2005 3339
2007 1974
2007 2849
2009 7723
2009 2002
2011 8081
2011 9918
2013 8398
2013 2020
2015 6039
2015 3901
2017 5459
2017 1870
2019 9180
2019 7499
2021 8339
2021 5266
2023 3075
2023 1969
2025 7266
2025 6753
2027 1056
2027 6054
2029 6617
2029 7816
2031 23
2031 1188
2033 2941
2033 8747
2035 4298
2035 98
2037 3462
2037 1590
2039 6142
2039 9533
2041 9898
2041 1036
2043 8828
2043 963
2045 5004
2045 9077
2047 6920
2047 3509
2049 1078
2049 2284
2051 1154
2051 4377
2053 9597
2053 8076
2055 2737
2055 5958
2057 1847
2057 6398
2059 2584
2059 7718
2061 3208
2061 295
2063 3993
2063 5001
2065 3845
2065 4943
2067 9208
2067 4258
2069 6713
2069 3443
2071 6262
2071 7874
2073 6290
2073 8244
2075 2948
2075 909
2077 7585
2077 6877
2079 1993
2079 1178
2081 7018
2081 5220
2083 9450
2083 631
2085 4650
2085 9757
2087 7732
2087 4763
2089 4084
2089 652
2091 5195
2091 9440
2093 6671
2093 3823
2095 7229
2095 5712
2097 7628
2097 9836
2099 8310
2099 7629
2101 1966
2101 5245
2103 4242
2103 5390
2105 413
2105 476
2107 7094
2107 756
2109 2362
2109 8617
2111 9243
2111 9078
2113 5878
2113 306
2115 3155
2115 8561
2117 1134
2117 4629
2119 3473
2119 6509
2121 7830
2121 5884
2123 6615
2123 8915
2125 8898
2125 6461
2127 3030
2127 155
2129 5456
2129 3211
2131 5806
2131 6575
2133 6656
2133 6043
2135 8170
2135 7433
2137 7999
2137 7724
2139 5679
2139 581
2141 1096
2141 6189
2143 3333
2143 5843
2145 8626
2145 8126
2147 2494
2147 7815
2149 289
2149 9345
2151 267
2151 3836
2153 711
2153 524
2155 6579
2155 1694
2157 3867
2157 6825
2159 1411
2159 5526
2161 1634
2161 9582
2163 5173
2163 7888
2165 9181
2165 628
2167 2831
2167 4777
2169 9891
2169 8335
2171 5771
2171 4583
2173 1749
2173 7876
2175 1632
2175 1308
2177 292
2177 6946
2179 6576
2179 593
2181 1
2181 8772
2183 9972
2183 1682
2185 323
2185 2618
2187 6539
2187 2505
2189 5687
2189 3045
2191 634
2191 3243
2193 4079
2193 5788
2195 60
2195 6237
2197 2747
2197 3509
2199 7689
2199 5305
2201 6810
2201 5202
2203 3009
2203 6868
2205 5964
2205 7257
2207 2582
2207 1238
2209 3888
2209 4908
2211 894
2211 4278
2213 3073
2213 5352
2215 6251
2215 5510
2217 5582
2217 7406
2219 5952
2219 6084
2221 9784
2221 4392
2223 4331
2223 4778
2225 2687
2225 1208
2227 6695
2227 9613
2229 6654
2229 7367
2231 9280
2231 6429
2233 343
2233 1566
2235 3542
2235 2923
2237 6760
2237 2831
2239 2717
2239 7383
2241 2405
2241 953
2243 6348
2243 8880
2245 7728
2245 983
2247 3143
2247 3960
2249 4635
2249 1035
2251 3411
2251 6803
2253 2380
2253 1536
2255 8138
2255 8380
2257 2103
2257 7825
2259 6547
2259 148
2261 267
2261 7447
2263 1277
2263 90
2265 6240
2265 3247
2267 8053
2267 778
2269 7686
2269 9955
2271 1084
2271 9356
2273 425
2273 6105
2275 9560
2275 9654
2277 8335
2277 6337
2279 2983
2279 4832
2281 9345
2281 8829
2283 8598
2283 529
2285 2482
2285 1899
2287 3232
2287 4571
2289 5264
2289 222
2291 2942
2291 7583
2293 8180
2293 9562
2295 9659
2295 5692
2297 4025
2297 8694
2299 112
2299 6384
2301 7038
2301 7828
2303 4545
2303 7258
2305 4523
2305 1169
2307 5580
2307 4446
2309 4602
2309 6208
2311 5394
2311 5386
2313 8146
2313 6214
2315 584
2315 314
2317 725
2317 7421
2319 229
2319 4585
2321 3901
2321 7314
2323 6904
2323 4948
2325 6745
2325 5602
2327 7598
2327 5625
2329 3589
2329 8434
2331 3168
2331 9304
2333 4116
2333 4875
2335 3667
2335 7788
2337 702
2337 5496
2339 5275
2339 3525
2341 8169
2341 50
2343 9778
2343 1414
2345 9871
2345 2667
2347 1443
2347 2553
2349 2313
2349 7186
2351 3267
2351 7076
2353 8672
2353 9599
2355 2401
2355 9531
2357 3216
2357 5911
2359 2489
2359 6780
2361 1360
2361 917
2363 4942
2363 936
2365 6772
2365 2908
2367 8112
2367 2545
2369 8855
2369 2810
2371 3226
2371 2003
2373 6251
2373 3401
2375 7905
2375 5077
2377 4770
2377 7844
2379 3006
2379 9865
2381 3291
2381 3161
2383 3617
2383 3213
2385 8545
2385 3201
2387 4276
2387 3620
2389 2632
2389 1754
2391 6629
2391 8086
2393 4945
2393 9178
2395 7894
2395 3598
2397 227
2397 5072
2399 7004
2399 1401
2401 2445
2401 1740
2403 4889
2403 1189
2405 567
2405 9815
2407 7053
2407 185
2409 2365
2409 425
2411 3540
2411 2527
2413 7453
2413 7224
2415 1167
2415 239
2417 7223
2417 1569
2419 4585
2419 349
2421 1272
2421 3645
2423 9060
2423 3753
2425 4982
2425 4460
2427 1056
2427 5666
2429 5833
2429 8444
2431 9866
2431 3110
2433 4758
2433 819
2435 7747
2435 5616
2437 8567
2437 7873
2439 5950
2439 9709
2441 7609
2441 6242
2443 7320
2443 3019
2445 4471
2445 7442
2447 6586
2447 6960
2449 6244
2449 8381
2451 7137
2451 1095
2453 8230
2453 4586
2455 6746
2455 3048
2457 2690
2457 9723
2459 6500
2459 6958
2461 7234
2461 3315
2463 5328
2463 9412
2465 1748
2465 1149
2467 8969
2467 6086
2469 1114
2469 629
2471 6475
2471 4797
2473 3795
2473 5326
2475 8495
2475 3303
2477 9456
2477 1691
2479 1013
2479 4000
2481 5819
2481 9754
2483 7700
2483 395
2485 3454
2485 118
2487 6050
2487 1748
2489 973
2489 1024
2491 5538
2491 98
2493 9197
2493 3372
2495 6211
2495 543
2497 4340
2497 6707
2499 8087
2499 6846
2501 1934
2501 6369
2503 2819
2503 8249
2505 1884
2505 8477
2507 7025
2507 750
2509 9284
2509 3330
2511 5623
2511 7637
2513 4659
2513 6735
2515 7840
2515 7861
2517 7642
2517 1271
2519 277
2519 2170
2521 1870
2521 2553
2523 8308
2523 3067
2525 4965
2525 7486
2527 1394
2527 3417
2529 2844
2529 3649
2531 5255
2531 8395
2533 1486
2533 4263
2535 7054
2535 1628
2537 2435
2537 1122
2539 6806
2539 6005
2541 1751
2541 2196
2543 9421
2543 9033
2545 7024
2545 4599
2547 6308
2547 3299
2549 8032
2549 6318
2551 1915
2551 7106
2553 8829
2553 9848
2555 7066
2555 4618
2557 7795
2557 7104
2559 6248
2559 4112
2561 9610
2561 4477
2563 3643
2563 6336
2565 8070
2565 3109
2567 7001
2567 677
2569 9767
2569 601
2571 6931
2571 9485
2573 4814
2573 7236
2575 1717
2575 7516
2577 8008
2577 7225
2579 4244
2579 8626
2581 7619
2581 5497
2583 5228
2583 6172
2585 3742
2585 1725
2587 4123
2587 9159
2589 9997
2589 3231
2591 1849
2591 5794
2593 9807
2593 4665
2595 1312
2595 8134
2597 3640
2597 2172
2599 5670
2599 6454
2601 2530
2601 2383
2603 4105
2603 878
2605 7719
2605 5455
2607 2522
2607 7163
2609 1480
2609 5984
2611 1599
2611 4924
2613 81
2613 1578
2615 4392
2615 6044
2617 5122
2617 3645
2619 9533
2619 4701
2621 768
2621 3994
2623 8591
2623 4600
2625 6207
2625 2319
2627 1704
2627 9298
2629 4657
2629 4707
2631 8697
2631 5635
2633 5417
2633 5656
2635 7378
2635 1336
2637 3541
2637 4961
2639 8072
2639 9540
2641 9596
2641 7051
2643 7460
2643 6920
2645 3964
2645 8160
2647 5176
2647 9568
2649 6401
2649 6003
2651 2059
2651 5640
2653 4704
2653 8240
2655 3176
2655 9062
2657 4017
2657 4272
2659 7479
2659 8748
2661 7590
2661 7278
2663 1526
2663 1038
2665 7033
2665 8692
2667 7712
2667 4170
2669 3046
2669 5762
2671 8499
2671 9039
2673 1778
2673 3961
2675 4621
2675 646
2677 2929
2677 3751
2679 7870
2679 1458
2681 1342
2681 7467
2683 7626
2683 4257
2685 8744
2685 3165
2687 9764
2687 6229
2689 6905
2689 1872
2691 7816
2691 3286
2693 7676
2693 693
2695 8446
2695 8616
2697 7528
2697 6435
2699 3517
2699 6891
2701 9881
2701 6465
2703 8316
2703 1188
2705 7397
2705 5789
2707 2748
2707 7965
2709 1466
2709 8804
2711 9616
2711 866
2713 5262
2713 6039
2715 5280
2715 3857
2717 9029
2717 7386
2719 7222
2719 9384
2721 3608
2721 9082
2723 9106
2723 7631
2725 3680
2725 5290
2727 8526
2727 6188
2729 2652
2729 640
2731 5763
2731 5086
2733 5472
2733 7637
2735 2682
2735 6239
2737 3404
2737 4306
2739 2379
2739 586
2741 8601
2741 2343
2743 3670
2743 2088
2745 875
2745 2755
2747 3979
2747 3482
2749 8133
2749 905
2751 3948
2751 8416
2753 9914
2753 4597
2755 1213
2755 2251
2757 3900
2757 7166
2759 7567
2759 1999
2761 5665
2761 9011
2763 1904
2763 6952
2765 6364
2765 4138
2767 1272
2767 3926
2769 1063
2769 6179
2771 490
2771 12
2773 6378
2773 5203
2775 4186
2775 3678
2777 8000
2777 3436
2779 1987
2779 2744
2781 9044
2781 6646
2783 8963
2783 343
2785 484
2785 8890
2787 6603
2787 1208
2789 3466
2789 2999
2791 1311
2791 1102
2793 5648
2793 72
2795 4002
2795 6644
2797 6606
2797 7774
2799 4358
2799 6319
2801 6256
2801 4434
2803 795
2803 3992
2805 4299
2805 9714
2807 4405
2807 4452
2809 3959
2809 5494
2811 9575
2811 3598
2813 9550
2813 3742
2815 2130
2815 6624
2817 6946
2817 3386
2819 7913
2819 9829
2821 8768
2821 7047
2823 1589
2823 2872
2825 3220
2825 6693
2827 4147
2827 8269
2829 4290
2829 5137
2831 1494
2831 8027
2833 1189
2833 9147
2835 9697
2835 9868
2837 5668
2837 9872
2839 6589
2839 5431
2841 8375
2841 7923
2843 3129
2843 9684
2845 8727
2845 8777
2847 7288
2847 7216
2849 8421
2849 1080
2851 6078
2851 3144
2853 2687
2853 1505
2855 6378
2855 388
2857 2914
2857 705
2859 9787
2859 7282
2861 1533
2861 1489
2863 6888
2863 2450
2865 743
2865 4494
2867 783
2867 3787
2869 3765
2869 665
2871 1955
2871 3684
2873 8853
2873 5464
2875 2400
2875 1284
2877 639
2877 1291
2879 9739
2879 9718
2881 656
2881 3305
2883 3636
2883 466
2885 5856
2885 7839
2887 8810
2887 2086
2889 4234
2889 2456
2891 1882
2891 6011
2893 2832
2893 7978
2895 5306
2895 4148
2897 6493
2897 9407
2899 5430
2899 3067
2901 2984
2901 1031
2903 1264
2903 5092
2905 9211
2905 9555
2907 1682
2907 9003
2909 5355
2909 331
2911 3317
2911 957
2913 7032
2913 2829
2915 3421
2915 2265
2917 1652
2917 5450
2919 6575
2919 4693
2921 2740
2921 8867
2923 2439
2923 5042
2925 5597
2925 241
2927 5574
2927 9686
2929 6168
2929 6468
2931 513
2931 7317
2933 6076
2933 9027
2935 5765
2935 10
2937 7631
2937 3617
2939 6724
2939 579
2941 5206
2941 6028
2943 2579
2943 4
2945 1007
2945 3621
2947 3865
2947 2154
2949 9392
2949 2269
2951 1620
2951 1187
2953 3247
2953 2190
2955 8914
2955 8293
2957 8477
2957 2312
2959 3296
2959 2270
2961 317
2961 8291
2963 8132
2963 6977
2965 5443
2965 8555
2967 5928
2967 5202
2969 7864
2969 7445
2971 5337
2971 8997
2973 478
2973 4847
2975 5041
2975 9028
2977 4023
2977 5976
2979 1900
2979 4144
2981 2746
2981 2460
2983 9598
2983 94
2985 5438
2985 364
2987 9084
2987 6847
2989 2988
2989 9186
2991 1474
2991 5158
2993 119
2993 7854
2995 5628
2995 8786
2997 736
2997 764
2999 8161
2999 8765
3001 9844
3001 1723
3003 1917
3003 4131
3005 4449
3005 6397
3007 9196
3007 3606
3009 1001
3009 971
3011 6583
3011 7596
3013 2635
3013 941
3015 4652
3015 8892
3017 2599
3017 5885
3019 7768
3019 5084
3021 2548
3021 9116
3023 8988
3023 2883
3025 720
3025 4053
3027 1657
3027 9068
3029 9416
3029 1620
3031 2107
3031 7505
3033 6225
3033 4068
3035 8327
3035 8875
3037 5806
3037 8424
3039 3996
3039 664
3041 8907
3041 4724
3043 6262
3043 3881
3045 2122
3045 2217
3047 6070
3047 5821
3049 4734
3049 615
3051 2553
3051 6306
3053 4925
3053 946
3055 1826
3055 8587
3057 1990
3057 4655
3059 5903
3059 231
3061 9723
3061 2217
3063 702
3063 3527
3065 6379
3065 9700
3067 3041
3067 8045
3069 9648
3069 4984
3071 7747
3071 4661
3073 6854
3073 8804
3075 6096
3075 4897
3077 617
3077 4964
3079 8186
3079 2003
3081 2825
3081 8139
3083 8225
3083 3588
3085 8558
3085 5894
3087 4664
3087 8474
3089 9903
3089 2398
3091 2581
3091 646
3093 2263
3093 3057
3095 7359
3095 295
3097 7085
3097 7231
3099 1390
3099 2181
3101 701
3101 9305
3103 732
3103 7352
3105 330
3105 2568
3107 1509
3107 9576
3109 1782
3109 182
3111 5944
3111 3479
3113 9832
3113 328
3115 6971
3115 5432
3117 4612
3117 5779
3119 820
3119 521
3121 292
3121 5783
3123 8239
3123 3935
3125 881
3125 1093
3127 7296
3127 2024
3129 3916
3129 1930
3131 241
3131 6667
3133 3845
3133 5335
3135 4537
3135 1686
3137 4810
3137 228
3139 9819
3139 8106
3141 2760
3141 4284
3143 5460
3143 4064
3145 565
3145 3364
3147 8623
3147 2143
3149 9048
3149 2230
3151 6071
3151 6533
3153 8064
3153 2196
3155 4767
3155 8960
3157 4407
3157 3465
3159 2249
3159 5006
3161 5818
3161 7094
3163 3039
3163 2558
3165 1406
3165 5329
3167 208
3167 9633
3169 8681
3169 9781
3171 2058
3171 7546
3173 875
3173 1762
3175 7858
3175 8519
3177 3780
3177 6657
3179 2747
3179 972
3181 8646
3181 3362
3183 6672
3183 2946
3185 5935
3185 4287
3187 5522
3187 4914
3189 4270
3189 5185
3191 4605
3191 8854
3193 8683
3193 9745
3195 6602
3195 5080
3197 1620
3197 4689
3199 5962
3199 3486
3201 8744
3201 5498
3203 4545
3203 7073
3205 9666
3205 2134
3207 2339
3207 7839
3209 1390
3209 7059
3211 6689
3211 6628
3213 128
3213 4616
3215 2005
3215 4725
3217 9433
3217 8997
3219 3759
3219 6356
3221 7755
3221 8329
3223 3183
3223 7333
3225 6635
3225 2238
3227 4644
3227 4753
3229 1414
3229 9025
3231 2367
3231 9372
3233 472
3233 9639
3235 9450
3235 7959
3237 6864
3237 6513
3239 3972
3239 6042
3241 1569
3241 2120
3243 9675
3243 2507
3245 1130
3245 1788
3247 4372
3247 357
3249 9250
3249 1292
3251 1139
3251 9870
3253 2089
3253 8454
3255 8969
3255 2089
3257 7307
3257 3389
3259 4197
3259 5901
3261 292
3261 3502
3263 1016
3263 6347
3265 1810
3265 6126
3267 4080
3267 2232
3269 7323
3269 7947
3271 2429
3271 1968
3273 1966
3273 298
3275 2545
3275 9783
3277 408
3277 7242
3279 883
3279 9558
3281 2746
3281 2266
3283 2034
3283 2102
3285 4175
3285 4852
3287 885
3287 7840
3289 9787
3289 2845
3291 5203
3291 6729
3293 4060
3293 3925
3295 5799
3295 1999
3297 7929
3297 931
3299 1595
3299 3693
3301 4709
3301 4528
3303 3964
3303 4419
3305 6421
3305 1112
3307 5980
3307 6548
3309 7450
3309 8062
3311 4551
3311 7948
3313 7655
3313 9948
3315 7729
3315 3273
3317 6612
3317 7299
3319 1322
3319 4176
3321 1339
3321 6743
3323 6919
3323 3447
3325 4347
3325 1603
3327 7853
3327 4618
3329 6149
3329 1315
3331 8539
3331 2012
3333 2448
3333 2521
3335 3528
3335 5176
3337 6261
3337 7035
3339 3252
3339 5165
3341 9024
3341 6455
3343 2075
3343 8385
3345 5684
3345 3672
3347 4408
3347 7984
3349 1656
3349 8917
3351 4559
3351 3432
3353 5880
3353 6061
3355 1152
3355 1202
3357 5911
3357 3212
3359 8383
3359 2589
3361 7815
3361 8715
3363 7289
3363 7460
3365 5413
3365 6367
3367 5049
3367 3386
3369 2282
3369 973
3371 7530
3371 3203
3373 7616
3373 7553
3375 8646
3375 7727
3377 2547
3377 9609
3379 4670
3379 6852
3381 1208
3381 8798
3383 3924
3383 2173
3385 923
3385 7432
3387 1839
3387 8196
3389 9698
3389 2932
3391 6299
3391 5475
3393 8398
3393 1274
3395 9749
3395 6719
3397 3863
3397 1701
3399 4731
3399 9458
3401 7496
3401 2315
3403 1658
3403 319
3405 7691
3405 9096
3407 8432
3407 8526
3409 9300
3409 2895
3411 8134
3411 2888
3413 4581
3413 4414
3415 7618
3415 6794
3417 4071
3417 9849
3419 9768
3419 8122
3421 7330
3421 241
3423 2675
3423 1221
3425 2686
3425 3563
3427 6004
3427 2828
3429 8546
3429 7865
3431 3849
3431 1036
3433 8031
3433 996
3435 6938
3435 3882
3437 600
3437 6719
3439 2824
3439 8131
3441 2203
3441 3209
3443 2768
3443 424
3445 2682
3445 8084
3447 4843
3447 697
3449 2036
3449 7359
3451 2154
3451 5679
3453 9141
3453 4116
3455 9532
3455 7133
3457 7014
3457 8762
3459 9433
3459 2960
3461 4562
3461 7645
3463 2892
3463 9948
3465 4211
3465 7235
3467 8786
3467 596
3469 3249
3469 4710
3471 6138
3471 9935
3473 4662
3473 3144
3475 3476
3475 713
3477 6800
3477 8998
3479 5523
3479 7752
3481 994
3481 3792
3483 7765
3483 6158
3485 665
3485 3118
3487 634
3487 5826
3489 4134
3489 5721
3491 6941
3491 5808
3493 5514
3493 2925
3495 7658
3495 1785
3497 6140
3497 927
3499 321
3499 7527
3501 5233
3501 7360
3503 6121
3503 5497
3505 9522
3505 8858
3507 2401
3507 2247
3509 1751
3509 9335
3511 7667
3511 3440
3513 4803
3513 748
3515 2512
3515 8856
3517 2640
3517 2469
3519 2497
3519 4138
3521 9974
3521 2376
3523 4723
3523 5012
3525 427
3525 2980
3527 4945
3527 331
3529 2005
3529 4252
3531 9940
3531 4451
3533 70
3533 9545
3535 5644
3535 6035
3537 9379
3537 7321
3539 5516
3539 8732
3541 7452
3541 7580
3543 4884
3543 1641
3545 8938
3545 4229
3547 7533
3547 5660
3549 5273
3549 1260
3551 5697
3551 4575
3553 263
3553 1864
3555 1837
3555 1953
3557 7237
3557 4690
3559 4585
3559 5144
3561 3163
3561 4083
3563 3292
3563 7756
3565 6939
3565 9547
3567 799
3567 4479
3569 6663
3569 4054
3571 4654
3571 1161
3573 7880
3573 9698
3575 2496
3575 9331
3577 3515
3577 6626
3579 1668
3579 2924
3581 7345
3581 8551
3583 5684
3583 6297
3585 7922
3585 8451
3587 9444
3587 8281
3589 7173
3589 3538
3591 3024
3591 2311
3593 4054
3593 2486
3595 949
3595 9206
3597 854
3597 6119
3599 1422
3599 3735
3601 9185
3601 7824
3603 4064
3603 2749
3605 932
3605 5846
3607 8027
3607 2664
3609 1333
3609 5946
3611 8706
3611 6820
3613 529
3613 5715
3615 6796
3615 8577
3617 8036
3617 6130
3619 7116
3619 8217
3621 5956
3621 5635
3623 8486
3623 5732
3625 9150
3625 5831
3627 2214
3627 3561
3629 3431
3629 4198
3631 5783
3631 3313
3633 8136
3633 5411
3635 7114
3635 7203
3637 142
3637 2806
3639 1925
3639 6504
3641 8709
3641 3782
3643 437
3643 8668
3645 8521
3645 3594
3647 8053
3647 9351
3649 4973
3649 3316
3651 8431
3651 6807
3653 9168
3653 4601
3655 4414
3655 3532
3657 4531
3657 4448
3659 1076
3659 9847
3661 4073
3661 9236
3663 6322
3663 4405
3665 4021
3665 1063
3667 1330
3667 1332
3669 1087
3669 383
3671 9704
3671 8022
3673 2863
3673 9336
3675 4000
3675 4421
3677 866
3677 2378
3679 1274
3679 2362
3681 9775
3681 5968
3683 2042
3683 1822
3685 3520
3685 8599
3687 4252
3687 6812
3689 7133
3689 5268
3691 9334
3691 6065
3693 4057
3693 2436
3695 2117
3695 3589
3697 2753
3697 6880
3699 5480
3699 3633
3701 1140
3701 7131
3703 9829
3703 3785
3705 4623
3705 5937
3707 9200
3707 9785
3709 617
3709 572
3711 4349
3711 2988
3713 1433
3713 7135
3715 1421
3715 6846
3717 481
3717 9409
3719 1264
3719 1532
3721 4508
3721 9645
3723 9133
3723 4192
3725 4716
3725 9140
3727 9087
3727 6962
3729 3650
3729 6853
3731 3432
3731 3026
3733 4542
3733 3388
3735 8977
3735 4312
3737 1448
3737 3592
3739 5248
3739 6434
3741 9152
3741 7990
3743 446
3743 8585
3745 937
3745 5410
3747 6441
3747 8058
3749 2608
3749 7526
3751 3160
3751 7108
3753 708
3753 8008
3755 7245
3755 343
3757 3895
3757 8936
3759 5910
3759 8561
3761 3035
3761 5607
3763 4819
3763 7062
3765 943
3765 2063
3767 564
3767 1927
3769 511
3769 9758
3771 4425
3771 2978
3773 8854
3773 4376
3775 8572
3775 6333
3777 501
3777 4964
3779 4042
3779 3478
3781 5611
3781 5686
3783 6811
3783 4335
3785 843
3785 4483
3787 26
3787 9021
3789 5102
3789 6459
3791 9863
3791 4722
3793 6023
3793 8327
3795 3646
3795 5839
3797 2297
3797 1221
3799 4824
3799 3992
3801 3065
3801 1206
3803 8440
3803 7274
3805 5278
3805 9819
3807 7492
3807 9691
3809 318
3809 2533
3811 6397
3811 4019
3813 4033
3813 3732
3815 328
3815 8582
3817 6167
3817 736
3819 6472
3819 6687
3821 6598
3821 7590
3823 7567
3823 6245
3825 6268
3825 285
3827 9461
3827 7825
3829 7373
3829 9527
3831 1540
3831 9829
3833 6541
3833 8986
3835 5093
3835 1691
3837 6900
3837 8508
3839 7083
3839 7198
3841 524
3841 4237
3843 3941
3843 7425
3845 2937
3845 5054
3847 5748
3847 1056
3849 172
3849 7547
3851 9452
3851 6841
3853 7534
3853 1640
3855 1441
3855 8227
3857 6147
3857 4458
3859 9539
3859 1309
3861 6534
3861 2779
3863 7679
3863 8948
3865 3119
3865 2594
3867 2872
3867 1664
3869 995
3869 6205
3871 6017
3871 3927
3873 7818
3873 4801
3875 2593
3875 7223
3877 8234
3877 9847
3879 56
3879 9390
3881 5549
3881 48
3883 3506
3883 5612
3885 7104
3885 7372
3887 2908
3887 5679
3889 7690
3889 3971
3891 9281
3891 4550
3893 1368
3893 5103
3895 2456
3895 8796
3897 3467
3897 8008
3899 2929
3899 7781
3901 5483
3901 1584
3903 3114
3903 4397
3905 2296
3905 8909
3907 4306
3907 88
3909 96
3909 6037
3911 9007
3911 8286
3913 4196
3913 2528
3915 2803
3915 3298
3917 4782
3917 2348
3919 1885
3919 9233
3921 4064
3921 674
3923 6888
3923 3238
3925 9728
3925 2614
3927 7241
3927 5871
3929 9675
3929 6782
3931 3228
3931 3000
3933 7607
3933 4396
3935 8000
3935 2100
3937 1158
3937 7959
3939 7777
3939 700
3941 719
3941 2911
3943 3141
3943 8897
3945 1541
3945 5147
3947 6031
3947 2997
3949 9823
3949 5819
3951 383
3951 9898
3953 6086
3953 5970
3955 6634
3955 7669
3957 6320
3957 7401
3959 4962
3959 6427
3961 1502
3961 4729
3963 3687
3963 4724
3965 340
3965 6623
3967 4400
3967 3077
3969 3651
3969 8660
3971 6455
3971 4816
3973 830
3973 7037
3975 6129
3975 1983
3977 2842
3977 8689
3979 1643
3979 1253
3981 7441
3981 3398
3983 7363
3983 8887
3985 3353
3985 3311
3987 3091
3987 8815
3989 5855
3989 1108
3991 2375
3991 4386
3993 5928
3993 8192
3995 1451
3995 133
3997 3092
3997 4633
3999 2197
3999 3395
4001 73
4001 3267
4003 8047
4003 6482
4005 6698
4005 5953
4007 7337
4007 4356
4009 3299
4009 698
4011 2304
4011 5870
4013 7200
4013 5408
4015 7157
4015 9516
4017 9842
4017 6912
4019 3575
4019 4998
4021 387
4021 7648
4023 5091
4023 6946
4025 4881
4025 565
4027 4349
4027 6525
4029 7049
4029 2879
4031 1116
4031 8720
4033 16
4033 4189
4035 928
4035 2403
4037 476
4037 1886
4039 3725
4039 1821
4041 2303
4041 5726
4043 6378
4043 7888
4045 8748
4045 7411
4047 5971
4047 1865
4049 6052
4049 8124
4051 254
4051 6929
4053 660
4053 8280
4055 8877
4055 5465
4057 7442
4057 1549
4059 6282
4059 9195
4061 5397
4061 3123
4063 892
4063 2068
4065 6807
4065 5902
4067 8895
4067 5968
4069 8352
4069 6811
4071 6002
4071 6148
4073 8704
4073 4823
4075 2626
4075 6192
4077 4272
4077 7544
4079 1217
4079 3195
4081 8187
4081 7710
4083 5
4083 9657
4085 3238
4085 242
4087 3309
4087 8523
4089 6485
4089 916
4091 4278
4091 6163
4093 4807
4093 7527
4095 6647
4095 7043
4097 6036
4097 7819
4099 7930
4099 2614
4101 844
4101 9066
4103 8614
4103 3829
4105 4662
4105 6443
4107 6882
4107 7346
4109 5782
4109 8767
4111 5283
4111 6698
4113 9062
4113 1966
4115 6327
4115 9395
4117 74
4117 8256
4119 7258
4119 5287
4121 2255
4121 6977
4123 6632
4123 32
4125 4696
4125 3112
4127 3095
4127 6034
4129 9539
4129 5657
4131 9065
4131 5721
4133 3489
4133 3535
4135 2314
4135 8482
4137 3900
4137 2991
4139 669
4139 5968
4141 8576
4141 4736
4143 6621
4143 4279
4145 1900
4145 1110
4147 1394
4147 3350
4149 3400
4149 3416
4151 5203
4151 848
4153 8178
4153 8657
4155 861
4155 1165
4157 7499
4157 9933
4159 2142
4159 8991
4161 9488
4161 8015
4163 6569
4163 1367
4165 1401
4165 5045
4167 4017
4167 171
4169 5162
4169 4350
4171 7666
4171 9596
4173 4920
4173 917
4175 1714
4175 6617
4177 9698
4177 5302
4179 7999
4179 1761
4181 6340
4181 5548
4183 1057
4183 5024
4185 4776
4185 9049
4187 6416
4187 2666
4189 5819
4189 1173
4191 2481
4191 4694
4193 4044
4193 2913
4195 4810
4195 3508
4197 5621
4197 7830
4199 9645
4199 8787
4201 5741
4201 5761
4203 1670
4203 792
4205 1152
4205 2000
4207 7293
4207 7182
4209 6592
4209 9501
4211 3235
4211 4320
4213 8883
4213 4399
4215 2373
4215 5282
4217 3124
4217 9309
4219 1901
4219 5650
4221 9671
4221 9189
4223 7400
4223 7364
4225 6243
4225 7699
4227 8193
4227 4539
4229 2106
4229 9455
4231 6688
4231 118
4233 2891
4233 6640
4235 3940
4235 4638
4237 4380
4237 3279
4239 8758
4239 9506
4241 24
4241 8302
4243 891
4243 8610
4245 5393
4245 6295
4247 9459
4247 786
4249 3580
4249 2677
4251 4313
4251 3616
4253 5792
4253 2244
4255 5069
4255 6084
4257 4560
4257 8047
4259 1362
4259 326
4261 4111
4261 2371
4263 4790
4263 1777
4265 4221
4265 7215
4267 2540
4267 8241
4269 580
4269 7538
4271 8347
4271 6457
4273 4573
4273 8245
4275 733
4275 2305
4277 6969
4277 1050
4279 7379
4279 2615
4281 4669
4281 9702
4283 5657
4283 1159
4285 330
4285 6976
4287 9845
4287 4941
4289 345
4289 7675
4291 6926
4291 753
4293 8573
4293 6186
4295 9607
4295 5540
4297 5519
4297 8718
4299 6237
4299 6264
4301 1214
4301 5077
4303 5839
4303 8607
4305 2246
4305 9005
4307 5475
4307 6260
4309 8008
4309 447
4311 8368
4311 8778
4313 273
4313 4342
4315 6327
4315 2776
4317 5544
4317 8097
4319 1412
4319 2446
4321 3884
4321 4787
4323 7732
4323 503
4325 6987
4325 460
4327 2352
4327 588
4329 4173
4329 2177
4331 2794
4331 1475
4333 5921
4333 2383
4335 8474
4335 4017
4337 9256
4337 3847
4339 7243
4339 6860
4341 456
4341 7766
4343 4192
4343 41
4345 4533
4345 6818
4347 4195
4347 1605
4349 1130
4349 8194
4351 4121
4351 5250
4353 7005
4353 6137
4355 3772
4355 6929
4357 4796
4357 5297
4359 807
4359 3206
4361 8338
4361 9222
4363 7936
4363 3422
4365 5148
4365 4110
4367 9683
4367 4996
4369 9129
4369 6290
4371 5076
4371 3296
4373 9900
4373 620
4375 1977
4375 606
4377 3154
4377 1284
4379 7062
4379 811
4381 3561
4381 3572
4383 3034
4383 788
4385 7
4385 8284
4387 9896
4387 4814
4389 1679
4389 3200
4391 3733
4391 8135
4393 2484
4393 2684
4395 5817
4395 9337
4397 5901
4397 5531
4399 1426
4399 7176
4401 2820
4401 6251
4403 3740
4403 5965
4405 7300
4405 5156
4407 8795
4407 1207
4409 5836
4409 3192
4411 951
4411 5957
4413 219
4413 3033
4415 9636
4415 569
4417 6103
4417 5
4419 4430
4419 9642
4421 5050
4421 647
4423 4980
4423 9921
4425 8356
4425 9576
4427 6168
4427 4577
4429 1910
4429 3217
4431 7806
4431 2115
4433 1144
4433 873
4435 4382
4435 4549
4437 8823
4437 6315
4439 4495
4439 2280
4441 2048
4441 1172
4443 5842
4443 9523
4445 8776
4445 4324
4447 3960
4447 6449
4449 8265
4449 8258
4451 6713
4451 6805
4453 3451
4453 8995
4455 8895
4455 4746
4457 8221
4457 3596
4459 4763
4459 4912
4461 97
4461 8190
4463 263
4463 5137
4465 9058
4465 3616
4467 4578
4467 6937
4469 1648
4469 6589
4471 3300
4471 2948
4473 7219
4473 4735
4475 8285
4475 7392
4477 2771
4477 6853
4479 5850
4479 8979
4481 1420
4481 3557
4483 7318
4483 3510
4485 5603
4485 5668
4487 3583
4487 97
4489 4526
4489 2555
4491 336
4491 310
4493 77
4493 1729
4495 9688
4495 5692
4497 8541
4497 4104
4499 2118
4499 8957
4501 1967
4501 3807
4503 9361
4503 8868
4505 7904
4505 9923
4507 3696
4507 1369
4509 8590
4509 8537
4511 6271
4511 7325
4513 3848
4513 6487
4515 7157
4515 9027
4517 1368
4517 3938
4519 6104
4519 2644
4521 2875
4521 4271
4523 991
4523 4785
4525 8888
4525 5946
4527 497
4527 3751
4529 5919
4529 3330
4531 4418
4531 4431
4533 612
4533 9344
4535 9164
4535 5274
4537 3605
4537 2678
4539 3113
4539 3488
4541 1260
4541 5060
4543 5225
4543 1550
4545 2257
4545 4810
4547 2896
4547 8823
4549 7054
4549 9254
4551 5754
4551 3526
4553 7547
4553 7651
4555 8028
4555 353
4557 4467
4557 7139
4559 1932
4559 3099
4561 1099
4561 3312
4563 3602
4563 1514
4565 1825
4565 8659
4567 6559
4567 2983
4569 5425
4569 8542
4571 4514
4571 3687
4573 7554
4573 4694
4575 4313
4575 3116
4577 2436
4577 6056
4579 4160
4579 9510
4581 506
4581 6398
4583 2539
4583 6710
4585 7157
4585 4165
4587 2720
4587 4763
4589 9309
4589 6403
4591 4738
4591 9573
4593 1560
4593 7752
4595 4534
4595 499
4597 9253
4597 8051
4599 9074
4599 4436
4601 8209
4601 3002
4603 4618
4603 2656
4605 7408
4605 7442
4607 1879
4607 6887
4609 2518
4609 4031
4611 6999
4611 3974
4613 3323
4613 3363
4615 7656
4615 5795
4617 463
4617 3979
4619 7837
4619 1238
4621 4318
4621 6281
4623 2497
4623 7511
4625 9302
4625 9148
4627 8607
4627 5958
4629 3704
4629 5609
4631 3721
4631 87
4633 546
4633 2310
4635 9110
4635 713
4637 4370
4637 5056
4639 1750
4639 4289
4641 9503
4641 8910
4643 2815
4643 3267
4645 8605
4645 9649
4647 8017
4647 486
4649 1562
4649 4032
4651 1108
4651 6715
4653 4781
4653 155
4655 5363
4655 8017
4657 5319
4657 7473
4659 7836
4659 1381
4661 2719
4661 7092
4663 3237
4663 5910
4665 2028
4665 8350
4667 1196
4667 6668
4669 9019
4669 2954
4671 560
4671 1397
4673 4187
4673 4040
4675 2107
4675 8567
4677 8116
4677 1593
4679 7689
4679 7107
4681 9714
4681 3088
4683 766
4683 6316
4685 3989
4685 9363
4687 6083
4687 6886
4689 4847
4689 7746
4691 4827
4691 6789
4693 9397
4693 7258
4695 5023
4695 321
4697 5389
4697 1884
4699 6420
4699 8123
4701 969
4701 5034
4703 8816
4703 8202
4705 2247
4705 1963
4707 5422
4707 1900
4709 5881
4709 442
4711 9443
4711 4961
4713 9019
4713 3271
4715 4974
4715 798
4717 6793
4717 5200
4719 3764
4719 3537
4721 6994
4721 9673
4723 3397
4723 3404
4725 699
4725 6117
4727 6933
4727 8614
4729 7327
4729 5222
4731 8869
4731 16
4733 6203
4733 9271
4735 104
4735 3468
4737 1774
4737 3030
4739 8465
4739 6646
4741 1243
4741 1961
4743 9119
4743 5826
4745 8801
4745 3216
4747 1481
4747 7002
4749 6192
4749 4273
4751 6566
4751 7147
4753 4595
4753 19
4755 4138
4755 771
4757 2212
4757 212
4759 3694
4759 8342
4761 2751
4761 7176
4763 3426
4763 8857
4765 2151
4765 6469
4767 4200
4767 481
4769 1175
4769 4542
4771 6522
4771 7000
4773 8765
4773 1826
4775 3641
4775 2726
4777 3075
4777 5905
4779 4059
4779 3844
4781 8002
4781 2948
4783 8382
4783 9475
4785 5599
4785 695
4787 9141
4787 1594
4789 1384
4789 6434
4791 3042
4791 8399
4793 525
4793 9416
4795 3609
4795 1497
4797 1952
4797 3632
4799 4349
4799 8031
4801 1255
4801 4020
4803 7744
4803 8376
4805 7376
4805 6255
4807 7546
4807 9699
4809 722
4809 3997
4811 2032
4811 1478
4813 904
4813 2849
4815 1288
4815 2979
4817 5647
4817 652
4819 6547
4819 9220
4821 2220
4821 3501
4823 8503
4823 2492
4825 9915
4825 8161
4827 9649
4827 2817
4829 2380
4829 4768
4831 5012
4831 1808
4833 6137
4833 2942
4835 9716
4835 4088
4837 4532
4837 9188
4839 7934
4839 2362
4841 7343
4841 6699
4843 8532
4843 1101
4845 6986
4845 8338
4847 1010
4847 229
4849 8129
4849 4061
4851 6181
4851 4328
4853 5378
4853 5675
4855 3016
4855 2017
4857 1803
4857 7952
4859 7350
4859 4980
4861 4539
4861 6607
4863 8179
4863 9676
4865 9169
4865 9096
4867 8739
4867 3274
4869 8920
4869 8780
4871 8155
4871 814
4873 2940
4873 5581
4875 1203
4875 5256
4877 6570
4877 1826
4879 4956
4879 234
4881 1164
4881 6274
4883 8191
4883 5959
4885 6890
4885 1569
4887 9080
4887 3981
4889 5626
4889 4995
4891 3340
4891 3089
4893 7258
4893 9100
4895 230
4895 202
4897 9349
4897 7711
4899 6466
4899 87
4901 8659
4901 1349
4903 841
4903 9160
4905 3317
4905 9075
4907 864
4907 105
4909 1287
4909 8857
4911 615
4911 3121
4913 8825
4913 6836
4915 8610
4915 7751
4917 9709
4917 2408
4919 9896
4919 5810
4921 9556
4921 1609
4923 4471
4923 290
4925 8335
4925 1512
4927 4516
4927 9997
4929 6992
4929 2434
4931 2251
4931 6275
4933 757
4933 9830
4935 9491
4935 5855
4937 4849
4937 1301
4939 9277
4939 5226
4941 5412
4941 6494
4943 5150
4943 4281
4945 2739
4945 6582
4947 6285
4947 1026
4949 8026
4949 5028
4951 2335
4951 8217
4953 940
4953 2924
4955 3468
4955 3864
4957 5350
4957 9925
4959 4822
4959 5202
4961 8318
4961 9182
4963 4190
4963 6326
4965 662
4965 7441
4967 1075
4967 6334
4969 7439
4969 9848
4971 4240
4971 8472
4973 7070
4973 242
4975 3612
4975 5437
4977 9477
4977 2614
4979 5451
4979 5874
4981 488
4981 5400
4983 8574
4983 4235
4985 1611
4985 3252
4987 9473
4987 8448
4989 6994
4989 8545
4991 1702
4991 6395
4993 4025
4993 5790
4995 858
4995 4065
4997 8785
4997 5788
4999 5985
5000 9588
5000 8662
5001 7956
5000 5426
5001 1768
5001 1951
5006 8126
5007 2954
5006 4148
5008 3670
5005 2454
5011 2658
5001 4873
5000 2099
5006 4181
5007 6515
5006 5836
5001 5407
5016 3944
5000 6746
5016 1937
5007 4549
5016 5065
5000 8938
5017 6839
5009 9926
5022 3577
5004 6116
5024 8254
5001 1943
5004 1633
5003 2214
5030 1122
5014 3823
5025 6844
5030 3539
5022 223
5013 9499
5002 8979
5012 6567
5040 6156
5009 8488
5031 9408
5030 6115
5027 485
5018 2915
5017 3266
5003 6865
5024 2914
5042 1544
5049 5967
5013 4464
5035 3511
5002 6166
5050 8019
5053 4136
5006 742
5033 949
5015 4541
5050 3264
5048 2046
5022 1181
5034 1267
5056 3809
5049 4793
5014 9209
5016 2878
5032 8772
5036 3016
5067 2842
5044 223
5035 6819
5025 8838
5055 1982
5029 3774
5001 1654
5012 7744
5041 4435
5039 6040
5002 8598
5014 6541
5073 6446
5027 3727
5027 3300
5083 3824
5082 5131
5006 754
5041 5255
5001 8761
5029 4213
5024 7561
5080 5590
5003 534
5064 9561
5052 3614
5060 8130
5019 5905
5016 2124
5033 6336
5069 4256
5087 5314
5090 3146
5083 4178
5048 5885
5054 3926
5047 4303
5038 1883
5083 6468
5007 4536
5009 7193
5002 7019
5043 3560
5051 5455
5061 1857
5003 421
5078 4086
5021 6272
5004 243
5056 4442
5103 8996
5093 5482
5051 2349
5071 2680
5025 7768
5085 224
5024 5758
5121 8453
5089 8807
5035 3606
5086 5727
5054 151
5079 3674
5062 6057
5084 283
5081 8472
5107 5872
5061 4984
5088 7134
5065 1588
5064 4394
5064 6165
5017 3155
5113 4409
5042 8654
5107 1501
5126 6541
5011 8576
5033 6508
5095 7386
5141 7071
5103 3403
5142 4346
5063 5111
5105 1037
5083 6903
5136 9377
5151 4870
5052 2194
5015 8179
5112 529
5033 970
5029 2628
5094 9755
5002 7164
5048 2792
5161 306
5136 7219
5045 7146
5045 7182
5165 4795
5105 3159
5113 95
5035 7535
5075 6256
5062 7564
5099 8095
5098 325
5025 3499
5080 8450
5089 4003
5104 864
5007 4504
5120 1468
5157 4856
5021 8821
5058 8337
5084 8071
5039 307
5127 734
5170 9438
5112 1612
5086 7612
5029 5044
5120 7080
5133 9704
5177 8905
5122 1782
5188 8807
5024 7697
5194 3720
5106 7407
5163 5294
5165 1366
5121 2289
5102 6843
5200 8659
5060 6196
5095 3889
5038 1609
5058 6045
5073 1228
5004 6227
5079 8512
5115 8711
5170 3842
5107 4122
5026 5293
5216 6643
5211 5417
5137 6087
5147 2749
5152 9183
5027 832
5154 856
5125 2210
5085 6260
5094 4823
5078 6217
5015 5928
5032 488
5029 697
5171 6198
5007 7687
5199 32
5175 6176
5229 1366
5007 6797
5020 1108
5010 2079
5144 7675
5083 6818
5098 1522
5065 2660
5180 5305
5000 3239
5233 9226
5012 9575
5212 5819
5133 5326
5191 8549
5103 3471
5166 8496
5080 4643
5194 5718
5188 9079
5063 4195
5203 6150
5112 7550
5188 6838
5081 3871
5157 2451
5001 467
5211 4061
5064 8095
5167 8105
5174 2769
5215 1484
5022 6779
5035 9972
5094 1788
5194 5761
5094 4292
5016 4733
5027 7573
5124 928
5124 410
5040 9039
5221 3
5180 2833
5147 7656
5213 623
5012 841
5186 4958
5235 391
5045 9953
5047 3561
5043 9348
5258 7787
5033 8490
5286 1622
5002 9493
5211 3427
5288 8391
5285 9165
5080 2183
5159 9408
5251 6637
5277 5759
5032 4813
5223 7781
5201 4449
5284 588
5270 7961
5134 7375
5211 5439
5133 4590
5215 9111
5040 4052
5268 2031
5245 1896
5090 9841
5116 6109
5219 7611
5018 7449
5014 5693
5153 2014
5196 8051
5227 3872
5004 7251
5147 6925
5013 1292
5224 4473
5287 1605
5101 4696
5183 6963
5275 6541
5254 9229
5271 5140
5248 8577
5038 6243
5110 1756
5073 8178
5273 1870
5014 9382
5114 5600
5159 1956
5195 6560
5070 1022
5278 644
5121 3788
5065 1279
5209 8610
5238 8592
5309 2949
5173 7234
5002 604
5253 9955
5068 412
5106 6454
5259 2599
5107 6953
5155 5415
5119 5681
5057 3742
5188 4471
5345 6694
5250 7027
5140 2926
5298 7899
5083 3735
5206 1913
5354 7668
5352 9297
5103 6087
5147 294
5306 8751
5151 6714
5004 9879
5141 911
5193 3155
5333 8802
5279 5453
5192 8032
5222 6095
5030 6721
5144 3258
5008 2523
5213 359
5088 6394
5053 9235
5102 2722
5108 8766
5215 2695
5314 102
5063 4274
5244 5979
5241 368
5089 462
5186 8963
5223 4815
5007 3258
5367 163
5200 8735
5237 1537
5283 6103
5137 320
5202 4112
5383 274
5181 2195
5248 2766
5260 8979
5090 8184
5141 638
5357 5278
5014 4708
5351 6607
5228 4369
5362 7017
5226 1347
5015 5335
5269 2255
5004 9595
5014 7214
5108 6408
5247 4821
5070 4118
5268 9808
5223 6670
5067 1511
5149 3960
5397 9209
5221 1219
5249 4397
5036 8740
5183 8098
5422 6024
5398 2187
5243 1425
5253 2323
5373 5339
5255 8737
5100 4957
5149 4694
5014 6385
5314 2759
5362 7786
5406 1435
5076 3766
5237 2838
5249 4508
5347 5083
5240 4760
5108 3134
5394 197
5110 958
5405 4239
5001 1895
5139 1078
5195 7504
5402 9699
5366 7715
5130 5859
5332 284
5443 7057
5149 5326
5187 1365
5222 2183
5044 8192
5279 3306
5434 1958
5017 2161
5128 2590
5088 8228
5376 4792
5448 2519
5056 8785
5280 8285
5153 9684
5176 7809
5273 6061
5091 5313
5385 9773
5142 1564
5214 175
5210 3367
5332 2024
5398 5300
5108 2892
5382 4986
5206 3312
5429 1934
5355 3330
5109 5918
5174 5753
5366 7600
5141 4594
5248 3299
5419 9774
5215 5769
5193 543
5146 9686
5346 4019
5431 188
5339 9406
5428 2421
5236 3717
5356 5950
5334 5045
5227 1700
5486 5834
5336 4064
5291 2673
5244 7357
5219 4007
5361 3155
5200 526
5493 603
5328 243
5107 6656
5018 62
5339 4068
5071 7201
5446 266
5044 574
5379 8035
5238 3128
5056 8245
5507 3061
5024 411
5386 8459
5236 7207
5149 5092
5022 8319
5391 9316
5350 9602
5117 6837
5061 6377
5317 4518
5258 1910
5229 4309
5066 1616
5488 1694
5303 7536
5017 1520
5310 9933
5075 4051
5158 2660
5441 6324
5338 6956
5414 8624
5263 5855
5500 4457
5462 7094
5266 5045
5350 9259
5400 1732
5104 5711
5395 3321
5507 3883
5099 2171
5363 5855
5389 5062
5402 1866
5124 1915
5412 4410
5425 1804
5087 2479
5433 2447
5243 3149
5080 4417
5268 2097
5036 3062
5288 3829
5066 7787
5177 4840
5084 7184
5388 8206
5327 6123
5498 6280
5225 8202
5320 3007
5011 7355
5197 6222
5268 4276
5119 7898
5477 7463
5546 5871
5373 6976
5212 9265
5092 2233
5529 95
5242 7530
5557 2929
5175 3143
5224 6092
5379 4682
5417 4299
5142 1814
5240 9919
5140 9533
5221 9431
5335 3495
5473 1991
5037 5992
5060 4573
5280 7749
5532 9419
5077 5894
5316 4281
5359 1705
5006 1726
5518 3126
5434 2441
5273 9581
5172 9877
5126 8311
5500 3747
5286 4020
5566 4375
5133 521
5066 5866
5333 8592
5172 5387
5153 1211
5122 8862
5123 249
5523 5631
5190 2695
5476 9770
5250 6053
5122 7160
5035 5555
5488 7608
5062 8653
5067 3285
5622 2408
5010 4433
5425 774
5352 6651
5458 2414
5160 1583
5424 3957
5066 586
5420 8855
5535 6563
5521 8341
5395 2892
5020 2819
5447 4928
5164 2277
5499 8924
5279 4127
5375 2476
5124 1197
5349 6663
5423 2651
5355 8156
5114 2756
5481 3596
5177 6526
5551 1615
5428 2644
5202 5841
5191 1625
5133 6491
5083 4518
5184 333
5547 3261
5200 1339
5042 1233
5559 7110
5370 7895
5026 937
5183 522
5590 4119
5163 9916
5345 1495
5484 9352
5582 7702
5318 6695
5081 695
5123 2167
5605 1739
5214 7985
5339 5643
5292 8038
5054 8026
5396 2203
5652 5626
5291 7729
5163 7438
5178 2204
5474 1413
5563 9108
5467 8446
5184 3322
5529 5236
5336 4324
5205 2729
5223 5659
5446 1785
5178 7904
5261 7339
5196 819
5376 7950
5663 4975
5250 7925
5128 2973
5401 3215
5112 3109
5433 7190
5342 8122
5619 7882
5228 1411
5701 1400
5699 1160
5422 4749
5085 1096
5287 8759
5505 8975
5668 5122
5605 313
5304 3818
5094 3862
5226 8456
5440 576
5419 1695
5288 4678
5433 5568
5074 8298
5318 6615
5657 994
5504 8922
5097 7349
5625 2499
5508 5530
5436 4300
5665 7133
5582 6298
5645 1342
5059 8410
5374 2529
5130 6012
5668 6165
5606 2724
5474 8628
5041 9405
5584 6826
5689 9977
5701 9243
5377 3841
5541 3279
5044 6712
5629 9844
5080 2312
5571 8846
5099 7383
5334 8953
5586 419
5403 1825
5668 9513
5254 2811
5061 4699
5542 6396
5346 333
5606 6842
5415 9318
5270 8564
5604 9034
5647 9068
5346 5618
5008 879
5583 7221
5001 7995
5460 1815
5328 2229
5408 7465
5078 7413
5487 1479
5706 8375
5652 9594
5241 203
5493 1766
5420 2872
5713 5480
5631 6730
5442 6295
5629 3204
5510 3888
5056 330
5128 4072
5086 7456
5589 447
5351 535
5606 2431
5514 801
5069 4966
5400 9360
5037 9932
5661 2960
5273 6955
5536 7972
5678 6509
5744 7100
5549 5186
5409 9544
5710 8274
5139 1355
5097 9048
5741 5182
5319 8990
5394 4205
5090 505
5119 8606
5469 5859
5115 1161
5197 138
5135 5987
5409 6283
5156 9199
5207 9990
5134 9475
5778 6344
5357 4239
5459 2798
5617 2865
5161 5587
5698 2882
5806 5656
5443 5232
5211 4328
5486 2384
5506 298
5369 3678
5477 9541
5345 6716
5769 1011
5181 3460
5464 6246
5250 6236
5412 1192
5255 9963
5531 8682
5692 4435
5352 8836
5539 1089
5571 4803
5745 1413
5077 4717
5805 9607
5021 413
5299 7830
5507 6091
5112 5997
5518 5707
5373 5612
5435 2922
5508 6843
5378 5900
5088 8367
5316 9433
5086 124
5535 9996
5158 8888
5481 3373
5209 4543
5059 8900
5674 9668
5050 5963
5570 4102
5735 1322
5730 6895
5109 9868
5783 7267
5247 2716
5217 8431
5652 1402
5181 5465
5760 1135
5726 421
5165 3180
5305 3517
5648 1135
5243 5531
5635 2822
5254 6554
5640 5463
5731 4121
5249 7298
5737 8661
5748 806
5794 4930
5141 2176
5513 4076
5720 2151
5330 9939
5341 19
5874 3296
5349 5054
5610 1313
5554 2226
5736 7129
5636 1235
5411 545
5498 4544
5001 2001
5271 619
5373 2735
5484 346
5136 5874
5643 8158
5166 4706
5184 4940
5236 2252
5061 3589
5501 6137
5234 4060
5500 3906
5530 2063
5378 9948
5403 5855
5486 2482
5127 3122
5224 2176
5678 6023
5380 4929
5127 6519
5729 3787
5439 1909
5630 4776
5347 8123
5086 1807
5808 7055
5058 514
5240 6261
5450 7393
5647 5080
5823 3901
5093 6867
5783 3697
5335 2087
5844 2690
5499 6594
5664 5692
5590 8282
5426 4395
5746 170
5726 8138
5765 1974
5695 2740
5528 5558
5162 975
5762 9651
5465 8257
5909 4838
5877 1276
5752 1640
5783 5187
5096 8182
5502 8020
5377 1893
5376 9612
5829 2154
5940 7605
5298 906
5512 9502
5713 270
5487 6915
5618 6788
5650 5904
5207 7060
5006 7914
5540 7044
5741 851
5078 8863
5148 1125
5317 9821
5400 2848
5931 528
5914 2993
5250 9007
5757 4010
5401 251
5172 560
5226 7770
5157 8243
5233 847
5766 3633
5975 5521
5588 3201
5549 4957
5597 5888
5490 8656
5246 3349
5800 4606
5158 2244
5080 4496
5776 3647
5261 4767
5138 9295
5536 7852
5394 5026
5019 3190
5391 5039
5982 3176
5119 8362
5396 4867
5043 1315
5463 1319
5074 7458
5543 5006
5666 2528
5113 2610
5428 2164
5334 4827
5462 7071
5552 3466
5782 3448
5405 8799
5413 2091
5555 1711
5949 8421
5046 5843
5075 4999
5269 2413
5393 1383
5193 6769
5978 8651
5777 4141
5536 4946
5680 4625
5864 4095
5528 4
5828 9611
5753 6614
5072 2287
5566 7354
5045 4722
5586 6364
5419 8176
5518 8467
5233 3111
5638 8079
5097 3202
5926 3629
5241 7959
5530 5312
5620 2305
5707 6562
5413 2016
5433 2286
5579 1469
5359 19
5670 764
5841 6779
5520 7830
5430 5083
5492 5337
5333 1315
5272 5523
5973 9023
5688 5995
6037 447
5091 3442
5069 3944
5542 6996
5461 312
5039 8708
5997 866
5413 4800
5413 7461
5021 7514
5058 7686
5214 2837
5243 4391
5520 6896
5022 1568
5430 9492
5795 1330
5930 6479
5211 5403
5924 108
5306 3114
5015 4648
5027 5391
5494 9407
5024 9672
5633 7549
5984 8323
5260 7841
5981 5272
5289 1794
6080 9176
5168 3540
5907 8961
5347 715
5034 3789
5227 9220
5283 6900
5049 8837
5740 5100
5342 5213
5369 1815
5204 8083
5597 1518
5049 7025
5780 5694
5575 3435
5345 1276
5478 3043
6015 3225
5725 4213
5373 7513
5576 5515
5552 9606
5180 3704
5835 6167
5001 5372
5773 5162
5297 5790
5955 2986
5284 4163
5536 4764
6053 4570
5958 6745
5720 144
5453 3787
5386 3216
5989 2308
6111 8946
5243 5992
5455 804
5903 7332
5844 8605
5573 6105
5771 5839
5713 4452
5623 9232
6011 4944
5549 8964
5153 3348
5780 4737
6002 6297
5330 6372
5326 5640
6129 9851
5995 7643
6088 1350
5734 9424
5009 4282
5886 1437
5813 8017
5001 5005
6061 1766
5203 3311
5002 888
6026 278
5026 955
5900 2353
5933 2523
6091 6614
5314 517
5039 1976
5447 6895
5802 9849
5060 7594
5025 1038
5710 3528
5275 570
5999 761
5547 5058
6007 5381
5752 8317
5077 2757
5747 4066
6043 6767
5638 8479
5138 7804
5487 2329
5699 5846
5506 7473
5557 4616
5426 2158
5310 4608
5482 4113
5337 366
5552 4759
5297 3972
5134 949
5978 4774
6053 5987
5460 1562
5817 5015
5773 7365
5449 7422
5681 6928
5092 8810
5822 9063
5373 537
5415 5658
5904 5675
5339 3279
5859 1133
5141 8597
5771 2205
5079 9198
5196 9525
5304 7775
6022 2750
5655 3053
5069 4149
5178 9222
5450 4659
6002 5804
5250 5092
5617 1546
5561 5001
5374 8736
5731 4274
6107 130
5666 5870
5486 2779
5753 1679
6048 9774
5461 6708
5615 7048
5297 6970
5511 1613
5122 1353
5654 8814
5634 4826
5981 7238
6092 1773
5399 6518
5735 944
5072 6375
5033 1885
5870 4130
5756 4638
5967 222
5788 3087
6227 8268
5853 2360
5545 7524
5961 7585
5520 7172
5062 9000
6187 8162
5039 6223
5450 2720
5017 9392
5512 8468
5085 7657
5412 445
5068 658
5112 5293
6218 1235
5260 7972
6127 561
5077 5446
6096 5850
5046 9265
5329 2654
5806 7280
5845 8319
5179 3717
5245 7248
5627 9721
6206 7687
5425 9086
5473 1401
5234 396
5588 8438
5711 4216
5172 7218
5698 8053
6175 1688
5857 9237
5029 7532
5760 1901
5809 1190
6137 7987
5282 5657
5094 1445
6128 8545
5085 6006
5523 4965
5416 7135
6266 2229
5250 2592
5779 4382
5330 7000
5209 723
5310 7129
5834 7440
5989 3552
6001 5403
6256 2894
5371 1976
5961 3188
5043 886
5645 8072
5376 6735
5507 859
5616 224
6105 5630
5401 5915
5687 9884
5357 4326
6283 2830
6205 6052
5190 2166
6256 7388
5632 1052
5852 4108
6244 3181
6127 9667
5874 8182
5318 7312
5118 8466
5051 5062
5636 3025
5777 7571
5741 4525
5803 4154
5386 4824
5180 5275
5146 8770
6154 5988
6100 9349
5175 5847
5499 2655
5018 8920
5896 5885
5208 1558
5921 498
6216 9461
5465 4973
5808 6526
5693 3577
5417 8378
5687 8738
5182 8127
5556 3450
5344 1786
5496 3040
5034 5130
6269 8816
5057 1646
5935 422
5182 3512
6159 5446
6159 1848
6139 1053
5038 341
5217 5529
5795 1177
5452 2807
5131 6035
6125 6469
5540 9669
5277 3695
6075 5380
5706 5931
6132 7724
5232 9267
6272 226
5471 6589
5136 5124
5532 5522
5366 1083
6311 1493
5283 166
5277 6624
5004 5963
5346 8490
5357 9521
6154 2417
5041 6093
5753 1821
5920 3473
6080 473
6076 4530
5375 8383
5950 1929
5543 3162
6030 1457
5669 2860
5423 9273
5117 7015
5612 8143
5371 4860
6308 4133
5935 2814
6282 9066
5797 1109
6135 7812
6163 9733
6023 5014
5418 2920
5968 4747
5333 4905
6108 7611
5539 4919
5094 4623
5803 6157
6048 7764
5814 7452
5791 4652
5637 4819
6310 8084
6055 4463
5602 9727
5131 1702
5350 3917
5387 9701
5622 82
5569 4349
6141 9897
5936 7715
5071 8280
5236 1695
6341 1040
5933 7983
5150 1365
6101 3349
6295 6315
5313 598
5100 3362
5206 8074
5971 65
5816 1110
5586 1276
5760 4049
6247 3163
6346 2096
6221 7176
5142 8163
6371 8163
5021 1031
5277 6544
5689 1609
5047 9155
6258 2909
6035 7307
5948 9598
5681 3911
5101 8837
6390 7988
6070 2042
5078 5109
5729 8564
5136 8307
5740 1682
5621 7670
6151 5976
5083 8429
5713 4423
5395 1071
5439 9650
5787 122
5901 6780
6091 1376
6275 6188
5043 4358
5054 6421
6210 5820
5115 1471
6118 2458
6253 7689
6379 8366
6201 1610
5836 3371
5330 6357
5798 356
5895 7449
5990 7402
6459 8921
6350 7983
5479 717
5521 7577
5036 2358
5635 8563
6228 2659
5686 650
5327 6150
6390 9296
5459 134
6286 4354
5531 695
5895 8290
5662 7195
5196 2211
5392 4737
5128 8063
6399 6788
5801 7633
5655 9843
6046 9464
5432 6028
6139 1052
5192 3353
5362 6618
5895 5876
5906 3478
5805 6043
5877 4663
5229 402
5923 7524
6387 3031
5920 7421
5084 4161
6450 6247
5885 4502
6163 2198
6348 6400
5018 7295
5203 3580
5451 6681
5216 1051
6105 225
5315 3655
5317 5063
5790 4956
5546 7269
6499 5155
5676 6055
5839 7947
6178 9934
5114 2791
5294 1405
6067 7741
6224 9929
5194 6536
5669 4810
6101 5754
5353 9859
6227 7355
5102 6962
6519 1234
5292 2834
5791 1952
6480 1658
5635 9433
5212 8092
5884 814
6518 2822
5886 3238
5494 4677
5909 6060
6181 6330
6423 2684
6494 9553
5415 8490
5361 6456
5488 3741
6354 3002
5196 4727
6126 3119
6252 1442
5246 3882
5276 6765
5061 3471
5645 1523
5075 2382
5054 3025
5876 2654
5118 9299
6011 6607
5758 9369
5521 3184
5967 2271
5712 6190
5661 6914
5609 6395
5283 1534
5491 1153
5554 3937
6100 8756
5530 2316
5460 7425
6172 6420
6257 3242
5793 3348
6098 5091
5507 4417
5099 4193
6509 5586
5185 9597
6201 6616
6427 1771
5896 6382
5209 7049
5675 3951
6188 6087
5733 6762
5595 6616
5161 1591
5351 9029
5782 9082
5191 1646
6167 4726
6053 6066
6513 9257
6581 6149
6538 6999
5949 5443
5281 1999
6138 232
5599 2131
6091 9779
5560 1363
6374 4234
6598 4588
6357 5902
5849 8352
6094 9025
5867 4061
5864 9223
5036 6859
5545 6844
5192 9976
5708 2621
5276 1078
5570 9195
5417 1499
5379 405
6558 554
5841 2472
6370 4837
5925 1784
5409 2816
5374 5553
5292 8707
6064 1984
5486 3536
5904 7876
5436 8571
5037 3060
5569 5775
5271 2572
5018 4201
5243 8447
5603 3403
6293 521
6329 162
5377 7801
5041 833
5490 8383
5497 592
6549 7092
5433 2082
5638 5845
5883 1331
6247 4838
6413 3768
5086 2632
5297 1884
5841 7070
5742 6808
5140 2845
6343 8542
6616 1971
6500 1591
5401 4544
5659 4002
5934 4309
5623 1291
5176 2428
5666 8294
5005 4701
5767 403
6633 5956
6127 1540
6005 7478
6339 6876
6363 5416
5547 4894
6634 9578
5632 781
5601 2460
6175 5612
5715 3640
6026 5343
5795 9433
5135 7659
5807 7779
6022 9299
6317 3555
5986 9739
5597 7630
5925 9236
5358 6333
6373 4029
6315 3900
6439 5206
6185 3535
5312 5955
6364 5173
5378 2735
6229 1247
5148 7014
6300 954
5094 5174
6209 2862
6276 2295
5208 7631
6031 2654
5587 6115
5668 1261
6123 5697
5495 7851
6689 3152
5907 8144
5444 5367
6133 9044
6687 492
6647 3946
5336 863
5120 426
5308 6120
6581 4517
6478 7044
5490 7689
6685 7915
6712 7892
6042 521
5551 4424
6259 6537
5342 5848
5105 4727
5587 7757
6718 5919
5146 5170
5587 7990
6222 165
6146 4836
5490 1495
6378 2534
6469 5649
5731 1607
5060 2454
5758 8233
6530 121
6563 2428
6589 5150
5396 2797
5218 5919
5841 2160
6129 3043
5252 9125
6051 7190
6083 8045
5848 275
6363 5448
6507 1391
5702 6655
5643 9148
5799 1067
6370 1515
5715 3254
5032 5488
6014 5194
6115 4546
6019 9922
5642 680
5414 6024
5745 3521
5098 7880
5004 371
6739 5003
6394 3555
6213 565
5213 7511
6075 6155
6182 4934
6025 3115
5626 2021
6156 4955
5179 428
5998 4541
5511 832
5895 5163
6392 7345
6080 5745
6128 8448
6663 8998
6158 7576
5583 193
5323 8967
5537 2212
5971 5281
6160 6998
5054 1484
5431 5153
6690 9349
5166 7119
5110 8188
6759 503
6548 5391
5620 6792
5401 9696
6226 2150
6273 4077
6359 3647
6410 1125
6122 3503
6745 4119
6532 8291
5790 9831
5699 9639
6576 159
6420 249
6381 9825
6762 8709
6209 2650
5956 1423
6376 9366
6237 1039
6738 5444
6421 6763
5240 6688
6297 1442
6644 1792
5433 1970
5624 5996
5222 4998
6551 7786
6041 2654
6507 509
5295 7639
6774 1209
5028 74
6457 4799
5180 3796
5094 8579
5070 405
6392 9422
5614 4010
6115 8916
5068 738
5235 2386
6170 1133
5697 9467
6042 8703
6415 8672
6459 759
6396 9956
5428 3897
6642 127
6394 6012
5418 2174
6387 4393
5729 5511
6078 2256
5107 7281
5615 7055
6122 5167
5547 3607
5382 5617
5870 8315
6115 7744
5921 6552
6654 3674
6529 3341
5250 737
5836 3384
5386 950
5441 4847
6713 5686
6181 175
6187 8519
6159 6129
6236 6215
6345 9215
5833 8925
5164 2442
6137 4590
5515 769
6394 8373
6563 61
5097 2020
6757 5433
6405 9019
6471 9081
5339 8885
6706 728
6439 2291
5531 9305
5396 1222
5135 8922
5021 4101
5894 16
6821 7361
5107 5626
6165 2611
5708 6508
5376 7192
6160 5785
6435 7587
6524 4146
6118 5323
6883 3262
5770 8657
5869 1266
5680 1940
6829 3814
6138 1742
5272 8199
5217 4181
6005 2112
5620 1592
6297 5921
5868 9438
6824 8635
5127 7069
5212 3371
6415 3547
5175 1954
5576 5654
6689 3593
5431 5519
6361 6121
6251 4205
5590 1933
5718 4502
5623 9098
5660 7336
5424 9146
6838 8709
5302 9559
6855 2016
5775 8343
5273 6305
5423 1413
6600 4915
6095 4689
6062 9353
5385 2815
6751 8980
6477 2244
5134 596
6326 1600
6246 2858
5013 1526
6914 6439
6860 1802
5075 8676
6783 7119
6087 4001
6310 2531
6367 2687
6730 654
5743 7865
5043 9733
6579 7373
5910 7760
6871 379
5986 4450
5872 6241
6923 8101
5312 1753
5482 9684
6528 4531
5973 5544
5275 9285
5537 6130
5576 5477
6622 9220
6820 3573
6900 1021
5463 4830
5374 7314
6903 1572
6939 4475
5879 6269
5121 6037
6791 9111
5057 3652
5476 7080
5132 2696
5834 1704
6391 3006
5829 6054
5838 4340
6332 5731
5010 9732
5639 5474
5917 7403
5984 3315
5390 3547
6799 2825
5585 7555
5612 6084
5340 1162
6538 218
6899 304
5612 2250
6518 8508
6838 5153
6370 1866
6736 3909
5607 3177
5631 5305
6701 3476
6355 8309
6184 7160
5611 8246
6490 4292
6913 1671
6715 3199
6801 2830
5732 8427
6228 4424
5380 9011
6396 9464
5040 7038
6055 8539
5330 8898
6918 4822
5665 6625
5355 4203
6873 4555
5329 9231
6282 4550
6531 8968
5651 9513
5821 7905
5263 2686
5451 2829
5805 3997
6547 7382
6512 7134
5811 1754
5974 1762
5773 7389
5020 8221
5675 1214
6472 941
6702 3792
5550 1359
6027 7407
6530 372
6049 1417
6235 1440
5713 1184
5945 1506
6461 9701
5399 3820
5854 8096
6819 544
5482 529
5524 2663
7009 3367
6542 6902
5304 6391
5039 969
6596 3619
5656 6662
5289 1263
7006 1760
6560 9345
5058 1513
6293 3126
5988 801
6120 2752
6242 6236
5952 1871
5499 9219
5145 8160
6324 8043
5487 9493
5794 1855
6229 3895
5661 6148
6520 9748
6949 2909
5982 1656
5386 5782
6242 3505
5446 1445
5374 4671
5065 2950
6612 4307
6286 2404
5058 7090
5987 8765
5590 1960
5880 3359
6980 2983
6476 7435
5167 2951
6812 8471
5888 2225
5731 2852
6266 757
5004 4929
5696 9717
6909 7970
6727 4895
6483 7726
5510 3153
6975 452
6108 9784
6472 1204
5401 8455
5900 5541
6572 4968
6558 9453
5420 5407
6386 473
6749 3043
6645 6811
7012 1943
6381 9730
5598 8235
5512 8705
6856 1871
5271 1232
5547 2443
5399 8775
5965 2946
6832 2330
5332 8454
6023 3528
5743 5666
5808 5534
5297 5870
5192 5621
5114 8583
6223 3892
5687 1830
5759 5943
6702 9873
6593 229
5347 8413
7052 4105
6934 8550
5746 5504
7106 9722
6334 268
6455 124
5613 8114
5715 1079
6839 4249
5475 868
6638 1397
5138 9601
6874 1702
5101 7929
5393 7803
5911 7871
5658 7192
6499 9860
5397 5544
5401 8616
5180 501
5492 2220
5020 9734
6100 1326
6001 1596
5596 4100
6275 4024
5946 1902
5696 8345
5564 119
5668 2619
6953 6091
6197 4436
6401 5804
5409 4073
6323 874
6345 5382
6593 3838
6939 6601
6461 9580
5702 2725
5404 7717
5204 5609
5002 2859
5543 3281
5448 6754
6167 7851
5822 3655
6969 8421
5888 3644
6953 6514
6379 338
5541 8054
5793 8340
5250 5016
6108 8486
5212 6865
6797 4744
6503 1481
6490 7976
6664 5553
5505 1360
6961 9760
7130 8175
5079 6563
5352 9408
5197 9686
6938 4980
5218 1932
6523 9707
5950 2270
5155 4501
5226 2477
5031 4565
5908 2412
5633 4634
5015 5998
7172 6806
7085 9991
6994 4328
6197 7160
6099 4042
6727 9482
6666 7158
6592 7010
5414 4468
5400 1038
6220 6170
5534 7447
6158 721
6788 5384
6974 1155
5103 893
6609 868
6991 874
6168 1576
6027 3933
6781 8280
6877 1060
5129 3743
7048 8414
5705 7314
5945 7492
5651 7096
6989 1898
5036 9938
6987 7122
5045 4410
7179 8542
5651 1078
7049 7638
5345 172
5939 5751
6658 9547
5742 5687
6686 9186
5212 644
5891 4060
5785 2801
7191 5588
5600 7308
5395 1002
5620 5389
5604 2570
6148 2686
6954 6960
6077 4880
5412 6394
6446 5045
6684 4363
5046 1716
5573 3823
7141 1120
6777 1608
6140 9962
5200 8016
5894 2686
6777 39
6881 133
5289 1187
6048 529
6880 6429
5425 8109
6733 9663
5193 4496
7053 7518
6518 950
6860 6670
5016 5799
6209 1513
5384 2581
6765 5070
5699 4152
7158 7872
6902 2868
7139 7411
7262 1461
5696 5659
6647 3172
5129 5244
6472 8199
5637 8047
5512 5056
6837 5986
6205 820
6661 5724
5531 9275
5893 6299
6998 9222
6282 9891
6734 4390
5252 2378
7118 7083
6844 8139
5591 9420
5041 499
6758 7597
5862 5810
5986 2172
6695 593
5385 5784
6220 634
6865 8191
5072 7450
6015 7659
6389 4800
6892 7200
6958 2912
6914 7159
6125 8833
5879 7575
5555 7656
6825 2041
7183 5402
6469 6102
6772 6085
6618 9314
6185 5587
5537 1522
6748 1530
7255 2216
6211 5759
5525 8872
6610 8190
6915 591
5343 2427
6391 627
7190 253
6950 2560
6906 5380
5602 223
5105 4426
5562 3734
6509 2714
5681 9822
6378 6491
5669 8112
5777 5285
7177 1641
6748 607
7092 8905
5746 8472
6297 6631
6479 510
7146 168
6345 7395
5018 8121
5581 5677
5812 514
6640 4554
5262 7590
6362 1027
6555 691
7350 7256
5415 7080
5883 5626
7235 8069
6378 3902
6656 8081
6290 2373
7086 1940
6505 6097
6468 1824
6659 326
6830 1027
7226 7722
6809 530
5200 7224
5249 7052
6102 5675
6920 7917
5947 6329
6019 6194
6318 6813
6337 8994
5726 4704
5273 80
5145 9822
6798 1586
5177 1948
6894 3534
5999 2485
6805 5918
5841 8688
5709 4113
5275 618
5398 7911
6295 72
6681 6245
6277 9995
6484 8975
6079 5623
5201 128
7181 4136
5884 9507
7055 5918
6164 8368
7295 8482
6188 8024
6044 125
7196 4254
6432 9724
5745 6720
5501 8531
6774 6779
6190 6837
5414 6016
5262 7269
6223 1201
7242 5905
7414 4369
5754 1234
5072 5424
6878 5475
5458 6206
6490 5470
7082 5333
6442 8703
5529 1562
5186 5880
6421 1847
5205 7350
6115 4328
5163 3621
6348 131
6325 1541
6224 753
5153 6693
5059 6035
6860 8675
5797 106
7199 8441
6793 9836
5748 1541
6828 9724
6089 846
7314 8207
5873 6764
5689 1497
7381 6293
5934 1465
5695 2976
5643 6027
7067 3895
6205 8182
6213 8054
5259 3061
5926 6381
5386 8475
5923 2755
5454 4223
5421 5706
6190 9097
5891 5828
7446 5713
5150 9984
5594 1303
6887 8118
6843 9754
5643 5595
6135 7361
6544 3686
6474 4272
7181 3326
6551 7817
5361 784
5351 4896
5498 5128
6060 7611
7080 3751
7062 4324
5551 9758
6612 3278
7361 866
5776 8042
5048 274
6898 6863
5457 7629
6265 7987
6129 178
6910 6475
5113 7248
5298 4168
6409 9993
5090 232
7255 4456
6752 7887
5537 8337
5443 398
6687 5158
5263 4629
6996 2107
5258 6418
6099 9610
5254 1791
7336 3395
6179 6273
5130 791
6726 7760
5857 3463
7220 3613
7125 8530
5165 2771
6078 6467
6191 8720
6721 9513
6512 1680
5763 5603
5821 8699
7358 249
5206 9366
5511 4070
5123 9429
6641 721
5657 316
5727 9996
6873 9186
6038 920
5121 3269
5610 3620
5068 294
5202 6003
7100 1100
7390 7822
5444 8320
6474 4855
6239 9612
6293 2146
5401 153
5757 9605
6065 8760
7144 4593
5196 9797
7356 3744
5136 6344
5379 1224
7335 6329
5094 843
6898 8273
7217 4409
7495 4782
7386 1256
5372 6390
7071 2325
6662 2116
6502 1344
6455 5881
6176 3059
6225 1433
5883 9317
7214 1473
7137 4886
6044 4422
5737 1752
6352 624
5557 9174
7263 9014
6180 1533
6701 535
5109 120
7163 2176
5472 4564
5912 313
5665 6870
7026 1716
7475 4894
7480 8384
6080 5046
7164 5788
6669 2428
7119 5371
5214 8635
7133 7851
6872 589
7323 1901
6382 7309
7030 1162
5232 1879
7361 6275
6017 5293
6320 2111
6183 7653
5762 1634
6896 9708
7589 1117
5286 4546
6576 5049
5846 8657
7374 2609
6237 2020
5771 7456
6980 3497
6650 1502
5289 6094
6281 8040
5438 5761
5362 7711
6366 30
5364 3434
6508 7146
6818 6518
7227 2430
7500 5183
6308 8271
7345 201
5862 7363
5611 7361
6667 4820
6351 8070
7192 4671
6162 4019
5554 8595
6934 4376
7143 6008
6587 2595
5691 3867
6285 533
5504 5915
5422 8483
5028 6970
5171 5808
7066 3291
5388 8724
6930 8425
7246 8055
5642 3820
5026 2737
5485 4649
7612 4682
7599 204
5883 8238
6564 404
7496 8255
5883 2550
5514 4549
5145 1412
6040 3871
7016 1629
6145 5860
5986 8321
7400 6944
7093 4034
5139 3352
7172 811
6746 2811
7439 6998
5270 1277
5380 6590
6176 211
5703 7776
7571 6576
5162 5080
5166 1524
7654 8871
6863 3933
6480 8466
7405 7974
5597 9944
5373 4727
5613 4915
5915 9916
6526 4793
5623 261
5205 2489
6454 8791
7455 6568
7027 6265
5229 6184
7542 9446
7208 5205
6646 1817
6240 4205
5670 423
6157 1130
5194 4582
7504 2214
6131 4080
7227 1324
5628 8088
5505 8659
7122 869
5695 1116
5198 4969
6681 8140
5765 863
6215 4793
6144 7203
5972 3503
7384 7010
5317 4763
5525 4321
6225 7692
5134 4831
5447 7362
6482 7877
6143 6223
6428 9673
5983 8501
6261 3695
6663 7809
5904 1306
5062 3151
7598 5135
5199 5290
6680 7144
7099 5183
6871 1816
6986 49
7152 4817
7063 6289
5802 7783
5646 9868
5642 1345
6981 4408
5644 3323
6261 6052
6986 6500
5556 2086
7680 5501
5362 3843
7658 859
6288 6445
5530 5708
6382 1663
7299 9709
6616 4408
5078 3777
6353 7588
5819 6665
5980 8929
5927 511
7470 4068
6717 2936
7156 8580
6735 8483
6782 4632
6300 8808
6636 6954
7022 2349
5017 9604
6916 2712
5514 7347
5402 1949
5830 9645
5832 6153
6379 8577
6712 3866
7314 715
5179 7835
7618 5725
6251 8110
6336 4210
6327 5033
5277 6424
6405 6107
5994 6323
5674 3537
7486 6181
7164 2682
6712 8726
7293 612
7451 8895
6949 4664
7335 5392
6057 5422
5674 4406
5971 751
6286 8782
7174 6531
7736 3843
5058 2989
6892 6259
5087 8083
7219 7048
7435 7050
5483 3666
6932 2551
6843 7009
6393 3951
5793 6372
6128 8794
7626 5395
5738 1160
5199 5828
5316 1953
7362 9811
5341 1831
6026 3307
7613 2747
6484 2187
6628 8672
5439 7993
7085 5396
5961 8992
7650 8303
5444 3519
6666 9357
7283 816
5730 8300
7519 7031
6243 9044
7129 7955
5076 5362
5415 5344
5392 9056
5599 5790
5175 301
5421 4725
5759 8961
5685 5425
5740 8474
7449 4449
5441 1515
5648 1637
5452 2378
6507 612
6472 9983
5842 3831
7441 3487
5695 884
7511 3514
5428 3812
6634 8751
6842 6051
6332 6584
5834 487
6076 9340
5465 6858
6881 9367
7835 3250
6609 1520
5049 6816
5462 4394
5670 5554
5006 79
7306 5876
5461 5074
6752 8987
6569 4048
7338 8137
5739 7044
7281 3084
6265 1775
5429 5118
6356 552
5353 5450
7020 7394
6287 1875
5379 4811
7697 8523
7530 3462
7388 9367
7654 9919
7537 8832
5904 5010
6683 8415
5431 7869
6441 4053
7505 5328
5798 4706
7771 3505
7208 3094
5903 9135
5992 7963
5705 5732
6573 8423
6906 8025
6334 7865
6562 1721
7420 9403
6942 7022
7293 8850
5014 8201
5692 7275
6391 8649
5136 6421
6056 8816
6890 2063
7852 1690
6970 7204
6995 1156
7175 6919
5375 6168
7221 2666
6528 8046
7865 122
6436 2257
6024 8043
7138 6744
6182 396
5822 5329
5237 5654
7270 3071
5064 4093
6891 2490
5319 2525
7873 4709
6947 969
7156 6895
6082 48
5693 2538
6541 2099
6197 4077
7647 5128
5906 6242
5499 6103
5982 9240
5500 7786
5891 4480
5624 744
7810 474
7063 2894
7435 6661
5629 963
5933 7139
5548 6559
7575 8988
7227 6833
6580 2402
6860 1642
6442 6630
5594 109
6842 5977
7333 8800
5804 4041
6012 3296
7264 2946
6136 3711
6646 8604
7668 7105
6048 9474
6829 7883
5395 5403
5772 8848
6333 6562
7010 4375
6311 250
7816 1786
5328 5939
6519 5676
6558 4792
5004 5010
5820 7866
6771 7101
5777 1107
6578 4149
6239 142
6251 546
5313 9215
6746 1566
6550 5305
6988 3794
7143 8818
6883 2441
5348 7434
7678 6613
7205 4025
6441 3631
6862 3924
6986 7839
6424 948
5938 8292
5878 6252
5008 4066
6442 9012
5108 8647
5425 2928
6005 9199
6396 470
7831 3789
7946 8693
6454 4007
6614 8475
7426 1313
5984 4141
5212 2847
5669 5370
5251 1236
7676 8771
6931 6701
6123 5057
5420 610
5737 7239
7885 7724
6790 332
5639 450
6611 7994
5725 4569
5745 3098
5043 1890
7581 602
7960 348
6993 9966
7878 9242
6572 2522
6711 3981
5479 2717
5959 3891
6284 3719
5943 1443
5291 1366
7312 1320
6745 9551
5802 6115
7222 61
7625 7057
7948 8533
5669 198
7959 6371
6494 9224
7190 7908
6555 6962
6807 2058
7092 885
7241 8572
5068 8582
7531 3937
6514 2086
6472 1414
5313 9895
6692 7031
5002 3562
7649 3404
6782 5915
7406 1943
7328 5482
6467 8080
7578 7662
5369 7827
7355 7769
6127 3142
5096 7692
5828 4419
7315 996
6077 4874
5641 1603
7050 691
7373 2375
6611 2001
6812 3896
5149 8639
7158 4277
7021 5991
7534 2164
6496 5417
6493 8918
7539 5588
5312 1009
5473 3687
5623 2936
5879 4784
7434 2809
7456 3969
5164 4638
6523 9091
7497 53
7976 4758
7079 4808
6980 2265
6315 7012
7012 5378
5371 7284
5595 6887
7300 7363
6747 2239
5173 4600
5861 6706
6263 9574
7026 9413
5456 6382
7599 1103
5262 5889
5390 377
5588 4211
7788 8057
7481 5181
5693 1305
5226 4413
5001 2267
7265 2145
7369 333
5183 1910
5149 8991
6415 4469
6647 3062
7416 2909
6301 3953
7110 3428
6877 6793
7055 3084
6920 4450
6202 2327
7712 504
6848 7208
6380 7462
6243 5399
8017 7510
6789 5326
5124 1882
7278 3462
7346 5979
6947 5305
8035 4426
5833 3628
7671 3973
5818 6743
5926 5229
7740 5269
6408 7739
6392 4809
6084 25
6451 8335
7638 3661
7116 3986
5590 5395
7261 7577
5738 3417
7432 5919
5863 8216
7603 6041
7552 7307
7630 2859
8007 4386
6233 9006
7909 3703
6602 1264
7818 2105
5690 8652
7088 1856
5381 9435
5509 5771
8060 603
6139 9185
6263 8483
5739 2155
6453 7933
7527 8835
8078 8535
7858 9402
6025 4912
5041 7888
5578 1506
7341 1923
7141 8313
7192 7001
6340 4681
6489 5902
7233 3076
7394 2685
7777 6451
7330 8041
8139 8840
7056 63
5903 1498
6927 7076
5951 3898
6082 176
5687 7726
7523 2918
6949 791
5351 3675
5073 5385
8126 8275
6029 6343
6942 9042
8111 8687
7268 9977
5369 8824
5774 4474
5896 776
7317 9885
5639 2589
6001 6106
6467 3206
7982 3951
6110 1373
7874 7342
5973 5899
7233 8441
6345 9789
7815 9305
7687 832
5363 1505
6081 8278
7565 5235
6418 5679
7826 8600
5305 24
7232 7303
6929 4798
7413 4030
6745 3907
5069 1809
5370 1677
7155 3718
7993 3255
7923 4943
8012 3017
7587 6951
5788 5701
7429 8333
5107 3487
5533 8988
5474 2919
8061 3248
5802 8940
5208 1758
6794 8609
7608 5347
8148 4312
6178 2195
5975 4920
7041 2067
5299 932
6402 5787
7598 4927
6674 8685
6976 8798
5338 7204
5708 2352
6841 2626
8192 6466
5897 1092
8057 1501
7011 9621
7207 8319
5517 1982
5420 6901
5559 5397
5771 4081
6271 2456
8092 8403
6084 8856
6773 9841
7913 2222
7636 292
5122 4231
6128 7041
7167 1679
6352 4763
7075 3288
6029 8126
5433 6466
7703 9572
5486 1956
7265 7845
6913 9360
6158 9746
5686 2686
5241 861
7166 1846
7099 7560
6073 2264
7398 9860
5400 4133
6796 7639
8190 4454
6264 4230
6754 891
6595 4231
5394 1512
6442 9875
6713 1579
6930 4801
5563 3695
5999 3491
6076 6612
7319 8263
6633 6312
5267 1005
5040 6448
7073 1735
7736 5206
6913 2604
5526 2944
5788 6237
7918 9127
7094 17
7207 8982
7485 3841
8141 2721
6777 1167
7590 621
6642 463
6386 8370
6118 4694
7895 3678
5178 6838
8056 7049
6883 7095
5449 4370
7366 3359
5236 6267
7493 7328
5442 4191
5698 3939
6673 7475
7835 5736
5995 4529
7027 4463
7273 7388
5062 1885
8174 7820
6395 3748
5055 9075
5385 47
5196 4316
8094 8091
7528 1720
6165 6510
7102 5427
6772 7906
6316 8073
6263 2298
5445 2915
6506 4899
5390 396
6719 1218
7108 8584
7696 7570
5466 1439
6739 5194
6437 158
8079 4328
7208 2436
8315 9826
6054 9774
7253 9681
7214 4956
7864 4710
8278 3024
7335 4373
7574 1839
7611 998
6614 411
7785 5333
7375 4442
7286 8391
5814 4653
6633 4895
5126 1270
7569 8986
6957 6664
5809 2702
6558 9781
6485 1248
6669 3349
8267 7705
5457 5810
7984 7384
5542 5099
6555 9498
5343 6115
5259 7123
7221 5936
5962 8924
5218 7704
5168 9098
7903 4066
6420 216
5078 3469
5334 7615
8250 418
5404 3470
6222 9584
5200 6373
6403 6020
6382 7680
6039 4276
7534 6816
6319 2351
8215 6425
6951 5745
7994 2281
6261 3509
5544 6772
5009 5676
7909 9046
5461 4070
8229 3847
5210 8690
6128 8835
7107 588
6810 2846
5254 7096
6918 7753
8064 2367
6112 7119
5874 6306
5274 4465
5179 4305
8356 2727
5974 3043
6850 8584
8273 1181
6344 397
7651 4092
7320 4689
7457 6508
7080 4385
7080 1090
7614 9705
6821 6739
6939 8339
5443 6986
7556 4458
5192 104
7352 9909
8050 9600
6577 800
7044 2399
7891 1324
7329 5613
5611 2531
5073 9407
5558 8017
8350 6429
6996 4577
7656 5559
5524 9971
5105 5468
5267 8217
5810 3600
8204 1536
6334 9845
7192 2115
6945 9932
5749 8767
5629 7750
5291 5781
6215 5315
5909 8485
8221 1341
8041 2062
7371 7376
5351 1155
5735 5476
6724 6192
7991 1277
5908 3302
8354 4523
7048 3167
8435 8734
5899 945
6467 7124
6800 5618
5097 1540
8121 1291
5924 4842
5501 8319
5086 4489
7947 2353
7041 5298
5817 2553
5856 1089
8125 796
8395 8785
5964 9125
5004 9233
8109 7435
6141 2064
6357 7958
5725 5835
7070 9247
5696 9020
8155 1117
5941 4179
5085 9275
5420 2598
5710 8375
6321 4812
5283 3807
6543 3140
8407 6744
6684 7144
8308 1775
7671 8811
5441 7774
7964 3499
5182 7402
7636 5726
6238 4682
7883 2511
7507 5907
5181 2178
5571 5234
6483 7717
6866 7187
6576 3490
7558 4751
6924 8356
5639 632
6782 6639
5299 2145
8235 3872
7112 2227
6317 5483
7333 3842
6047 2128
8109 585
5501 6133
8438 2645
6858 3517
5849 686
6896 8232
7654 909
6147 9767
6821 1640
8291 4855
7632 9585
5052 207
6065 6587
7905 6615
7884 1894
5217 5765
8442 9356
5187 4156
8030 3837
6094 2409
7133 198
7083 7852
6409 6836
5726 6625
5468 6822
6886 7128
7135 2825
7191 1470
8294 8491
8227 3379
5696 3210
5032 6926
6340 6406
5999 1068
6058 742
6291 3780
6091 243
5581 4624
6847 768
5405 7707
6597 8922
5238 656
8015 3162
5543 1834
5763 1523
7857 3288
5268 134
6736 6432
6850 6571
7024 6770
8515 6825
6000 2809
5501 7191
6508 2508
7810 7751
6562 8907
8281 4048
6045 2436
6019 9483
6006 414
7768 2869
5445 9958
5242 9153
6873 7819
7790 5031
8195 7795
5196 1196
6611 5075
7831 8721
8566 2318
5772 8212
5690 4698
7798 1648
7378 2127
5794 6866
6952 7141
5304 9016
8359 3633
7798 3856
7012 3895
5505 6843
8149 9559
7348 7437
5914 4798
6921 8122
6907 3560
7288 5641
5786 7402
5446 2399
7858 4077
6391 2041
6618 3367
5420 3217
7462 7855
8120 8116
8313 9741
5577 1197
7457 3304
5408 1956
6848 4972
7665 7953
6336 3566
6953 4827
8413 5663
7673 6174
5133 7310
8213 231
5366 4581
7287 3621
7631 168
6829 2119
8423 6346
7772 6787
6970 8864
7554 8730
7243 9295
8030 1739
7863 4866
7959 2749
8153 5550
7355 9575
6270 7150
6679 2800
7882 1212
7894 3796
5967 163
7480 8925
8246 4363
6835 8628
8310 2984
5972 2720
7833 6924
6704 1150
5024 3350
6675 3270
5762 4300
5010 9864
8336 489
5686 7297
7353 8014
6676 4425
7972 1874
7976 3502
8574 3757
5104 101
5251 3652
7406 5894
5186 5969
7274 662
5462 2021
6452 8133
5033 2922
8493 5734
6121 7477
5257 8625
8398 2546
8337 3399
8300 2594
8573 760
6024 1431
7793 2342
6066 5923
5339 5852
8548 2830
5434 1016
7722 4261
7155 1206
8215 54
8528 8153
5555 6464
5112 4574
5926 2993
7778 4983
8518 6937
5710 2346
6354 5132
6808 8384
8532 6316
6618 9472
6889 6135
6932 3676
5733 5972
6344 6464
7998 5847
5324 6184
6703 2720
7776 5769
8195 230
7673 8757
8425 8596
5568 8930
8165 5477
8051 3382
7973 4987
8520 5051
6130 4556
8148 8130
5955 9972
6791 7118
6142 5356
5463 4875
5179 5968
5349 1718
5825 2235
5744 4819
5863 8004
8572 5837
8268 9765
5906 6398
7162 4241
5396 191
8212 8112
7148 1827
7962 8733
6828 9297
5597 1830
6862 1732
6568 3920
6681 5657
6549 2040
8207 1167
5830 2940
6946 3540
6680 2688
8723 1732
6956 770
8050 1334
5734 9486
5238 4610
6060 6151
8650 8558
7936 4718
6806 7315
5095 9918
5741 198
6861 5308
6393 4376
8504 5329
5829 6810
6720 1087
5584 7684
7916 7745
8193 4432
7334 8956
8718 4612
5361 7498
7153 2921
6652 5068
5795 2685
8078 3944
6921 2268
7354 8418
6217 3208
6098 6933
6619 3002
5055 4233
6339 4668
7661 4494
5476 8481
5559 9576
5858 5731
5240 8666
8223 2038
6686 1430
6785 2962
5902 8858
5725 998
7943 1243
6777 6275
7517 5497
7670 8820
6330 8102
7544 1348
6851 1928
6751 9435
8469 5013
6200 6523
5173 3002
7525 5927
7888 8563
7022 9842
5996 1548
5998 133
6934 6126
5449 6199
8370 3479
8409 7581
7462 5143
5551 3588
8440 8934
6778 6532
6590 9932
5355 1412
6050 6179
8345 536
6823 4514
7016 8499
7088 6380
6393 6370
7475 3475
6247 311
7836 1249
7920 2381
5780 9466
8126 4843
7840 5479
5609 6173
5882 8182
5889 6839
8520 8713
5436 4957
5127 2029
6546 7515
6415 8370
8114 4763
8147 6227
6841 3385
6793 3376
5905 4809
8014 6133
7706 4577
6194 4209
5419 4435
6419 2732
5240 4279
8505 4963
6472 8050
7062 8581
8280 9759
8254 8154
6524 8577
7432 2280
7756 6807
6701 4787
5514 5975
8550 5235
5383 9923
8413 4782
5496 9820
6755 5350
7228 5374
7974 2909
8732 794
7424 4464
8396 4768
7251 3650
5681 2547
7039 4486
6007 2442
6782 2843
8495 1016
6681 1797
5368 577
7122 235
8740 7974
5309 6966
7830 4081
5949 1268
7988 2358
8329 344
7420 2490
6284 9932
5989 5360
8194 590
5229 3996
7728 4327
7476 4245
8850 1182
8557 7791
8206 6242
5726 2357
6084 6377
5914 9895
8125 8324
5534 8814
5502 728
7947 4353
6529 5190
6531 1075
5354 8857
6415 8416
7513 9065
5604 8354
6905 3632
7358 4767
6604 894
8385 6527
6990 7381
5960 5420
6182 8392
6698 1876
5593 5483
8181 643
8416 9021
7655 9268
6208 8119
7834 4051
6761 2861
7444 2760
6929 6381
6810 8353
8891 5430
7542 2636
7257 2579
5547 6172
7847 1703
6301 6089
7635 7480
6949 141
8510 8520
8249 7775
8328 2013
8124 7134
6393 234
6827 4850
5687 9555
5777 3969
7551 2681
7698 9510
8699 963
6460 6549
7498 5295
6288 7081
7157 178
5502 9333
8703 3240
6917 3690
8297 2610
8844 9645
8706 9710
8807 7873
6576 8713
7895 6324
5949 8545
8677 912
5490 2821
8626 8143
8569 4023
7280 7002
7480 6598
6149 8877
7380 2790
5976 1582
8200 6543
6816 3873
8716 4162
8467 737
5865 1777
6908 6265
7194 1804
5592 3213
7756 3512
6688 1742
8298 3070
6337 151
7058 6809
7599 8360
6643 381
6875 2454
5840 331
7927 3101
8260 3039
8031 2001
8524 7472
6391 4385
6071 4796
8107 9877
5243 5660
8887 1824
8868 7506
5950 3584
5676 8194
5789 3397
6069 5342
6431 1744
6422 5243
8448 8262
6238 6291
8211 4840
8178 4003
7538 1653
7553 2743
5434 9019
7037 3017
7170 3227
7060 855
8320 9979
5268 3407
6056 7903
6671 26
8560 8678
8634 9086
7643 8252
5729 9164
8359 8378
7232 8294
8622 3436
5460 5185
6309 854
5956 9940
5835 488
8341 7341
5119 5130
5778 2830
8306 2215
7015 8898
8009 6752
7800 4939
6125 4654
8023 4951
7656 4400
5868 1575
8769 3439
8933 9310
7413 7234
7661 5784
8105 8709
7223 9124
6901 7060
5760 8123
7488 5927
7381 2769
8400 7966
6909 578
7941 452
5195 7917
8735 5611
5366 9843
6714 9315
7934 8204
6838 8009
5078 6168
5780 1201
5522 6264
5301 4935
7247 1538
8001 6366
6193 8034
8281 2987
8068 9094
6070 4383
8624 7506
8359 1025
8157 3
7824 3916
5647 8484
6979 1160
5365 8504
8377 4249
7034 8283
8706 8929
8093 1257
8270 2572
9052 2342
5805 4088
6526 7166
5278 3237
7279 5298
7680 7862
8616 6537
5815 6739
7294 9673
8429 409
5635 7983
5929 6457
8453 7899
7876 8021
6689 8799
7789 7363
7593 4980
6941 4107
8224 7650
5552 4770
5889 4193
5418 8995
8666 4672
5507 1085
5054 6450
8778 4831
8526 1253
5423 5558
8930 5241
5075 1696
7451 6794
8483 9283
8585 12
8672 8170
6413 7958
5649 8018
6316 3495
6263 971
8997 5659
5257 4658
8651 7241
9040 8201
5777 9150
6765 2913
8325 1594
5694 2162
8663 1384
7236 7146
6504 3422
8294 2750
5792 160
7952 9299
6713 8685
7412 6847
7779 7183
6887 4304
5981 622
5789 1612
6161 7468
7987 5984
6191 4805
8495 8255
7662 598
7577 1487
7271 8923
7009 9118
5686 1980
6565 9634
5523 5167
8778 5753
6475 9765
5531 835
7092 1357
8842 4501
7238 2425
5735 8112
8236 3841
7156 1484
5766 5799
9036 6834
8296 7637
7461 44
6355 4449
6236 7477
7255 8790
8748 9148
7882 2869
8368 5868
5511 3315
8021 5457
6561 7511
7353 3983
9133 4931
8091 5180
7162 5435
8621 812
7038 9227
8951 3623
8741 1742
7144 6175
5443 4520
6196 9056
6012 5175
5704 3493
6929 6759
8366 6800
7473 304
5767 159
7100 7944
8494 4000
6093 4270
5868 327
6534 2709
7226 9925
7762 5780
6568 794
5185 663
8978 3298
9066 8589
8676 1830
5168 7452
5184 947
6738 8335
6179 3887
9009 8316
7671 1460
5102 8218
8725 5652
5318 998
6306 5617
5753 7514
7591 8600
7844 9628
7337 704
8187 8647
5596 2545
8543 76
6171 309
7040 4146
6361 5579
5478 6335
8201 4380
8354 1169
8976 6977
8789 7960
5249 206
8537 2533
6595 9420
9015 886
8076 7192
5156 9002
6347 6223
6511 8888
5074 8497
7279 3175
7543 6541
6284 6439
6624 2164
5877 349
7474 8908
9106 9305
6759 5823
5385 8331
6190 3022
6126 6490
7440 9879
5105 5618
6840 846
5322 275
8535 2199
6084 1419
8265 9382
6550 591
6580 5885
5621 8908
5215 3970
6729 6411
6920 951
8779 5149
7534 3462
6075 7072
8230 8933
7451 9585
5230 9282
7381 5876
5694 50
9189 2836
6627 5134
7358 9458
5556 3706
6389 8545
7987 7798
9200 7472
6560 4250
7443 3817
8703 2952
6562 8495
6284 1781
6756 1018
6177 7022
8334 2963
5247 6832
6553 5109
6296 3748
7603 1933
7680 7232
6314 720
8023 2520
8188 4299
5060 2069
6696 692
5270 3416
5865 7854
8005 8208
7924 9904
6721 5734
5204 6483
5458 9604
6375 7894
7302 3976
8902 2791
5755 5682
5437 7036
7171 7533
8112 5883
6143 2628
5127 1787
5501 4624
9178 3520
6513 7032
7452 86
5262 9629
5488 1510
6465 5410
6142 3976
7052 877
8730 5349
6610 7633
8734 7461
8258 1342
7553 6283
9095 2712
7376 3423
7677 4
7885 9938
6641 9440
5880 922
7399 3744
6461 3527
9064 1469
6938 7981
7144 3668
9058 7318
7754 7720
7293 2855
5717 4698
7437 6556
5364 7737
8066 4885
6907 7025
5856 6924
5390 9518
6506 6291
6549 310
7556 2728
8855 1638
8307 4042
5506 8302
5377 960
5770 1996
9261 8568
6596 3259
8296 1995
8602 4132
8051 1042
8410 6132
5978 3208
7437 9162
8207 8085
8643 1390
7494 8228
5212 3035
6005 4772
6715 306
6780 8366
9248 905
8029 2658
8204 928
7895 4741
6930 7208
8532 3113
5973 4237
5651 922
9256 7591
8747 6358
6662 5805
5242 7927
6063 8160
6507 6478
5264 4214
8504 9662
7592 7646
8446 9834
7895 9361
6480 3359
6179 9527
8537 6988
7178 6688
8148 7109
9072 6789
5085 1169
9343 3164
8333 7057
7088 8723
6159 9302
7876 3203
7669 5378
6478 8560
7181 1731
8134 8513
7937 4955
6564 5949
7856 8086
8788 7482
8860 222
7096 6190
8506 5413
8324 8387
5141 5329
5563 8743
5508 9445
6198 4506
6472 8171
5668 7507
5517 8964
7955 1980
6556 7389
6323 2790
8958 1981
5417 8936
9171 6328
8728 7574
6975 9073
5568 3359
8224 5093
7017 1906
8914 7659
8465 5021
6999 837
6607 5018
6033 9955
7794 1911
5766 5396
9392 2296
5832 5867
6397 2336
7192 68
8178 4020
6986 1889
8126 3509
5120 6679
5938 8285
8158 9054
8340 5553
6313 5226
7842 2742
7483 8036
8967 1847
9007 7516
7694 5775
5112 7200
8366 31
8745 8443
8459 8819
5849 6782
5706 5194
6495 5931
8562 2414
6992 7304
6200 3513
8150 9261
6764 6338
8513 7301
6600 585
7884 5449
7763 1665
9148 6225
6898 7706
8213 4561
7037 5075
7686 8829
8137 1643
8359 3644
7780 1147
5043 4421
9007 8086
7139 4074
5151 1554
7054 62
7533 2567
9122 1702
5111 7766
6826 9456
7579 5466
5352 4816
8980 9762
7963 120
6983 5244
9346 2125
8354 5331
5413 913
9052 3092
7900 7936
9100 4179
7656 7247
6399 3499
8314 9411
7562 4378
7158 7762
6869 4857
6604 4374
6138 7723
7516 3379
8003 280
8966 6404
6074 689
9221 5381
8811 648
6920 3811
9461 7395
5354 8908
8433 5772
9181 5093
5731 1737
7947 2517
8364 6644
7153 1187
6406 8343
6538 8068
8617 6606
8070 7161
5605 6134
5351 9975
8804 9214
7667 4537
5119 6920
7015 7869
5424 4188
8924 6431
8859 4459
6176 7557
5904 242
7584 9691
9341 8871
7156 3444
8139 365
7662 6005
7078 7961
5804 1606
6569 4457
5094 8471
8416 4916
9383 4220
6886 9412
5214 3589
6010 5978
9417 6820
5938 7833
5702 4908
5883 5847
8102 4765
6067 5798
8422 2126
5557 6115
5632 457
7397 4734
5305 6000
7104 171
7250 898
8306 534
7760 8968
5612 1381
7897 4077
6635 426
7641 3859
5461 4533
7732 2581
9118 9605
8335 7591
5700 8497
5453 9118
6861 7105
6765 3618
7694 5022
8686 6980
9199 2391
7546 8789
5896 9718
5268 7280
8105 8012
8319 4057
9363 7334
9053 18
5382 453
7446 1709
8489 1934
5295 2900
8883 1898
8180 4757
6669 1464
5233 7653
7214 2623
6746 8959
9005 8158
5814 9198
8853 1118
7267 7485
8996 7168
7395 4962
7834 3031
5755 7972
9286 1794
6802 9855
9208 7162
5365 1080
6504 3037
6330 4751
5171 7080
6245 7028
7329 9426
7897 5754
7072 1378
8151 2693
6324 745
9221 9499
5578 8344
5188 824
8786 7282
7859 8994
7764 3999
8916 6802
8783 1512
8451 2853
7040 3754
7436 4677
7937 4808
5299 6167
7745 3037
9377 9005
6020 9205
6762 5674
6678 4455
6390 3447
8189 8764
6943 3245
9555 4977
8258 2666
7436 4842
5744 9277
6351 8584
8665 9334
9073 5096
6865 8946
6874 3907
8078 7731
5789 4229
5078 1682
7267 7385
7191 1891
5826 9172
7568 7260
6085 1037
7690 3947
5400 5765
9351 3572
5270 4324
7203 3132
6997 3529
9077 9493
9383 3113
7304 8101
5480 4897
7575 1159
7370 7299
9190 6317
7599 3365
7240 1909
6550 2008
5963 5247
6102 5951
8040 9285
6449 8372
7391 4316
6753 7132
6118 195
8513 7997
5516 1440
5042 4699
5909 5419
7333 2667
7402 8661
8288 1806
8092 5287
6517 7992
8626 941
7600 7834
8836 2459
9132 967
9387 888
8816 6256
8170 772
6485 8233
7035 543
5430 6381
5222 9763
5671 4549
7242 9269
6340 7502
5830 1973
8161 9365
6602 2522
9097 4614
8880 3025
7186 2225
5710 9501
8278 8521
8329 6504
6698 9727
7555 3300
6607 3537
8787 6012
9648 4784
5141 2276
5742 1107
7606 2791
5333 8311
9153 4801
7815 6607
9261 9787
9697 5128
6515 16
6093 1892
9592 5598
9075 8119
7126 7310
5294 3414
7675 353
7879 3044
8072 9840
8599 9964
6517 9414
7330 5889
8651 2328
8697 2264
6930 454
9531 5539
7901 2559
6345 1842
7671 4217
7751 1726
5711 8031
9172 7834
8144 5699
6814 899
9046 1435
5432 9343
6618 8605
6074 7556
8390 9335
9089 5950
7731 6135
8878 7224
6127 9356
6275 3045
8695 40
8341 226
6282 1184
8068 6024
9505 7594
9445 5363
7265 8735
7642 4734
6491 8322
6372 9545
7742 3726
5661 7007
5855 3481
7135 9562
7997 9692
5236 4993
6843 2683
6895 9826
8995 5180
5899 7688
8809 6291
5719 925
8805 4357
5656 6691
9239 7625
7978 5231
7462 8699
9163 7039
8035 2057
5463 2213
6444 4853
5202 6744
5424 8200
5192 7579
5881 4205
8613 8044
5268 2635
5102 9805
8153 3271
8229 7676
6760 7919
8274 6653
8344 4765
9151 2258
8546 3128
7541 6191
5522 8861
5275 2600
6926 5554
5926 3782
9324 30
9684 7966
5369 7027
5957 4048
6742 7375
7551 6234
6501 9880
5611 4187
8071 384
8480 1148
7308 8547
9076 5670
9106 6823
5285 859
5356 385
6789 1623
8686 2406
5620 7022
5594 1224
9654 110
6154 4175
7359 2450
5182 688
9079 2867
7883 7837
6763 5547
7527 3782
5935 218
6843 3360
7998 386
5111 9296
9143 9306
6006 2853
8084 4895
5605 4852
8086 1485
5485 8294
9789 2054
8922 6804
9665 7773
9208 8518
7242 3196
5099 1673
9149 544
9576 2110
6960 3397
8190 1393
6631 2896
7999 3669
6506 8311
7881 123
6703 8091
6737 3484
8594 919
5689 6454
5522 9601
6743 579
8801 5939
5045 3629
6601 3228
7623 7185
8204 4993
8644 3028
9422 4385
7192 4503
6921 8861
7712 585
5338 2590
5072 1485
5446 2449
6082 662
6935 112
6769 9893
8722 7273
7812 5352
5074 1923
7986 891
9066 9092
5007 6712
5706 2275
8893 3231
5239 1811
8979 3713
7898 1651
9050 5449
5848 2649
5945 6770
6196 1461
7347 1244
5602 5088
8797 3914
6990 3332
8238 2993
8388 5726
7073 8201
9311 2673
6190 5382
8533 3658
9141 4939
9037 6554
8278 1077
5132 2412
5413 6660
9304 1666
5126 2526
9472 922
5449 1025
6611 6459
5845 8092
9628 476
7549 7040
6102 8577
7722 5635
8675 6331
5427 8849
9578 5157
7850 6146
7019 396
5090 9857
7363 7678
8537 2973
9588 3915
9090 4481
9740 6827
6127 9506
7891 6122
9171 5195
5698 4102
8931 3069
6597 4376
7664 3276
7651 1285
9475 7089
8755 4560
8787 6275
8765 7364
7038 2957
8000 3046
5070 6443
9780 2719
5860 694
8124 2443
9207 4483
5522 670
5598 1177
8299 1800
8725 3605
7176 8121
9323 9361
8549 5518
6750 5740
8792 2848
8971 4713
7758 5436
5848 5406
9578 7719
8549 2230
6196 2622
8962 3443
8538 1023
5952 5634
8424 1592
8837 64
8252 5467
7138 7481
5176 9262
7071 9826
8608 9212
5810 1944
6001 342
9789 2339
9027 2883
6434 6539
7815 1126
8858 1529
7544 9747
7968 9170
9796 8901
8117 7036
6044 1890
9451 1783
5256 4644
5290 5741
6868 1057
5493 8712
6593 5865
7882 2159
9117 6744
6257 4803
5072 6492
7819 149
8426 7324
5484 403
8983 9468
6778 5858
9044 9881
7860 5523
8612 6544
6088 7523
6082 6435
8718 2189
5678 8992
8662 7164
9920 2742
5623 9571
5382 3273
6493 7205
9945 8155
9155 5386
6554 105
9080 4671
5100 8673
5643 5716
8323 3178
9954 5818
5045 5165
6206 863
9261 9691
