10000 1000
0 2194
1 7505
1 5471
3 170
3 1454
5 4619
5 6442
7 5845
7 4394
9 9570
9 2898
11 3630
11 4638
13 4225
13 1340
15 7989
15 5970
17 7644
17 5227
19 9161
19 5635
21 7798
21 6145
23 5719
23 3455
25 6057
25 1863
27 2707
27 2223
29 1165
29 4138
31 3336
31 5718
33 5479
33 5403
35 7273
35 5345
37 4152
37 7673
39 8534
39 2050
41 9390
41 470
43 4334
43 2168
45 4208
45 1045
47 2805
47 8906
49 4933
49 6868
51 6608
51 5861
53 7668
53 9633
55 6032
55 9008
57 5214
57 1782
59 4745
59 7102
61 2517
61 6961
63 4008
63 5386
65 2306
65 4290
67 5661
67 4475
69 4307
69 6852
71 3888
71 870
73 1449
73 822
75 7265
75 3863
77 5884
77 4300
79 6664
79 7532
81 5683
81 1652
83 1661
83 880
85 8589
85 5170
87 6968
87 2779
89 8113
89 3415
91 5760
91 4359
93 3354
93 4626
95 6250
95 5489
97 9680
97 2156
99 6844
99 7206
101 7983
101 8693
103 9542
103 5243
105 2787
105 6615
107 9714
107 5906
109 1942
109 9918
111 8597
111 3174
113 5023
113 7300
115 6527
115 7140
117 2449
117 4091
119 4334
119 104
121 236
121 2251
123 7561
123 4553
125 8389
125 3787
127 4409
127 9019
129 6664
129 4022
131 911
131 9899
133 2229
133 5239
135 4297
135 3810
137 1694
137 9662
139 8853
139 1
141 8843
141 5354
143 1998
143 2976
145 3250
145 2794
147 2358
147 1521
149 6894
149 5252
151 8699
151 4682
153 2174
153 9424
155 3238
155 6887
157 511
157 7894
159 2341
159 1602
161 3027
161 5331
163 9189
163 127
165 7023
165 9693
167 880
167 5783
169 970
169 5457
171 3913
171 7570
173 7192
173 284
175 4873
175 302
177 550
177 9480
179 5071
179 7713
181 8085
181 3530
183 2741
183 3549
185 5766
185 8295
187 4066
187 218
189 6
189 6513
191 859
191 4410
193 5681
193 4870
195 540
195 4400
197 4974
197 7496
199 6473
199 9198
201 3446
201 7666
203 5826
203 5653
205 789
205 9231
207 7343
207 4987
209 1282
209 4230
211 2786
211 3096
213 2815
213 1017
215 9691
215 6693
217 2965
217 119
219 4149
219 9272
221 5170
221 8428
223 5322
223 5946
225 6593
225 4740
227 3827
227 5896
229 8238
229 9150
231 3061
231 3680
233 8823
233 1454
235 745
235 1097
237 8101
237 1321
239 8329
239 8949
241 4398
241 9368
243 3590
243 9473
245 3669
245 2462
247 7668
247 4568
249 3639
249 8424
251 3628
251 1049
253 2060
253 2030
255 4251
255 5203
257 3123
257 9662
259 4356
259 9459
261 9487
261 1787
263 3705
263 8972
265 3377
265 3823
267 8058
267 8140
269 2847
269 9880
271 3990
271 4609
273 5382
273 4594
275 6053
275 7661
277 1206
277 1840
279 6025
279 7987
281 1448
281 9269
283 3291
283 8527
285 3106
285 907
287 3171
287 3748
289 690
289 9025
291 9415
291 6436
293 1752
293 2144
295 7030
295 2258
297 266
297 4129
299 9204
299 263
301 2100
301 4291
303 8314
303 5540
305 4212
305 7198
307 2100
307 159
309 1771
309 3172
311 6329
311 1986
313 1914
313 1365
315 3370
315 1674
317 8530
317 4790
319 8511
319 126
321 3001
321 4631
323 5259
323 768
325 5725
325 8829
327 5665
327 9329
329 768
329 6987
331 7872
331 7548
333 2357
333 3334
335 2443
335 7156
337 2421
337 6
339 5575
339 2700
341 5071
341 837
343 6179
343 4929
345 7930
345 8205
347 2867
347 2816
349 9754
349 4670
351 2579
351 8306
353 3959
353 686
355 5145
355 796
357 7769
357 2133
359 8309
359 137
361 6674
361 1253
363 2409
363 2968
365 2184
365 3359
367 789
367 5954
369 3548
369 5459
371 4953
371 3978
373 67
373 3509
375 3350
375 8215
377 1785
377 2859
379 4717
379 8000
381 610
381 1165
383 8391
383 3725
385 663
385 2125
387 5179
387 492
389 7439
389 4631
391 7276
391 5107
393 9267
393 4118
395 1521
395 6842
397 7424
397 7741
399 2719
399 2076
401 7100
401 2203
403 8115
403 2442
405 9127
405 3069
407 5290
407 6264
409 7996
409 3752
411 6785
411 1212
413 6511
413 4229
415 8551
415 2325
417 6773
417 9469
419 180
419 9039
421 5938
421 9102
423 3188
423 20
425 1119
425 4458
427 6277
427 855
429 464
429 4849
431 5568
431 6443
433 7134
433 7663
435 254
435 3849
437 7180
437 3862
439 7273
439 3459
441 9115
441 8882
443 8513
443 9995
445 1389
445 3422
447 9004
447 5898
449 2774
449 6443
451 6259
451 5951
453 9965
453 6175
455 5445
455 9881
457 3159
457 7733
459 4630
459 7941
461 6980
461 7926
463 8761
463 5677
465 707
465 4361
467 1756
467 9006
469 7853
469 8139
471 5487
471 2473
473 2174
473 4346
475 266
475 8450
477 9761
477 7476
479 6002
479 1827
481 3674
481 9280
483 7881
483 8528
485 8886
485 5414
487 8758
487 4500
489 5694
489 683
491 415
491 204
493 4548
493 2612
495 5558
495 152
497 2652
497 8282
499 7165
499 6246
501 8822
501 2853
503 2309
503 5269
505 9641
505 6293
507 3376
507 5912
509 9361
509 8997
511 8318
511 1674
513 2262
513 697
515 2036
515 7706
517 7236
517 7893
519 8199
519 8940
521 9912
521 9526
523 7591
523 3535
525 7486
525 4604
527 2410
527 5637
529 5044
529 4216
531 5575
531 6055
533 6854
533 3212
535 2388
535 1730
537 5566
537 8890
539 8735
539 7775
541 5643
541 9344
543 707
543 7229
545 6456
545 1562
547 4702
547 891
549 8521
549 8339
551 9200
551 2826
553 7498
553 3017
555 1613
555 1070
557 5335
557 5734
559 9854
559 8876
561 9342
561 5805
563 648
563 277
565 4743
565 2304
567 7868
567 4622
569 5175
569 7868
571 4578
571 6884
573 9894
573 7779
575 119
575 8395
577 3839
577 8371
579 1255
579 2113
581 5379
581 1463
583 430
583 7480
585 8115
585 1997
587 1352
587 4868
589 8406
589 2096
591 4828
591 8761
593 8514
593 2817
595 4367
595 9545
597 3590
597 8811
599 1035
599 5093
601 2936
601 1003
603 9435
603 1534
605 9745
605 6229
607 78
607 9328
609 8972
609 1787
611 9419
611 6781
613 6853
613 6008
615 4709
615 6843
617 287
617 9886
619 5121
619 9409
621 3528
621 4361
623 2933
623 4386
625 4768
625 1438
627 9683
627 9387
629 3637
629 4893
631 8385
631 4241
633 5962
633 3
635 6216
635 9288
637 8607
637 7564
639 8778
639 4581
641 750
641 4737
643 2824
643 3342
645 2283
645 1100
647 9959
647 9545
649 5137
649 8009
651 2312
651 8926
653 2722
653 2772
655 2707
655 2955
657 8279
657 5802
659 5316
659 1072
661 9973
661 717
663 1223
663 1366
665 1977
665 4838
667 6937
667 7078
669 4628
669 2306
671 3972
671 5568
673 5141
673 7814
675 6240
675 4974
677 1923
677 5748
679 6427
679 2989
681 5462
681 6283
683 9626
683 2935
685 7774
685 8257
687 8403
687 7359
689 3849
689 8934
691 8632
691 4759
693 3818
693 5073
695 710
695 8449
697 421
697 6398
699 6820
699 987
701 2281
701 7929
703 7793
703 3995
705 9320
705 6414
707 8887
707 1826
709 385
709 4298
711 9073
711 7102
713 3772
713 4445
715 7030
715 2567
717 3918
717 8304
719 9609
719 9188
721 7091
721 9195
723 5227
723 985
725 3823
725 9506
727 221
727 8137
729 7276
729 6059
731 671
731 6942
733 3663
733 7895
735 2219
735 1787
737 427
737 268
739 9329
739 8440
741 3875
741 608
743 4442
743 3159
745 5208
745 3959
747 2068
747 5582
749 6479
749 7257
751 7671
751 4579
753 1331
753 6987
755 247
755 3001
757 338
757 2761
759 1442
759 277
761 8234
761 6971
763 4786
763 5586
765 8284
765 5141
767 4273
767 3640
769 56
769 2466
771 5612
771 7507
773 6763
773 3711
775 9450
775 7735
777 6779
777 839
779 6939
779 9701
781 3844
781 6207
783 6514
783 2665
785 749
785 8491
787 6171
787 556
789 8834
789 1881
791 7296
791 9333
793 7834
793 5122
795 1888
795 601
797 9368
797 4556
799 3668
799 91
801 2863
801 8974
803 1349
803 6508
805 6596
805 1283
807 710
807 945
809 3898
809 3477
811 7815
811 7412
813 776
813 5644
815 6442
815 9606
817 6545
817 6293
819 8465
819 155
821 3772
821 1569
823 5112
823 8757
825 7899
825 9871
827 9196
827 5951
829 3803
829 5778
831 1575
831 6512
833 4704
833 6134
835 400
835 6877
837 4148
837 3913
839 8849
839 1031
841 1972
841 8331
843 2158
843 4491
845 8279
845 2559
847 1660
847 4648
849 4643
849 1137
851 9235
851 4819
853 5726
853 8953
855 7928
855 3075
857 9850
857 6429
859 9260
859 1497
861 7567
861 7850
863 9928
863 2753
865 4676
865 1404
867 3578
867 4145
869 8073
869 1934
871 6568
871 6568
873 4229
873 8667
875 9336
875 5908
877 7874
877 9627
879 2125
879 5019
881 1501
881 1770
883 6561
883 1916
885 8523
885 3664
887 2095
887 1305
889 1302
889 196
891 1479
891 2083
893 9381
893 7201
895 7543
895 7028
897 5194
897 7907
899 8787
899 289
901 9513
901 3182
903 9926
903 3217
905 6221
905 7925
907 2706
907 5868
909 8374
909 8324
911 1036
911 4695
913 3578
913 6596
915 4902
915 2670
917 8566
917 7543
919 6953
919 8284
921 1956
921 5092
923 8496
923 5693
925 2719
925 7054
927 217
927 1866
929 631
929 6903
931 1938
931 3667
933 313
933 767
935 186
935 6616
937 666
937 875
939 5673
939 5495
941 5922
941 7116
943 8826
943 9407
945 2902
945 7313
947 7010
947 4654
949 8563
949 1255
951 1485
951 9420
953 8074
953 4496
955 5351
955 8364
957 1698
957 3131
959 449
959 5213
961 3860
961 2658
963 1498
963 4071
965 3032
965 1217
967 7659
967 5531
969 2506
969 2473
971 792
971 9016
973 9147
973 3107
975 8000
975 7738
977 9692
977 570
979 3531
979 6806
981 6224
981 6820
983 9227
983 318
985 5678
985 165
987 1670
987 6659
989 4926
989 4793
991 3346
991 2620
993 4251
993 5360
995 4866
995 5333
997 8301
997 9278
999 6578
999 5694
1001 3983
1001 9195
1003 5976
1003 6643
1005 8645
1005 6373
1007 8420
1007 9223
1009 3875
1009 2767
1011 6070
1011 7292
1013 363
1013 5877
1015 3466
1015 829
1017 6867
1017 6270
1019 3196
1019 7030
1021 5637
1021 4730
1023 8554
1023 3244
1025 4662
1025 6970
1027 7740
1027 1900
1029 7860
1029 4146
1031 8703
1031 6700
1033 5820
1033 530
1035 2493
1035 2650
1037 5208
1037 950
1039 8528
1039 3034
1041 6316
1041 4744
1043 7182
1043 871
1045 374
1045 9163
1047 3269
1047 9478
1049 75
1049 5401
1051 4338
1051 7268
1053 8557
1053 65
1055 3237
1055 4773
1057 6010
1057 7990
1059 8887
1059 2383
1061 8048
1061 8321
1063 8141
1063 8941
1065 4741
1065 1115
1067 8593
1067 5980
1069 8341
1069 1698
1071 5191
1071 6805
1073 5857
1073 5212
1075 5540
1075 2117
1077 8223
1077 3555
1079 7245
1079 1960
1081 7262
1081 4257
1083 3618
1083 5466
1085 3148
1085 6942
1087 7987
1087 3966
1089 4651
1089 5043
1091 632
1091 2931
1093 5954
1093 3676
1095 3511
1095 7021
1097 3959
1097 9221
1099 602
1099 9776
1101 5725
1101 107
1103 4460
1103 7420
1105 1634
1105 8757
1107 4351
1107 2898
1109 6227
1109 1108
1111 9681
1111 786
1113 3343
1113 8943
1115 4393
1115 4202
1117 1799
1117 7886
1119 6719
1119 1839
1121 2100
1121 5001
1123 880
1123 2126
1125 3071
1125 440
1127 9235
1127 1285
1129 1373
1129 2483
1131 7085
1131 532
1133 2647
1133 6484
1135 1719
1135 8176
1137 9269
1137 2092
1139 9400
1139 4718
1141 3497
1141 8232
1143 8128
1143 815
1145 8501
1145 757
1147 9154
1147 9840
1149 960
1149 2392
1151 9189
1151 2122
1153 6233
1153 5269
1155 2592
1155 3716
1157 8761
1157 8500
1159 8293
1159 2409
1161 9657
1161 1419
1163 5206
1163 9648
1165 4196
1165 3412
1167 5724
1167 6383
1169 943
1169 1975
1171 5349
1171 7825
1173 1061
1173 9730
1175 9303
1175 9014
1177 316
1177 3966
1179 3290
1179 6091
1181 6643
1181 9852
1183 3637
1183 7949
1185 7857
1185 6985
1187 5362
1187 8774
1189 2189
1189 6495
1191 8210
1191 922
1193 6407
1193 5105
1195 4655
1195 4812
1197 4472
1197 9902
1199 7152
1199 6670
1201 1401
1201 7606
1203 8752
1203 6546
1205 4715
1205 6564
1207 8045
1207 709
1209 5105
1209 556
1211 8995
1211 1726
1213 2644
1213 5423
1215 4287
1215 879
1217 4313
1217 6248
1219 2123
1219 2350
1221 4355
1221 7390
1223 7660
1223 7789
1225 4850
1225 3576
1227 6468
1227 531
1229 2464
1229 8229
1231 4721
1231 9131
1233 9479
1233 9074
1235 9753
1235 2608
1237 3213
1237 9380
1239 8561
1239 1795
1241 5954
1241 4516
1243 8321
1243 331
1245 3633
1245 7900
1247 9780
1247 2172
1249 5262
1249 2101
1251 7670
1251 7039
1253 5261
1253 3327
1255 4164
1255 8161
1257 3376
1257 3485
1259 6489
1259 7520
1261 1603
1261 278
1263 1769
1263 442
1265 398
1265 1773
1267 9937
1267 3794
1269 199
1269 8613
1271 8509
1271 3996
1273 2058
1273 7969
1275 6520
1275 5509
1277 7207
1277 8445
1279 14
1279 4279
1281 8621
1281 6914
1283 8885
1283 3764
1285 8895
1285 999
1287 7618
1287 1031
1289 8112
1289 5030
1291 771
1291 4620
1293 4432
1293 6376
1295 9382
1295 8243
1297 8393
1297 8908
1299 6507
1299 3219
1301 5519
1301 4951
1303 8042
1303 2942
1305 6465
1305 8297
1307 4696
1307 8283
1309 7372
1309 9329
1311 3747
1311 8114
1313 4960
1313 1308
1315 667
1315 7354
1317 4101
1317 3308
1319 8056
1319 8995
1321 934
1321 5220
1323 795
1323 235
1325 765
1325 7896
1327 1920
1327 861
1329 1758
1329 7800
1331 4646
1331 9060
1333 9234
1333 9299
1335 6811
1335 1690
1337 6647
1337 5270
1339 6495
1339 9847
1341 2418
1341 1409
1343 1890
1343 6293
1345 2605
1345 3067
1347 7535
1347 3538
1349 3035
1349 313
1351 8907
1351 2087
1353 4014
1353 7705
1355 7410
1355 125
1357 4303
1357 1241
1359 9022
1359 4657
1361 3944
1361 8890
1363 8095
1363 4340
1365 6818
1365 1295
1367 7710
1367 1759
1369 7191
1369 9147
1371 8660
1371 955
1373 1020
1373 2419
1375 6225
1375 4240
1377 6930
1377 6541
1379 4532
1379 91
1381 47
1381 1589
1383 2762
1383 6311
1385 6709
1385 5885
1387 1422
1387 2152
1389 5347
1389 962
1391 7245
1391 8774
1393 2696
1393 6603
1395 6204
1395 6532
1397 6116
1397 6772
1399 6053
1399 5368
1401 8957
1401 2470
1403 5526
1403 8002
1405 3160
1405 8346
1407 1176
1407 4534
1409 248
1409 3337
1411 8302
1411 2101
1413 8474
1413 9465
1415 6862
1415 4064
1417 7369
1417 9737
1419 4137
1419 8247
1421 9520
1421 8586
1423 9508
1423 1420
1425 1422
1425 464
1427 1933
1427 770
1429 8462
1429 9328
1431 3433
1431 3836
1433 8096
1433 9887
1435 3512
1435 1353
1437 785
1437 958
1439 8341
1439 5440
1441 2824
1441 3014
1443 9400
1443 6940
1445 6086
1445 8934
1447 4520
1447 809
1449 5527
1449 86
1451 8411
1451 8507
1453 7952
1453 1383
1455 4254
1455 8720
1457 6209
1457 8570
1459 1558
1459 6341
1461 6632
1461 7414
1463 9941
1463 6317
1465 6226
1465 1155
1467 1284
1467 6930
1469 9496
1469 2864
1471 51
1471 2017
1473 6547
1473 6882
1475 7228
1475 7397
1477 5395
1477 5433
1479 3058
1479 5475
1481 6746
1481 313
1483 9838
1483 150
1485 7715
1485 7693
1487 6205
1487 596
1489 8734
1489 5458
1491 6083
1491 9056
1493 5425
1493 440
1495 6088
1495 8337
1497 6809
1497 2756
1499 3012
1499 879
1501 7160
1501 9585
1503 2160
1503 9397
1505 3161
1505 3382
1507 421
1507 5885
1509 8682
1509 917
1511 1059
1511 1957
1513 3605
1513 7749
1515 1222
1515 4330
1517 6009
1517 316
1519 7486
1519 3120
1521 4661
1521 8473
1523 5020
1523 7182
1525 2506
1525 2439
1527 2970
1527 8469
1529 8454
1529 5862
1531 5185
1531 4289
1533 5548
1533 8154
1535 6258
1535 5704
1537 5835
1537 7485
1539 6056
1539 699
1541 3948
1541 9637
1543 3149
1543 1240
1545 1737
1545 9123
1547 1701
1547 4263
1549 3234
1549 7340
1551 8758
1551 7440
1553 9118
1553 4293
1555 3233
1555 8923
1557 5544
1557 4209
1559 7096
1559 4537
1561 9227
1561 1871
1563 7811
1563 8805
1565 119
1565 975
1567 9036
1567 5580
1569 9829
1569 5882
1571 4731
1571 5093
1573 9212
1573 4646
1575 970
1575 921
1577 3464
1577 9910
1579 6401
1579 9127
1581 5388
1581 1900
1583 4766
1583 402
1585 4970
1585 6686
1587 5179
1587 588
1589 9468
1589 5102
1591 1362
1591 3453
1593 4141
1593 1937
1595 9439
1595 7830
1597 5767
1597 4357
1599 3193
1599 3715
1601 163
1601 5519
1603 230
1603 952
1605 5152
1605 4903
1607 7129
1607 8133
1609 2142
1609 2295
1611 2301
1611 9938
1613 1602
1613 4065
1615 2532
1615 164
1617 1598
1617 3821
1619 2641
1619 418
1621 9334
1621 2816
1623 5432
1623 2625
1625 2112
1625 8589
1627 3183
1627 5028
1629 3263
1629 3246
1631 7947
1631 6894
1633 4243
1633 5825
1635 9232
1635 4047
1637 3552
1637 1207
1639 7502
1639 2166
1641 1974
1641 2385
1643 9850
1643 7778
1645 2037
1645 4308
1647 9800
1647 1008
1649 3063
1649 1418
1651 1859
1651 1874
1653 2704
1653 8766
1655 8219
1655 9155
1657 2711
1657 5357
1659 2204
1659 2824
1661 3224
1661 1683
1663 9126
1663 3480
1665 1668
1665 7182
1667 3790
1667 4100
1669 4479
1669 7267
1671 862
1671 3890
1673 5424
1673 4463
1675 5875
1675 6989
1677 5874
1677 3821
1679 8631
1679 6540
1681 3219
1681 492
1683 700
1683 3660
1685 5406
1685 5383
1687 4295
1687 602
1689 6735
1689 4084
1691 8013
1691 2159
1693 5085
1693 6728
1695 470
1695 9787
1697 1601
1697 1048
1699 2319
1699 2909
1701 1614
1701 3235
1703 6049
1703 1180
1705 757
1705 1440
1707 6396
1707 6105
1709 8183
1709 6533
1711 1215
1711 1178
1713 4431
1713 3507
1715 1834
1715 6410
1717 6427
1717 8632
1719 2742
1719 9879
1721 6019
1721 6987
1723 3669
1723 8201
1725 2969
1725 2919
1727 4114
1727 8917
1729 2223
1729 1264
1731 5293
1731 43
1733 9702
1733 7033
1735 5255
1735 2299
1737 8722
1737 5421
1739 7439
1739 671
1741 4860
1741 8002
1743 3093
1743 9200
1745 5321
1745 8519
1747 3107
1747 9683
1749 537
1749 6579
1751 4374
1751 7667
1753 1776
1753 6480
1755 1568
1755 951
1757 3015
1757 3885
1759 4531
1759 3805
1761 3489
1761 2204
1763 4663
1763 7110
1765 78
1765 7439
1767 2147
1767 3152
1769 6201
1769 4330
1771 2366
1771 6247
1773 4339
1773 2756
1775 5038
1775 8987
1777 3962
1777 7386
1779 2060
1779 7875
1781 6487
1781 54
1783 594
1783 8667
1785 9167
1785 6755
1787 2178
1787 9898
1789 3326
1789 8345
1791 6764
1791 9984
1793 8876
1793 3914
1795 4485
1795 6414
1797 9147
1797 2214
1799 2733
1799 7788
1801 842
1801 9943
1803 3897
1803 8888
1805 949
1805 9399
1807 9904
1807 9246
1809 4260
1809 4945
1811 2124
1811 3162
1813 3886
1813 4477
1815 2021
1815 5263
1817 9944
1817 4981
1819 839
1819 8765
1821 6927
1821 8941
1823 7214
1823 3946
1825 95
1825 1338
1827 9502
1827 9351
1829 5294
1829 8095
1831 2793
1831 8278
1833 1574
1833 8122
1835 1845
1835 1381
1837 2578
1837 9052
1839 9739
1839 9449
1841 804
1841 7203
1843 8999
1843 6591
1845 3119
1845 8847
1847 2577
1847 2
1849 6776
1849 6694
1851 5946
1851 5609
1853 630
1853 8438
1855 9309
1855 2715
1857 9065
1857 6273
1859 7373
1859 998
1861 819
1861 8752
1863 2796
1863 7395
1865 489
1865 1007
1867 8210
1867 7705
1869 6445
1869 7320
1871 4511
1871 848
1873 2332
1873 219
1875 3904
1875 7016
1877 8060
1877 2010
1879 3605
1879 372
1881 6394
1881 8337
1883 1198
1883 1406
1885 7634
1885 6303
1887 1482
1887 2751
1889 6157
1889 5279
1891 4011
1891 1554
1893 8076
1893 8366
1895 6246
1895 7590
1897 7804
1897 1301
1899 5281
1899 202
1901 5963
1901 1575
1903 7859
1903 1378
1905 533
1905 4417
1907 5648
1907 7051
1909 2384
1909 5813
1911 6932
1911 3203
1913 1993
1913 4556
1915 1359
1915 2260
1917 6059
1917 5612
1919 8550
1919 3873
1921 8970
1921 4360
1923 4832
1923 4544
1925 565
1925 668
1927 1041
1927 9167
1929 2656
1929 6173
1931 1066
1931 3569
1933 2622
1933 2131
1935 6389
1935 91
1937 1348
1937 362
1939 1854
1939 3578
1941 6514
1941 5242
1943 1785
1943 7880
1945 4489
1945 199
1947 5997
1947 9814
1949 2327
1949 3499
1951 1575
1951 1173
1953 1905
1953 6919
1955 7629
1955 2209
1957 6171
1957 5607
1959 9230
1959 7688
1961 1774
1961 6183
1963 4641
1963 5291
1965 6892
1965 9110
1967 907
1967 1215
1969 7878
1969 8406
1971 3888
1971 133
1973 2715
1973 9815
1975 7711
1975 6740
1977 3693
1977 6950
1979 5167
1979 404
1981 3457
1981 399
1983 3826
1983 1048
1985 6971
1985 2566
1987 8063
1987 5936
1989 5183
1989 3576
1991 4103
1991 2851
1993 1200
1993 6033
1995 2189
1995 1129
1997 1359
1997 2681
1999 44
1999 1675
2001 2706
2001 1487
2003 5705
2003 6675
2005 1744
2005 9978
2007 7668
2007 6754
2009 7784
2009 2115
2011 7722
2011 1933
2013 6399
2013 8672
2015 4859
2015 5149
2017 7612
2017 1167
2019 6070
2019 8384
2021 847
2021 4799
2023 2375
2023 2855
2025 2201
2025 3092
2027 2703
2027 8618
2029 1952
2029 6542
2031 610
2031 8129
2033 1116
2033 7508
2035 4709
2035 900
2037 6052
2037 5407
2039 6548
2039 6494
2041 9020
2041 7482
2043 5222
2043 4033
2045 6936
2045 4119
2047 6995
2047 8942
2049 4622
2049 125
2051 8605
2051 9582
2053 7517
2053 2961
2055 9645
2055 289
2057 5719
2057 6643
2059 6533
2059 4284
2061 718
2061 7121
2063 983
2063 6631
2065 6291
2065 1148
2067 6728
2067 4011
2069 1213
2069 993
2071 825
2071 7404
2073 2023
2073 9672
2075 1991
2075 5018
2077 1720
2077 7278
2079 6549
2079 3267
2081 5811
2081 6883
2083 3374
2083 438
2085 3505
2085 9783
2087 8327
2087 239
2089 3035
2089 7735
2091 2963
2091 6424
2093 7933
2093 7398
2095 7520
2095 5605
2097 9616
2097 1069
2099 1104
2099 2882
2101 8912
2101 979
2103 6503
2103 764
2105 4030
2105 3320
2107 5294
2107 5537
2109 7146
2109 861
2111 1813
2111 1466
2113 6301
2113 7345
2115 694
2115 633
2117 9617
2117 8764
2119 177
2119 6799
2121 5506
2121 3889
2123 6567
2123 1762
2125 6230
2125 5973
2127 1714
2127 5713
2129 5838
2129 2003
2131 666
2131 1377
2133 3409
2133 7043
2135 3277
2135 7922
2137 4148
2137 642
2139 1347
2139 7635
2141 1481
2141 1929
2143 9550
2143 4220
2145 5219
2145 1327
2147 6144
2147 2202
2149 6489
2149 6586
2151 3939
2151 94
2153 4323
2153 2035
2155 9936
2155 3891
2157 7395
2157 5818
2159 4790
2159 2065
2161 8593
2161 9924
2163 5370
2163 6209
2165 2073
2165 4500
2167 7199
2167 1643
2169 522
2169 7415
2171 1194
2171 2535
2173 1226
2173 6256
2175 5933
2175 4992
2177 9127
2177 9208
2179 262
2179 4375
2181 2063
2181 6859
2183 7826
2183 1764
2185 1390
2185 8754
2187 8853
2187 4301
2189 1005
2189 2434
2191 1458
2191 7027
2193 1292
2193 9286
2195 3264
2195 7128
2197 9364
2197 2415
2199 8086
2199 1169
2201 1293
2201 516
2203 4729
2203 7544
2205 8419
2205 9786
2207 3365
2207 5783
2209 3134
2209 3149
2211 557
2211 5885
2213 9926
2213 5667
2215 3125
2215 548
2217 5035
2217 6211
2219 5768
2219 1158
2221 5756
2221 6906
2223 4476
2223 8563
2225 5847
2225 345
2227 3838
2227 4968
2229 4203
2229 1871
2231 6255
2231 9911
2233 7221
2233 1687
2235 366
2235 4308
2237 6410
2237 3828
2239 2904
2239 4380
2241 2291
2241 6610
2243 4610
2243 7841
2245 2428
2245 9791
2247 3695
2247 8888
2249 933
2249 8039
2251 1151
2251 866
2253 3715
2253 7962
2255 9235
2255 4337
2257 2881
2257 2182
2259 1871
2259 475
2261 8276
2261 4529
2263 1625
2263 2984
2265 7568
2265 9944
2267 7939
2267 7578
2269 8052
2269 9662
2271 8678
2271 2381
2273 4927
2273 8698
2275 8874
2275 4211
2277 8631
2277 8308
2279 1635
2279 6049
2281 6894
2281 5755
2283 4696
2283 6378
2285 6527
2285 4055
2287 7828
2287 1397
2289 4767
2289 9021
2291 4172
2291 2083
2293 9059
2293 2143
2295 2623
2295 8610
2297 4355
2297 1118
2299 1895
2299 4807
2301 1331
2301 1245
2303 1867
2303 658
2305 8335
2305 3973
2307 9617
2307 264
2309 3970
2309 7327
2311 2314
2311 5301
2313 3218
2313 9493
2315 4161
2315 1873
2317 4067
2317 7984
2319 6717
2319 5545
2321 4838
2321 5188
2323 3411
2323 3529
2325 3474
2325 3760
2327 4893
2327 9832
2329 1607
2329 9346
2331 2485
2331 8263
2333 1139
2333 1620
2335 5185
2335 4609
2337 2807
2337 9297
2339 8051
2339 7273
2341 3486
2341 9534
2343 359
2343 7210
2345 1924
2345 5124
2347 3851
2347 71
2349 8411
2349 330
2351 440
2351 7658
2353 3805
2353 322
2355 1355
2355 3462
2357 7828
2357 263
2359 9509
2359 669
2361 3431
2361 8650
2363 4643
2363 4302
2365 7723
2365 4453
2367 4342
2367 9970
2369 1181
2369 6035
2371 7008
2371 401
2373 9389
2373 6658
2375 6707
2375 8888
2377 444
2377 9322
2379 243
2379 3479
2381 1843
2381 6047
2383 3198
2383 4132
2385 9962
2385 6033
2387 3116
2387 2791
2389 2911
2389 526
2391 5257
2391 4531
2393 124
2393 7899
2395 5680
2395 9418
2397 4308
2397 4623
2399 4835
2399 9533
2401 716
2401 6155
2403 8934
2403 8510
2405 9586
2405 3596
2407 3003
2407 4836
2409 7349
2409 1424
2411 8551
2411 5779
2413 8204
2413 1660
2415 2908
2415 1695
2417 349
2417 8120
2419 8036
2419 4151
2421 3632
2421 1367
2423 8027
2423 1035
2425 8418
2425 5298
2427 6120
2427 8529
2429 2785
2429 922
2431 2832
2431 3030
2433 1322
2433 5390
2435 192
2435 2633
2437 6843
2437 4410
2439 2012
2439 9631
2441 7420
2441 2222
2443 5931
2443 5137
2445 3843
2445 5442
2447 7325
2447 1298
2449 20
2449 7742
2451 7038
2451 8960
2453 4913
2453 2986
2455 6006
2455 1902
2457 8426
2457 5014
2459 7365
2459 317
2461 3746
2461 4200
2463 6158
2463 4458
2465 5661
2465 2596
2467 4742
2467 2697
2469 7544
2469 1558
2471 4600
2471 9380
2473 5849
2473 2859
2475 3968
2475 9262
2477 2263
2477 5293
2479 2460
2479 6874
2481 2705
2481 6017
2483 3750
2483 2038
2485 6143
2485 9294
2487 7383
2487 1650
2489 8516
2489 4547
2491 364
2491 6602
2493 687
2493 8350
2495 7129
2495 5392
2497 6854
2497 9961
2499 3880
2499 815
2501 9678
2501 4884
2503 8330
2503 9496
2505 7670
2505 6221
2507 8939
2507 5512
2509 5759
2509 5946
2511 9708
2511 6063
2513 1393
2513 8026
2515 6386
2515 3318
2517 3344
2517 8621
2519 765
2519 143
2521 5942
2521 2316
2523 3534
2523 1574
2525 4934
2525 1209
2527 7376
2527 133
2529 559
2529 7158
2531 5132
2531 1302
2533 973
2533 9183
2535 3339
2535 9700
2537 9380
2537 4261
2539 7800
2539 6667
2541 2365
2541 6542
2543 8781
2543 6827
2545 7313
2545 939
2547 5974
2547 9125
2549 3194
2549 1425
2551 7203
2551 4984
2553 7645
2553 8980
2555 3105
2555 8158
2557 4059
2557 3717
2559 7643
2559 9420
2561 8890
2561 9110
2563 7890
2563 7452
2565 1514
2565 5897
2567 7326
2567 9622
2569 895
2569 5341
2571 6354
2571 9923
2573 6699
2573 8362
2575 6563
2575 9295
2577 4758
2577 5479
2579 3048
2579 6302
2581 9272
2581 1295
2583 6119
2583 2734
2585 1400
2585 6127
2587 6723
2587 2939
2589 9283
2589 3553
2591 5742
2591 1514
2593 7966
2593 219
2595 4966
2595 7959
2597 9215
2597 8854
2599 4591
2599 1390
2601 1194
2601 1672
2603 8651
2603 6839
2605 1434
2605 4821
2607 4219
2607 9756
2609 2333
2609 7863
2611 8331
2611 2958
2613 6510
2613 5270
2615 5355
2615 2726
2617 4474
2617 3729
2619 9765
2619 2081
2621 5941
2621 7960
2623 6086
2623 1474
2625 8965
2625 8662
2627 349
2627 4205
2629 6261
2629 3789
2631 6941
2631 7564
2633 8060
2633 588
2635 7420
2635 3463
2637 4602
2637 7067
2639 6516
2639 1635
2641 9020
2641 8195
2643 9745
2643 2629
2645 3428
2645 9632
2647 7999
2647 3715
2649 148
2649 3880
2651 8842
2651 6509
2653 5366
2653 2867
2655 1607
2655 2986
2657 2477
2657 541
2659 4214
2659 8741
2661 1292
2661 1157
2663 1648
2663 6557
2665 3054
2665 2053
2667 1811
2667 7149
2669 4819
2669 940
2671 1470
2671 5522
2673 2443
2673 3892
2675 2579
2675 2017
2677 2104
2677 764
2679 9304
2679 8038
2681 9207
2681 9295
2683 1763
2683 5396
2685 3991
2685 4932
2687 966
2687 3857
2689 1806
2689 9772
2691 2463
2691 8596
2693 4842
2693 3569
2695 8461
2695 3917
2697 6685
2697 2015
2699 2194
2699 4712
2701 5527
2701 9736
2703 7450
2703 338
2705 9109
2705 5375
2707 3509
2707 7630
2709 7238
2709 1150
2711 3153
2711 9515
2713 9198
2713 809
2715 8307
2715 3886
2717 8455
2717 4502
2719 6688
2719 6163
2721 9523
2721 3989
2723 129
2723 5243
2725 1817
2725 9986
2727 5580
2727 7472
2729 9570
2729 3606
2731 904
2731 729
2733 2874
2733 4752
2735 805
2735 1656
2737 8392
2737 2403
2739 623
2739 594
2741 7052
2741 3566
2743 742
2743 6213
2745 8929
2745 5501
2747 308
2747 9255
2749 2584
2749 8969
2751 8461
2751 596
2753 6239
2753 6490
2755 2880
2755 7656
2757 5349
2757 8466
2759 8786
2759 530
2761 1957
2761 882
2763 1368
2763 6086
2765 600
2765 8096
2767 4184
2767 3247
2769 1626
2769 361
2771 5537
2771 4815
2773 9665
2773 4467
2775 439
2775 4626
2777 874
2777 2233
2779 5038
2779 6219
2781 377
2781 3523
2783 5849
2783 8125
2785 8930
2785 8509
2787 1525
2787 5183
2789 3850
2789 2769
2791 4242
2791 2982
2793 5030
2793 2922
2795 1677
2795 2689
2797 6602
2797 7154
2799 7111
2799 5335
2801 4822
2801 2786
2803 4135
2803 3772
2805 4813
2805 4419
2807 7297
2807 7553
2809 5952
2809 9102
2811 5036
2811 3190
2813 9560
2813 5147
2815 2232
2815 2253
2817 8686
2817 6143
2819 63
2819 5002
2821 309
2821 390
2823 165
2823 2178
2825 9730
2825 9931
2827 9361
2827 9390
2829 8077
2829 3350
2831 2250
2831 2213
2833 7946
2833 1762
2835 2837
2835 4630
2837 3867
2837 914
2839 9760
2839 2423
2841 9288
2841 4954
2843 7301
2843 8239
2845 1642
2845 712
2847 3627
2847 7238
2849 1200
2849 9245
2851 5456
2851 8632
2853 7834
2853 4638
2855 6496
2855 1888
2857 7225
2857 6075
2859 3586
2859 2427
2861 6840
2861 2695
2863 8132
2863 4864
2865 1794
2865 5424
2867 5190
2867 1103
2869 946
2869 9710
2871 679
2871 3657
2873 174
2873 2382
2875 334
2875 219
2877 6657
2877 5730
2879 5579
2879 346
2881 4835
2881 6333
2883 9870
2883 7611
2885 2251
2885 1811
2887 2907
2887 8519
2889 5283
2889 9030
2891 7723
2891 5198
2893 1587
2893 6465
2895 4214
2895 8636
2897 8651
2897 8663
2899 5431
2899 9943
2901 2684
2901 8286
2903 1208
2903 5851
2905 5529
2905 6852
2907 3841
2907 1462
2909 8930
2909 8456
2911 6695
2911 810
2913 6778
2913 5054
2915 5209
2915 8117
2917 513
2917 8035
2919 7910
2919 6208
2921 6473
2921 5529
2923 37
2923 281
2925 9704
2925 9367
2927 2967
2927 9340
2929 123
2929 9325
2931 4683
2931 5953
2933 582
2933 4782
2935 6150
2935 5534
2937 690
2937 5251
2939 9270
2939 9393
2941 266
2941 6760
2943 7731
2943 483
2945 9920
2945 4533
2947 8643
2947 5159
2949 9485
2949 2424
2951 4558
2951 7262
2953 2022
2953 6790
2955 2033
2955 4863
2957 8495
2957 1691
2959 7881
2959 6145
2961 9016
2961 1863
2963 5458
2963 1867
2965 9903
2965 1554
2967 6158
2967 6432
2969 2810
2969 8072
2971 5158
2971 7764
2973 1524
2973 5095
2975 6215
2975 1693
2977 5077
2977 7850
2979 7320
2979 5308
2981 2160
2981 903
2983 4117
2983 1661
2985 2322
2985 6203
2987 8334
2987 3996
2989 7539
2989 1279
2991 8816
2991 9249
2993 2891
2993 2165
2995 3709
2995 3455
2997 4757
2997 6765
2999 4555
2999 132
3001 6722
3001 6263
3003 817
3003 6331
3005 8258
3005 2079
3007 7560
3007 2888
3009 7357
3009 3271
3011 2413
3011 875
3013 3410
3013 6655
3015 2421
3015 2515
3017 9509
3017 2967
3019 8397
3019 6377
3021 9332
3021 8787
3023 6873
3023 3230
3025 1190
3025 6193
3027 3014
3027 7696
3029 3363
3029 3974
3031 3824
3031 2681
3033 3819
3033 3835
3035 325
3035 1377
3037 3422
3037 1151
3039 5853
3039 6332
3041 3756
3041 8471
3043 3564
3043 3445
3045 7766
3045 4249
3047 8092
3047 1244
3049 6400
3049 6226
3051 3046
3051 8675
3053 1218
3053 3232
3055 2220
3055 6637
3057 2542
3057 1817
3059 180
3059 8746
3061 1583
3061 7793
3063 4391
3063 4640
3065 7843
3065 4159
3067 405
3067 7679
3069 3749
3069 5880
3071 2967
3071 3780
3073 3063
3073 8531
3075 9098
3075 8671
3077 8883
3077 4321
3079 459
3079 2359
3081 6925
3081 1166
3083 2450
3083 6401
3085 3981
3085 4074
3087 3733
3087 8136
3089 4542
3089 3394
3091 7525
3091 7516
3093 8728
3093 2863
3095 5695
3095 9214
3097 9879
3097 9568
3099 2141
3099 4814
3101 1194
3101 7068
3103 3877
3103 5854
3105 8560
3105 1599
3107 9417
3107 1778
3109 5927
3109 3207
3111 2960
3111 3029
3113 1052
3113 7589
3115 991
3115 5545
3117 5588
3117 3836
3119 876
3119 5736
3121 7820
3121 3685
3123 8464
3123 8441
3125 7589
3125 7947
3127 1610
3127 4216
3129 9642
3129 55
3131 9241
3131 14
3133 730
3133 283
3135 1961
3135 2059
3137 4292
3137 5417
3139 6098
3139 907
3141 8543
3141 5182
3143 3946
3143 7321
3145 5526
3145 2886
3147 6564
3147 8986
3149 8529
3149 6999
3151 1318
3151 6665
3153 6433
3153 9305
3155 570
3155 9239
3157 2834
3157 3195
3159 6907
3159 1141
3161 8506
3161 9308
3163 8889
3163 3260
3165 1481
3165 4944
3167 9698
3167 9158
3169 3273
3169 696
3171 5863
3171 3975
3173 4058
3173 2105
3175 9265
3175 8739
3177 224
3177 7651
3179 9801
3179 1721
3181 3783
3181 5388
3183 7951
3183 7411
3185 3343
3185 5767
3187 1731
3187 5946
3189 2510
3189 3386
3191 1812
3191 7093
3193 2360
3193 4448
3195 6204
3195 9000
3197 785
3197 658
3199 830
3199 5451
3201 4320
3201 5065
3203 958
3203 2369
3205 3155
3205 4071
3207 2508
3207 7710
3209 1192
3209 4577
3211 3167
3211 6020
3213 9170
3213 5714
3215 8300
3215 5625
3217 4503
3217 611
3219 4466
3219 7827
3221 4359
3221 3448
3223 1685
3223 4231
3225 8157
3225 8910
3227 3616
3227 249
3229 7403
3229 3758
3231 5986
3231 3934
3233 5752
3233 5243
3235 4994
3235 433
3237 1494
3237 8868
3239 4821
3239 7857
3241 7204
3241 5763
3243 7330
3243 4955
3245 5169
3245 5243
3247 8360
3247 746
3249 7148
3249 2941
3251 1141
3251 4624
3253 7183
3253 7239
3255 5496
3255 1761
3257 3935
3257 1894
3259 2349
3259 3801
3261 3701
3261 9082
3263 9200
3263 5164
3265 3196
3265 8481
3267 5741
3267 6839
3269 9028
3269 6630
3271 734
3271 5130
3273 8619
3273 4843
3275 7312
3275 6960
3277 6235
3277 3769
3279 2657
3279 649
3281 7565
3281 3021
3283 8767
3283 7494
3285 7201
3285 9531
3287 5311
3287 2608
3289 9449
3289 5966
3291 2039
3291 9953
3293 328
3293 7055
3295 2250
3295 3898
3297 8386
3297 2575
3299 4636
3299 7264
3301 2105
3301 5497
3303 4046
3303 3980
3305 1644
3305 8788
3307 2082
3307 8644
3309 6148
3309 9735
3311 5
3311 9041
3313 5355
3313 6020
3315 4146
3315 8611
3317 2693
3317 1302
3319 3318
3319 9239
3321 2271
3321 9517
3323 8055
3323 3868
3325 6029
3325 6664
3327 6447
3327 4144
3329 6979
3329 6963
3331 1044
3331 1690
3333 2789
3333 9504
3335 5900
3335 3170
3337 7155
3337 6278
3339 2878
3339 4071
3341 8403
3341 1677
3343 5318
3343 7217
3345 2570
3345 7765
3347 4407
3347 9946
3349 2427
3349 4760
3351 9868
3351 7276
3353 1781
3353 9818
3355 4446
3355 6223
3357 8292
3357 5295
3359 4537
3359 2634
3361 2739
3361 7146
3363 555
3363 6476
3365 7008
3365 9809
3367 6913
3367 869
3369 623
3369 605
3371 5472
3371 2726
3373 9420
3373 677
3375 269
3375 4361
3377 9277
3377 7097
3379 750
3379 3969
3381 2044
3381 3546
3383 8787
3383 6214
3385 2758
3385 8301
3387 2017
3387 2602
3389 8378
3389 4271
3391 2776
3391 3395
3393 373
3393 4763
3395 4731
3395 3259
3397 799
3397 454
3399 3892
3399 6640
3401 8359
3401 2732
3403 3518
3403 6982
3405 8269
3405 722
3407 9606
3407 4839
3409 7160
3409 5816
3411 9640
3411 4769
3413 6067
3413 1021
3415 8927
3415 2667
3417 727
3417 777
3419 4597
3419 6521
3421 3758
3421 4653
3423 4437
3423 1365
3425 3200
3425 7780
3427 7706
3427 9312
3429 6189
3429 55
3431 3493
3431 4763
3433 2624
3433 8427
3435 9856
3435 8436
3437 2928
3437 6410
3439 5456
3439 4121
3441 9544
3441 3193
3443 1757
3443 5887
3445 1555
3445 1213
3447 8851
3447 8141
3449 1282
3449 7258
3451 4975
3451 3498
3453 5512
3453 6890
3455 5085
3455 8744
3457 344
3457 2601
3459 2287
3459 3010
3461 6333
3461 6808
3463 8275
3463 9340
3465 4183
3465 4609
3467 178
3467 7220
3469 8501
3469 8194
3471 8774
3471 6712
3473 4730
3473 7425
3475 7377
3475 8514
3477 380
3477 1654
3479 3837
3479 843
3481 5397
3481 8392
3483 3557
3483 9956
3485 94
3485 8701
3487 9471
3487 2958
3489 1010
3489 5027
3491 6632
3491 1601
3493 564
3493 8252
3495 6768
3495 562
3497 8130
3497 2101
3499 1249
3499 7260
3501 4914
3501 7712
3503 2293
3503 4117
3505 7964
3505 7711
3507 5034
3507 8951
3509 4351
3509 9129
3511 1562
3511 1052
3513 7919
3513 1838
3515 9811
3515 8688
3517 7581
3517 9382
3519 8922
3519 5232
3521 4954
3521 9563
3523 5618
3523 891
3525 8139
3525 9597
3527 7241
3527 19
3529 1288
3529 8508
3531 3448
3531 4901
3533 7889
3533 1528
3535 9025
3535 9418
3537 6793
3537 8269
3539 7144
3539 9674
3541 2200
3541 3911
3543 5147
3543 2448
3545 1938
3545 9517
3547 7141
3547 6357
3549 1625
3549 8774
3551 6847
3551 8400
3553 4458
3553 8941
3555 6220
3555 7798
3557 1643
3557 8464
3559 3497
3559 1133
3561 4902
3561 8136
3563 9743
3563 7354
3565 766
3565 2039
3567 7549
3567 5815
3569 9245
3569 906
3571 7718
3571 6201
3573 1091
3573 7329
3575 4941
3575 9288
3577 6841
3577 4233
3579 1978
3579 4413
3581 4282
3581 7092
3583 3141
3583 1619
3585 4847
3585 8464
3587 9085
3587 4011
3589 1643
3589 2636
3591 8916
3591 2850
3593 504
3593 3841
3595 7179
3595 9087
3597 1109
3597 9604
3599 7501
3599 5807
3601 4966
3601 8969
3603 6790
3603 6923
3605 5200
3605 7059
3607 622
3607 2012
3609 6848
3609 5334
3611 2075
3611 7035
3613 3533
3613 6627
3615 4806
3615 1009
3617 4848
3617 344
3619 9981
3619 2572
3621 5500
3621 2222
3623 6744
3623 52
3625 7036
3625 4762
3627 4773
3627 6952
3629 3629
3629 6383
3631 1361
3631 1495
3633 1029
3633 8035
3635 933
3635 345
3637 7897
3637 7062
3639 1747
3639 2340
3641 5048
3641 2246
3643 6624
3643 8193
3645 7963
3645 1672
3647 6652
3647 2883
3649 7171
3649 7509
3651 6073
3651 6219
3653 2862
3653 9284
3655 3158
3655 6536
3657 2233
3657 8937
3659 802
3659 9345
3661 9596
3661 4091
3663 5576
3663 194
3665 8456
3665 9152
3667 4460
3667 6862
3669 5884
3669 3032
3671 813
3671 5206
3673 2752
3673 4296
3675 343
3675 2869
3677 5651
3677 7634
3679 3294
3679 2736
3681 8611
3681 8843
3683 1545
3683 9209
3685 3860
3685 4588
3687 1477
3687 5150
3689 9523
3689 5048
3691 5527
3691 9774
3693 7280
3693 8990
3695 5476
3695 9651
3697 5703
3697 8999
3699 7935
3699 7444
3701 3515
3701 9970
3703 2386
3703 871
3705 1814
3705 6101
3707 5978
3707 6425
3709 4504
3709 8396
3711 9428
3711 2396
3713 7607
3713 2503
3715 9111
3715 2119
3717 9835
3717 8162
3719 3406
3719 2038
3721 2471
3721 6692
3723 3826
3723 5594
3725 2911
3725 3666
3727 327
3727 2808
3729 987
3729 6478
3731 4892
3731 8769
3733 8520
3733 4879
3735 4703
3735 1749
3737 3010
3737 7456
3739 2518
3739 4000
3741 8448
3741 7575
3743 7355
3743 9446
3745 4103
3745 2170
3747 1940
3747 8372
3749 5360
3749 9565
3751 9819
3751 8837
3753 9289
3753 2743
3755 5434
3755 2915
3757 3939
3757 1582
3759 7665
3759 8582
3761 9453
3761 6370
3763 5891
3763 3721
3765 5927
3765 3022
3767 2434
3767 5097
3769 9562
3769 8384
3771 5518
3771 1089
3773 7986
3773 2619
3775 2573
3775 9060
3777 1796
3777 693
3779 3437
3779 5590
3781 9865
3781 7615
3783 9168
3783 3966
3785 2000
3785 539
3787 1964
3787 8232
3789 4334
3789 9431
3791 4668
3791 7774
3793 2244
3793 30
3795 3518
3795 5175
3797 2229
3797 622
3799 4252
3799 8034
3801 4165
3801 2323
3803 1171
3803 4309
3805 7682
3805 6662
3807 1464
3807 6150
3809 889
3809 7547
3811 933
3811 3694
3813 500
3813 6191
3815 6275
3815 5973
3817 665
3817 9636
3819 1821
3819 8569
3821 8351
3821 684
3823 8924
3823 9075
3825 277
3825 2079
3827 7476
3827 3936
3829 4110
3829 7084
3831 7260
3831 6404
3833 5353
3833 1511
3835 8700
3835 3218
3837 5541
3837 9782
3839 7711
3839 6380
3841 7752
3841 8460
3843 789
3843 9265
3845 7380
3845 9486
3847 942
3847 1173
3849 6831
3849 3216
3851 5663
3851 2084
3853 7240
3853 5271
3855 4525
3855 3709
3857 4238
3857 3083
3859 416
3859 4011
3861 8371
3861 6117
3863 7790
3863 5895
3865 3415
3865 8749
3867 7974
3867 2028
3869 2644
3869 3611
3871 6185
3871 8940
3873 1803
3873 8819
3875 7352
3875 5019
3877 4644
3877 8060
3879 5880
3879 6314
3881 9104
3881 852
3883 7227
3883 5618
3885 9974
3885 8905
3887 6609
3887 7494
3889 1382
3889 3896
3891 8169
3891 6565
3893 9474
3893 508
3895 9832
3895 6340
3897 3720
3897 995
3899 7825
3899 7346
3901 9768
3901 9313
3903 1579
3903 3211
3905 5708
3905 9624
3907 4717
3907 2920
3909 4363
3909 5407
3911 8282
3911 1328
3913 6464
3913 9370
3915 3876
3915 7014
3917 709
3917 8790
3919 8716
3919 8246
3921 8362
3921 4528
3923 6756
3923 4907
3925 8648
3925 5488
3927 8492
3927 1570
3929 2130
3929 548
3931 7362
3931 6939
3933 1498
3933 2
3935 2667
3935 958
3937 2759
3937 1687
3939 1982
3939 2118
3941 1270
3941 6410
3943 1254
3943 7731
3945 4725
3945 6882
3947 6878
3947 1356
3949 9909
3949 1928
3951 8101
3951 3845
3953 2478
3953 6936
3955 3421
3955 5978
3957 2009
3957 4679
3959 2704
3959 7622
3961 8252
3961 3252
3963 4616
3963 5
3965 3597
3965 6946
3967 2314
3967 8022
3969 1434
3969 4693
3971 5512
3971 7489
3973 4492
3973 9118
3975 7161
3975 1625
3977 6858
3977 6250
3979 8708
3979 7781
3981 789
3981 2922
3983 290
3983 7462
3985 9090
3985 3015
3987 8511
3987 8796
3989 6506
3989 2473
3991 2242
3991 4928
3993 2483
3993 3506
3995 4967
3995 101
3997 7954
3997 6797
3999 2020
3999 3869
4001 1806
4001 6331
4003 4989
4003 1600
4005 8213
4005 5993
4007 9353
4007 1682
4009 6691
4009 9842
4011 7021
4011 8565
4013 2772
4013 179
4015 2871
4015 8131
4017 111
4017 2955
4019 8052
4019 2407
4021 1885
4021 8692
4023 128
4023 2809
4025 8069
4025 801
4027 632
4027 126
4029 400
4029 9350
4031 3311
4031 2488
4033 8934
4033 8626
4035 1327
4035 3575
4037 141
4037 594
4039 2033
4039 6744
4041 7511
4041 5271
4043 5395
4043 9748
4045 7656
4045 1004
4047 5666
4047 1649
4049 5605
4049 652
4051 1022
4051 9882
4053 1571
4053 6084
4055 7451
4055 6673
4057 1715
4057 5132
4059 3684
4059 2106
4061 2663
4061 434
4063 371
4063 962
4065 3892
4065 7987
4067 2288
4067 4287
4069 957
4069 4824
4071 1470
4071 2793
4073 113
4073 6145
4075 8633
4075 6455
4077 7173
4077 3750
4079 4829
4079 248
4081 9317
4081 9705
4083 3920
4083 8938
4085 3417
4085 7013
4087 1282
4087 6606
4089 1078
4089 3739
4091 2997
4091 4541
4093 5993
4093 155
4095 5859
4095 5450
4097 60
4097 2152
4099 6286
4099 4459
4101 2658
4101 1038
4103 4165
4103 4216
4105 5068
4105 6946
4107 545
4107 3860
4109 9892
4109 9212
4111 8455
4111 854
4113 1784
4113 9111
4115 1873
4115 4644
4117 1345
4117 3808
4119 5858
4119 8056
4121 2314
4121 9885
4123 6386
4123 6490
4125 718
4125 473
4127 6511
4127 5377
4129 6634
4129 1940
4131 5894
4131 3087
4133 1023
4133 526
4135 2676
4135 139
4137 4
4137 3202
4139 402
4139 3258
4141 1622
4141 1441
4143 3527
4143 3241
4145 3378
4145 4461
4147 1647
4147 3622
4149 1210
4149 6473
4151 5170
4151 9768
4153 4846
4153 1017
4155 7455
4155 4303
4157 5322
4157 339
4159 2540
4159 4939
4161 3404
4161 9525
4163 408
4163 3795
4165 9429
4165 7217
4167 7069
4167 3031
4169 1663
4169 9136
4171 3116
4171 2900
4173 8476
4173 5467
4175 1845
4175 9183
4177 4073
4177 7828
4179 2843
4179 482
4181 8931
4181 2922
4183 7716
4183 3623
4185 1567
4185 6728
4187 9240
4187 7250
4189 9045
4189 7054
4191 9672
4191 9576
4193 7171
4193 1729
4195 6882
4195 8625
4197 5516
4197 4513
4199 7641
4199 7743
4201 6833
4201 9775
4203 2644
4203 4660
4205 2094
4205 3190
4207 8237
4207 563
4209 4908
4209 6417
4211 6317
4211 2165
4213 9986
4213 2119
4215 8990
4215 1771
4217 6859
4217 6890
4219 6804
4219 816
4221 7775
4221 3015
4223 8245
4223 7285
4225 989
4225 9620
4227 7538
4227 5166
4229 6514
4229 5013
4231 1520
4231 7508
4233 4452
4233 435
4235 3872
4235 8913
4237 8319
4237 4958
4239 648
4239 2093
4241 4826
4241 7131
4243 5960
4243 2302
4245 3051
4245 7848
4247 2126
4247 1557
4249 7672
4249 1945
4251 9914
4251 6971
4253 7399
4253 2835
4255 8552
4255 1308
4257 8122
4257 686
4259 6941
4259 9021
4261 2921
4261 6592
4263 5773
4263 9981
4265 8988
4265 7213
4267 4167
4267 5592
4269 5378
4269 3358
4271 7680
4271 5390
4273 228
4273 1246
4275 2816
4275 8597
4277 2357
4277 5319
4279 7939
4279 6446
4281 1370
4281 1605
4283 2253
4283 5592
4285 6625
4285 2847
4287 804
4287 332
4289 4159
4289 673
4291 5303
4291 1660
4293 1031
4293 6336
4295 6406
4295 9198
4297 623
4297 4719
4299 2258
4299 8278
4301 2739
4301 702
4303 7142
4303 8270
4305 5255
4305 6933
4307 7653
4307 9660
4309 9935
4309 4958
4311 6062
4311 7399
4313 6265
4313 3363
4315 8393
4315 2637
4317 2265
4317 3324
4319 190
4319 9502
4321 33
4321 9246
4323 6454
4323 6609
4325 3230
4325 2297
4327 2351
4327 7535
4329 1303
4329 3318
4331 1314
4331 8889
4333 6317
4333 1171
4335 3337
4335 4411
4337 2367
4337 4302
4339 5201
4339 203
4341 648
4341 9032
4343 9903
4343 439
4345 4712
4345 4265
4347 6705
4347 9679
4349 3008
4349 6523
4351 534
4351 3278
4353 695
4353 3446
4355 6809
4355 87
4357 9524
4357 3605
4359 1686
4359 4762
4361 8944
4361 3413
4363 6328
4363 8907
4365 125
4365 6313
4367 9917
4367 2311
4369 3920
4369 5597
4371 8197
4371 7474
4373 9558
4373 43
4375 8131
4375 6920
4377 8759
4377 2063
4379 6465
4379 6815
4381 9403
4381 1791
4383 4295
4383 731
4385 9121
4385 4373
4387 9422
4387 8798
4389 9238
4389 818
4391 2241
4391 6062
4393 6852
4393 2443
4395 2679
4395 8197
4397 250
4397 6869
4399 8045
4399 3189
4401 73
4401 1273
4403 2347
4403 337
4405 6230
4405 8505
4407 1361
4407 7074
4409 2511
4409 8827
4411 9269
4411 5065
4413 651
4413 715
4415 2963
4415 8419
4417 4833
4417 7007
4419 2666
4419 8107
4421 4718
4421 6065
4423 3211
4423 8666
4425 377
4425 1499
4427 1249
4427 7814
4429 6906
4429 9536
4431 7972
4431 760
4433 9116
4433 522
4435 320
4435 4429
4437 2426
4437 7146
4439 2620
4439 9072
4441 1875
4441 9184
4443 6301
4443 9139
4445 7863
4445 7402
4447 6197
4447 1556
4449 2442
4449 5556
4451 2364
4451 8591
4453 6157
4453 5024
4455 5829
4455 2281
4457 6434
4457 4265
4459 5221
4459 4185
4461 6986
4461 4454
4463 9684
4463 9296
4465 2389
4465 6423
4467 6755
4467 8360
4469 3130
4469 4752
4471 1466
4471 5209
4473 6217
4473 2123
4475 4583
4475 8441
4477 6458
4477 5973
4479 3657
4479 7178
4481 191
4481 4614
4483 3093
4483 6749
4485 8524
4485 2974
4487 9198
4487 5828
4489 6920
4489 3677
4491 8252
4491 1771
4493 4754
4493 6550
4495 6570
4495 3818
4497 6763
4497 501
4499 371
4499 4114
4501 1962
4501 208
4503 4346
4503 5054
4505 7198
4505 6337
4507 5123
4507 8636
4509 2017
4509 3803
4511 5923
4511 2841
4513 9025
4513 1838
4515 9260
4515 8417
4517 2741
4517 5090
4519 2428
4519 4093
4521 5791
4521 6815
4523 9992
4523 496
4525 2219
4525 6620
4527 8037
4527 3836
4529 7613
4529 1571
4531 6142
4531 6550
4533 4114
4533 7315
4535 3338
4535 6745
4537 4142
4537 5662
4539 7094
4539 2463
4541 7758
4541 5699
4543 5890
4543 9488
4545 3628
4545 1877
4547 6904
4547 8741
4549 183
4549 753
4551 2971
4551 3440
4553 1339
4553 2276
4555 3202
4555 9292
4557 7224
4557 7108
4559 3577
4559 8226
4561 9426
4561 4215
4563 8894
4563 1224
4565 436
4565 2833
4567 9726
4567 9694
4569 6360
4569 755
4571 5446
4571 8279
4573 8219
4573 9142
4575 103
4575 5906
4577 1252
4577 6902
4579 6959
4579 6329
4581 239
4581 3571
4583 9434
4583 2285
4585 1465
4585 7066
4587 104
4587 8355
4589 6247
4589 7490
4591 1899
4591 1200
4593 3939
4593 3475
4595 6617
4595 5109
4597 6961
4597 1090
4599 2371
4599 5090
4601 6309
4601 5650
4603 1275
4603 3001
4605 2853
4605 2145
4607 3854
4607 3480
4609 2055
4609 359
4611 4293
4611 3108
4613 1067
4613 4539
4615 2444
4615 9400
4617 1296
4617 2459
4619 298
4619 7479
4621 6443
4621 8997
4623 9009
4623 9051
4625 1613
4625 1128
4627 6713
4627 9534
4629 9181
4629 3834
4631 3897
4631 8480
4633 7023
4633 448
4635 727
4635 2195
4637 6142
4637 6897
4639 9582
4639 4719
4641 4759
4641 1518
4643 9610
4643 4705
4645 7793
4645 1562
4647 4099
4647 6777
4649 8716
4649 1928
4651 2251
4651 4775
4653 4112
4653 6965
4655 2635
4655 8622
4657 8956
4657 3615
4659 5988
4659 7704
4661 8026
4661 744
4663 5990
4663 2804
4665 5604
4665 9341
4667 6860
4667 4817
4669 615
4669 2257
4671 134
4671 9714
4673 6328
4673 9718
4675 8484
4675 6461
4677 422
4677 5704
4679 959
4679 502
4681 7937
4681 8936
4683 9145
4683 2106
4685 5059
4685 5419
4687 6523
4687 7646
4689 6158
4689 4703
4691 398
4691 7737
4693 7241
4693 100
4695 4589
4695 1175
4697 7984
4697 88
4699 8467
4699 552
4701 8849
4701 1191
4703 7838
4703 6860
4705 8435
4705 2839
4707 2630
4707 7656
4709 5875
4709 8362
4711 3243
4711 4837
4713 6194
4713 8501
4715 5091
4715 1137
4717 6245
4717 2071
4719 2230
4719 785
4721 3560
4721 5200
4723 5987
4723 4310
4725 2724
4725 9549
4727 70
4727 1441
4729 7919
4729 3899
4731 6574
4731 6995
4733 3639
4733 4470
4735 9342
4735 7285
4737 2604
4737 5771
4739 5842
4739 8044
4741 875
4741 5906
4743 6431
4743 3095
4745 4360
4745 6073
4747 4463
4747 3520
4749 7716
4749 5528
4751 7004
4751 9033
4753 7647
4753 6085
4755 2540
4755 4306
4757 7313
4757 2950
4759 7295
4759 469
4761 2471
4761 1270
4763 9795
4763 9041
4765 1507
4765 6663
4767 4837
4767 9998
4769 6585
4769 9971
4771 5027
4771 947
4773 4049
4773 8064
4775 7352
4775 6248
4777 2678
4777 9009
4779 9454
4779 4498
4781 8991
4781 1245
4783 7520
4783 3872
4785 9067
4785 9613
4787 7650
4787 5564
4789 970
4789 8709
4791 1991
4791 5710
4793 3226
4793 8737
4795 9055
4795 3940
4797 1778
4797 3882
4799 2960
4799 4019
4801 1640
4801 7968
4803 8704
4803 1281
4805 2446
4805 1933
4807 1532
4807 4075
4809 4704
4809 307
4811 7384
4811 8498
4813 6316
4813 6322
4815 1885
4815 6808
4817 7824
4817 8848
4819 1656
4819 3978
4821 5152
4821 9232
4823 3121
4823 7839
4825 1214
4825 4345
4827 2989
4827 5010
4829 2798
4829 467
4831 9404
4831 8516
4833 6579
4833 7059
4835 9636
4835 9807
4837 6984
4837 2536
4839 1281
4839 7289
4841 5840
4841 196
4843 2057
4843 298
4845 7872
4845 336
4847 7626
4847 6890
4849 514
4849 5389
4851 238
4851 3387
4853 1782
4853 1438
4855 6349
4855 6720
4857 2838
4857 4668
4859 6109
4859 7195
4861 8673
4861 3944
4863 960
4863 9864
4865 7240
4865 813
4867 2164
4867 3729
4869 6854
4869 5432
4871 8211
4871 4784
4873 8446
4873 3009
4875 5023
4875 8757
4877 8867
4877 727
4879 980
4879 9759
4881 2457
4881 519
4883 2283
4883 8629
4885 5620
4885 7136
4887 6714
4887 6684
4889 1792
4889 6986
4891 9142
4891 8367
4893 842
4893 6352
4895 6882
4895 2694
4897 1215
4897 745
4899 3490
4899 4653
4901 1480
4901 7847
4903 2604
4903 3825
4905 4838
4905 2768
4907 7419
4907 3158
4909 6504
4909 7214
4911 1917
4911 3847
4913 8589
4913 2870
4915 3372
4915 1518
4917 4042
4917 1395
4919 5198
4919 5376
4921 1028
4921 4481
4923 8177
4923 104
4925 7159
4925 4112
4927 5243
4927 5801
4929 7150
4929 9772
4931 3783
4931 9146
4933 3308
4933 1919
4935 9284
4935 7466
4937 5402
4937 2697
4939 7259
4939 2989
4941 7823
4941 2739
4943 4332
4943 1116
4945 5543
4945 1218
4947 7778
4947 815
4949 2636
4949 1486
4951 3054
4951 7733
4953 6900
4953 2347
4955 940
4955 9066
4957 5766
4957 1912
4959 6673
4959 3751
4961 1969
4961 4869
4963 7321
4963 1185
4965 2341
4965 5758
4967 912
4967 203
4969 2110
4969 2380
4971 8043
4971 9153
4973 4127
4973 1174
4975 7962
4975 2858
4977 343
4977 1969
4979 3011
4979 1266
4981 7718
4981 9723
4983 719
4983 8102
4985 4628
4985 4764
4987 3250
4987 8686
4989 8177
4989 1605
4991 5863
4991 9157
4993 7489
4993 1990
4995 9227
4995 1403
4997 3103
4997 4091
4999 9583
5000 9385
5001 5535
5002 8892
5001 6381
5002 2222
5004 7889
5005 6206
5005 259
5008 4144
5009 77
5007 5485
5001 6682
5011 6007
5000 5338
5002 1221
5010 2615
5008 2638
5009 1064
5005 90
5001 731
5006 1120
5013 7040
5013 4319
5016 9239
5010 8771
5007 1490
5011 584
5003 9682
5007 3203
5025 7250
5021 5276
5028 1957
5032 607
5014 4507
5017 2341
5000 8436
5012 5211
5003 3726
5032 7166
5016 33
5010 139
5032 3442
5022 8326
5000 2777
5010 8515
5039 6862
5036 2897
5006 9001
5008 392
5044 7923
5003 4470
5028 595
5016 8925
5010 9349
5039 3725
5016 5566
5011 8640
5002 4305
5031 4975
5033 9715
5010 4793
5048 5414
5038 9590
5036 3463
5018 4926
5057 1213
5064 4236
5051 5864
5067 8126
5016 8566
5041 1333
5033 2063
5060 7033
5071 7120
5005 4704
5022 3808
5003 543
5037 7551
5075 6868
5006 7792
5030 3070
5076 5127
5071 3422
5070 316
5043 1677
5073 3817
5004 5066
5030 331
5010 8197
5087 3789
5006 6900
5038 5625
5014 4512
5074 4292
5012 5442
5093 3383
5060 5417
5005 9197
5046 3298
5021 1401
5049 7696
5000 1705
5083 864
5033 6598
5081 5885
5040 2956
5070 7992
5099 7852
5048 1084
5030 4524
5006 9292
5075 8520
5002 1313
5057 9131
5113 7365
5107 6956
5062 5012
5032 3190
5013 1651
5102 8119
5020 5774
5051 5038
5073 1649
5000 7404
5118 525
5002 1663
5070 7543
5014 7466
5042 3294
5100 7427
5109 6224
5042 9344
5113 5394
5017 6365
5103 1660
5131 4335
5047 5145
5002 2228
5018 1924
5001 7265
5133 3824
5023 2043
5138 8010
5113 7354
5135 1489
5012 1541
5046 2363
5114 6176
5094 2860
5078 6157
5094 7607
5122 3660
5070 9250
5072 8906
5078 824
5037 7039
5110 8809
5104 1757
5116 7121
5120 17
5088 6637
5098 738
5072 9033
5070 8143
5078 8970
5164 2653
5079 9242
5150 3252
5082 2302
5024 5541
5059 3043
5114 6445
5139 2457
5019 6629
5097 3
5000 8341
5119 9308
5036 342
5102 4824
5137 1901
5112 359
5082 6786
5071 1641
5151 2357
5182 6235
5045 9588
5067 4265
5120 7739
5163 1878
5109 6332
5156 5563
5122 1091
5032 1108
5150 1642
5118 8124
5030 6398
5134 7700
5027 4807
5024 9342
5021 4223
5198 7770
5040 2793
5134 5555
5011 3543
5005 7005
5091 8425
5011 1452
5060 4516
5030 1342
5087 9852
5042 5154
5201 8145
5166 365
5072 8687
5101 175
5206 2043
5163 1856
5017 1883
5061 4267
5155 5283
5148 8812
5034 5594
5194 7638
5205 8372
5178 5567
5026 7287
5093 2228
5114 2371
5139 7492
5199 7136
5097 9968
5206 1533
5111 7325
5079 5829
5199 1530
5084 141
5081 1383
5019 3081
5167 6111
5164 7061
5006 4677
5157 7683
5046 6022
5176 5013
5016 6655
5121 770
5031 3375
5020 9676
5019 3332
5058 9837
5037 5539
5182 1186
5162 1211
5002 5631
5163 8501
5199 5722
5204 2457
5027 8003
5053 6373
5124 8343
5069 3301
5054 2591
5049 3079
5196 1754
5206 3090
5087 2251
5163 4904
5028 6247
5171 3592
5079 845
5045 6488
5165 4903
5109 9866
5158 1523
5258 4528
5192 5544
5029 5328
5087 478
5227 9173
5272 9972
5270 318
5157 2417
5172 9471
5103 9533
5154 5654
5048 7523
5241 541
5281 6108
5042 2892
5002 8516
5179 3390
5112 79
5127 408
5094 3922
5108 6417
5022 2770
5150 3861
5000 2044
5220 5625
5182 2982
5262 4442
5166 9027
5274 5685
5021 4665
5150 5415
5205 4847
5235 3796
5282 3794
5070 4559
5060 1627
5164 7839
5159 1201
5200 5439
5261 7118
5288 2888
5216 7055
5316 4028
5047 3302
5295 5365
5080 867
5185 6449
5181 7069
5301 6905
5229 9898
5079 7428
5041 5692
5306 3355
5309 755
5273 5714
5316 8179
5122 9797
5321 3011
5154 3341
5232 5578
5061 1449
5278 6347
5120 9219
5104 3562
5274 6241
5234 9751
5041 6079
5306 4356
5309 4780
5128 1887
5344 3338
5127 7958
5101 2324
5077 8433
5093 143
5294 5436
5333 1434
5117 7621
5340 2896
5064 7438
5026 1339
5147 9931
5251 2602
5148 5330
5223 2392
5095 1596
5076 960
5190 2057
5214 412
5232 8401
5038 7063
5244 5129
5309 8503
5025 2621
5030 4230
5045 9842
5183 8384
5088 4286
5261 4073
5239 5276
5300 1695
5152 7023
5364 6175
5099 3481
5107 4911
5278 30
5207 2249
5361 7820
5207 6280
5173 5036
5238 1261
5153 9076
5322 9219
5198 6947
5109 942
5243 8130
5234 2396
5021 6331
5319 6425
5061 9413
5064 7115
5337 5818
5299 9094
5368 2762
5267 4374
5359 9009
5001 5413
5005 7057
5381 7688
5114 4237
5123 4767
5162 2600
5253 4431
5005 240
5105 1181
5068 3682
5083 8837
5175 2048
5075 6490
5048 3220
5034 6544
5119 8738
5304 1600
5408 3767
5138 5916
5285 5160
5000 9085
5161 4778
5142 7790
5253 626
5396 849
5022 2119
5225 9705
5147 2529
5330 9228
5004 5791
5249 6672
5309 5529
5023 9989
5250 4766
5124 6824
5421 9038
5302 8840
5338 706
5433 1315
5402 7154
5327 8227
5215 1723
5428 6328
5050 9845
5147 9689
5438 7830
5314 3941
5240 1042
5110 4026
5212 4286
5212 4682
5151 6651
5013 6233
5097 8608
5379 4392
5231 9857
5016 640
5178 9648
5373 7336
5451 4883
5307 4550
5047 2473
5281 5011
5183 2488
5213 8024
5232 2256
5309 8425
5349 4534
5275 3475
5006 2572
5437 582
5408 1495
5041 2044
5251 7465
5190 8217
5265 8743
5413 2054
5284 9657
5011 3901
5175 1398
5403 3215
5085 9787
5124 6829
5411 1364
5271 6525
5485 3742
5430 7382
5009 1593
5427 120
5076 4796
5032 19
5266 6374
5327 5923
5312 3475
5248 7548
5074 3970
5168 8880
5314 6757
5251 7761
5236 8802
5152 2660
5451 2615
5185 1095
5094 4879
5334 7205
5077 8558
5473 6961
5205 375
5442 8308
5171 2343
5469 3248
5232 1404
5044 8095
5476 2221
5096 8032
5143 3462
5267 2856
5245 5635
5381 6711
5242 5980
5062 1853
5372 2835
5516 2626
5499 6966
5394 7742
5231 411
5189 8045
5006 5899
5223 8829
5384 3085
5033 705
5466 312
5013 4313
5155 6782
5514 6423
5086 4559
5277 1175
5340 4489
5313 9861
5388 3247
5481 9487
5129 9377
5126 6363
5106 4671
5254 1531
5067 2546
5193 9239
5077 474
5467 3715
5504 1937
5072 6831
5327 526
5424 3200
5403 1418
5033 1510
5315 7964
5306 6692
5222 6322
5555 9645
5354 7896
5195 7232
5406 8242
5092 5506
5155 3400
5386 7298
5215 8495
5521 7864
5527 7161
5105 8269
5025 6486
5473 9107
5125 1682
5184 4026
5124 173
5345 5370
5097 7293
5310 9729
5004 7106
5481 4003
5275 4980
5350 3306
5491 7633
5337 3217
5255 737
5200 1026
5434 5925
5505 1246
5494 2581
5331 7275
5479 9744
5034 5026
5430 3103
5130 7398
5253 4635
5209 5625
5423 5576
5030 6235
5171 5659
5309 3089
5465 49
5489 1708
5197 2334
5177 9830
5424 7820
5506 3070
5063 9442
5125 6384
5146 3924
5507 5087
5064 7554
5268 5423
5068 8783
5567 996
5374 9664
5457 7300
5231 2044
5119 6258
5434 144
5528 6191
5185 1530
5319 9984
5045 6386
5122 4566
5551 9528
5114 6828
5080 3964
5092 9560
5420 969
5139 7842
5545 9257
5282 5035
5508 2108
5554 1773
5386 1702
5000 8883
5426 721
5136 4058
5518 4065
5125 991
5353 1172
5490 5057
5318 358
5160 5328
5288 4593
5362 2107
5007 7950
5137 7685
5151 9042
5560 78
5498 1721
5530 1676
5204 2283
5236 1493
5467 1703
5293 7574
5308 1929
5250 9310
5600 1767
5085 1128
5344 3604
5027 4959
5546 215
5128 306
5143 9088
5187 4788
5593 6575
5168 2953
5198 3727
5176 1157
5603 6971
5273 2557
5364 1005
5441 5330
5304 6028
5474 2423
5244 2855
5382 1506
5178 6836
5480 3710
5256 4923
5609 4402
5591 3064
5525 4930
5064 2132
5159 5734
5594 2182
5603 8339
5059 1194
5194 5445
5517 9016
5386 8864
5024 6315
5530 2127
5287 7204
5062 8324
5298 7076
5654 9045
5345 7801
5525 8738
5003 9531
5246 2124
5356 489
5606 4277
5620 1150
5392 5323
5651 8416
5325 8621
5279 3766
5672 7682
5156 6683
5401 209
5514 508
5665 5850
5327 7138
5120 6761
5541 5461
5274 9538
5236 8600
5086 8286
5283 7525
5607 3147
5334 7243
5133 4591
5016 6552
5078 6839
5519 8310
5548 5762
5057 9357
5520 2291
5687 1392
5114 4468
5150 3989
5642 3700
5673 6920
5620 7970
5536 602
5641 7797
5329 6411
5559 2873
5468 2382
5316 4026
5594 2483
5692 5984
5632 1421
5131 5599
5518 8856
5718 6259
5082 9146
5248 9969
5195 7197
5145 5997
5560 6387
5624 7255
5467 6406
5214 9570
5098 6638
5586 1426
5527 1927
5111 2096
5590 5653
5326 4415
5110 2891
5578 1294
5100 4723
5088 9703
5632 4057
5407 2323
5705 1794
5507 5302
5438 9444
5467 7116
5680 5895
5122 7730
5341 34
5322 2832
5032 935
5006 6347
5372 6074
5587 3869
5634 1766
5278 6210
5642 5672
5093 8392
5465 1534
5208 4657
5689 3613
5125 1933
5421 3258
5348 2258
5368 2630
5595 5269
5581 8036
5661 538
5214 4399
5706 5467
5175 9078
5475 5815
5559 6386
5553 8504
5468 9449
5670 1638
5669 3035
5244 6480
5719 7216
5170 3125
5756 4639
5075 7785
5453 530
5232 1477
5396 7251
5297 1327
5302 3367
5603 4872
5069 5474
5076 9162
5034 6771
5754 7453
5750 2048
5464 2177
5346 2912
5681 3247
5769 5383
5679 4506
5518 7107
5734 7442
5155 1615
5314 6992
5359 2759
5280 8748
5020 6717
5308 7383
5794 2131
5723 7241
5300 5295
5457 5692
5565 5156
5550 6249
5508 4794
5522 2679
5660 7737
5729 6580
5621 9659
5591 3244
5735 9714
5027 5137
5712 7176
5481 6816
5192 5468
5805 2448
5497 3614
5177 1242
5308 8126
5022 6554
5669 7730
5585 1595
5244 9100
5688 2198
5289 9129
5065 525
5742 5847
5063 7429
5372 9116
5135 9237
5408 963
5638 4929
5391 1934
5051 7312
5434 1283
5861 24
5289 518
5600 3589
5606 6804
5522 5037
5684 1814
5630 6817
5240 5748
5460 4590
5228 3229
5534 9626
5727 8566
5659 6796
5751 7344
5019 9565
5488 9386
5860 7351
5443 4965
5283 632
5008 2891
5489 4033
5579 8632
5769 9357
5616 8226
5805 2265
5382 3409
5746 2509
5111 9104
5765 9650
5297 1486
5336 1992
5789 505
5559 6964
5369 9353
5196 7094
5715 6369
5370 8499
5898 7400
5307 678
5624 7860
5011 2984
5705 7590
5770 8636
5478 4416
5066 787
5558 9933
5487 8396
5519 8276
5529 5940
5748 4272
5085 4019
5020 6762
5242 9120
5113 8149
5514 5670
5574 9338
5194 8915
5803 9190
5163 5451
5027 5231
5487 7436
5678 7270
5606 2746
5058 7080
5280 3397
5169 2672
5039 9532
5650 9531
5634 5050
5418 9069
5022 4207
5489 7795
5196 9264
5183 9232
5226 3307
5885 4134
5689 8549
5746 2073
5130 3250
5707 9746
5428 8277
5792 2972
5821 1630
5640 1078
5856 5932
5200 6259
5331 4263
5091 7963
5816 7367
5526 1610
5574 9102
5563 165
5357 7359
5867 5190
5862 8007
5551 3918
5353 1977
5763 5293
5886 7980
5849 9822
5542 2226
5541 6578
5825 8185
5673 7673
5820 3788
5413 4426
5851 5823
5380 7608
5515 9409
5511 8003
5016 6326
5313 8053
5567 7379
5912 8612
5228 3091
5559 5901
5276 5181
5645 2005
5947 9292
5848 2346
5560 976
5897 7678
5186 4376
5428 3676
5772 5465
5929 5791
5012 8171
5416 783
5504 6487
5281 3620
5968 1840
5239 1065
5352 4731
5355 8574
5542 8811
5586 5558
5438 4618
5998 4939
5257 3653
5716 2870
5599 8933
5482 2922
5616 8840
5316 9576
5142 6689
5830 503
5610 1818
5494 8748
5971 8348
5426 3497
5556 1210
5807 4596
5412 7885
5011 922
5850 1693
5916 7610
6018 3400
5346 2123
5525 9452
5403 888
5034 412
5969 5585
5722 4675
5595 8233
5454 5222
5223 8022
5045 4587
5364 1748
5995 2509
5992 6090
5214 281
5394 320
5801 6846
5497 8103
5375 8901
5662 7291
5533 9734
5517 6939
5480 7824
5465 8706
5180 942
5529 9690
5272 2515
5548 640
6016 583
5265 282
5204 7014
5217 9017
5515 1527
5025 9379
5292 5163
6057 560
5102 4921
5436 1795
5016 8034
5036 4621
5035 4334
5445 1290
5227 4981
6034 7094
6054 6306
5630 3448
5451 7373
5535 1831
5028 4631
5835 5104
5990 3427
6063 4473
5447 3520
5109 3081
5745 3734
6005 5053
5664 9417
5125 2815
6079 1377
5182 4924
5485 5867
5394 4735
5206 3516
6023 8338
5664 4097
5796 2332
5703 261
5693 8871
5276 9643
5619 2366
5977 3135
5797 2438
5525 4449
5714 187
5093 5937
6075 4600
5932 7833
5178 5063
5713 3557
5848 798
5414 5289
5418 5017
5042 419
5553 4279
5938 1637
5879 4704
5693 1676
6109 943
5161 8384
5281 1342
6049 2571
5172 9521
5492 4752
5748 7902
6118 1707
5139 1728
5419 6015
5087 39
5466 4544
5845 2740
5517 5488
5732 6971
5762 1181
5335 3059
5923 8073
5509 609
5113 7621
6066 6173
5634 7995
5504 1663
5628 7797
5526 3974
5427 5487
5553 9667
5973 7522
5014 3711
5583 3810
5228 5363
5481 120
5934 5833
5594 9621
5603 4727
5114 5856
5901 9535
5995 8112
5426 1987
5948 308
5282 1901
5989 7002
6061 4930
5574 9405
6150 759
5647 1041
5878 3255
6089 8322
5502 2181
5954 2754
5582 9558
5896 252
5069 1570
5574 5063
5004 8765
6031 9737
5902 9412
5120 4318
6028 5305
5865 470
5840 5945
5145 7881
5349 2426
5614 5602
5344 3563
6002 5627
5612 2409
5208 8269
5798 3390
5288 4895
5114 2844
5193 7594
5934 901
5966 9177
5066 6554
6085 5545
6186 9482
6184 2845
5734 5189
5349 6040
5239 3408
5605 5858
5172 9021
5626 3458
5666 7629
5413 8611
5294 531
5851 6842
5391 8635
5763 7039
5905 6533
5030 753
6006 6656
6137 8003
5520 1169
6176 2052
5834 4376
5559 3232
5372 2895
5101 6137
6210 8274
5800 7877
6038 3645
5607 3088
5007 5669
5824 8193
6036 8038
5643 5467
5889 9888
5279 3655
5436 715
6177 7418
5070 3733
5093 3025
5031 6583
5857 7672
5035 3884
5868 3741
5703 1222
5849 4264
5733 2768
5844 1764
6027 7471
5980 3647
5716 8348
5557 8929
5770 7787
5838 4443
5700 4931
6036 725
6091 9167
5569 9491
5570 2004
5373 9075
5433 7871
5094 9055
5973 7914
6128 6918
5040 8251
5195 9108
5544 4243
5622 1724
5539 7687
6113 1847
5179 7993
5825 5638
5271 2915
5606 3150
5914 7255
5961 6214
5002 3011
5657 8324
5656 9817
5167 4660
6238 1416
5213 2167
5671 3036
6228 3691
6209 765
5734 7703
5242 145
6177 5877
6107 9662
5021 248
5245 3240
5759 3568
6239 287
5263 7330
5423 6466
6061 7069
6231 4074
6216 2785
5091 4599
5376 5295
6148 9207
5088 5233
6046 5871
5563 8150
6096 9883
6133 3117
5585 4605
5734 2586
5517 9768
5470 338
5467 9293
6021 1615
5653 5217
5476 9980
5727 6199
5794 1726
5870 4866
5356 7612
5094 9157
5905 9150
5858 2110
5088 7759
5531 6154
5562 8424
5330 9087
5432 7286
6148 1853
5587 2374
5389 4946
5355 8986
6251 8680
5098 776
5623 6562
5691 698
6103 9340
5583 6164
5468 4727
5844 8617
5435 8694
5963 6378
5093 5465
5813 7113
5053 3955
6176 7463
5786 9463
5893 3290
5160 1440
5609 4062
5718 826
5016 8141
6058 3589
6209 3242
5525 2187
5184 1080
5297 4864
5895 1602
5158 5286
6274 3883
5980 5737
5176 9635
5588 3021
6182 7055
5788 9803
5041 552
6103 5313
5354 635
6224 9670
6070 9746
6060 4986
6110 2415
5752 7957
5676 2877
5318 6946
5964 7650
5658 4178
5884 3453
6345 18
5966 2039
5718 4399
5352 3432
5917 665
5021 1284
5407 3352
5017 419
6092 642
5054 4544
5976 3751
5432 3287
5164 9840
6242 3732
6261 2263
6313 2194
6360 4883
5283 1503
5597 9295
6376 2661
5020 8148
5816 4268
5486 8100
5440 7458
5511 566
5378 9387
5869 6690
5615 2673
5515 5086
5157 1449
6136 4468
6083 6591
6220 9066
5371 5031
5394 6070
5753 2141
5646 6057
5374 2748
5417 4388
5306 2450
6148 9880
5854 9485
5418 6517
5079 9833
6219 8093
5948 7990
5292 2999
5693 163
6204 5449
5944 3375
6387 8169
5459 749
5829 3838
6247 4986
5266 4028
5277 2755
6357 1273
5440 2879
5686 9618
5792 6380
5189 354
5193 8766
5705 9506
5839 8186
5042 3999
5005 4710
5981 6897
5816 3942
6015 6952
5595 7665
6006 8208
5871 110
6332 5570
5108 593
5081 7018
6380 9937
6286 7570
5048 8011
5179 3597
5947 3121
5190 3392
5363 4132
5095 1818
6381 5972
5396 6711
5987 9029
5298 6584
5616 8244
5635 7020
6146 2348
5633 1999
5742 5370
6198 4324
5243 6578
5147 3157
5078 4140
6382 3284
5600 8108
5872 2723
5743 1795
5897 6264
5080 3622
5194 7606
5865 5197
6333 9665
6098 2329
5794 3085
5956 7103
5984 7769
5313 1997
6325 5482
5399 7625
6068 1813
6045 3001
6134 7306
6244 4534
6191 9644
5855 5309
5767 1407
5959 1458
5569 3639
6131 5529
5079 3022
5128 8958
6237 4785
5239 5898
5913 5561
6209 5246
5587 3027
5569 3211
5952 7513
5444 1274
6157 6624
5989 7580
6028 1101
5228 7427
5005 9442
5907 6699
5993 8272
5130 6023
5568 9857
6288 7513
5353 7057
5827 646
6261 8645
5714 9958
5285 8905
5903 9699
6312 7680
5697 4199
5445 6187
5754 6442
6415 1613
6140 8685
5190 6108
6451 7584
6069 7770
5112 2429
5927 3866
5992 1003
5740 2437
6339 6432
6033 9448
5939 4473
5258 4318
5791 1434
5694 7809
5125 8340
5638 4511
5108 5257
5018 8011
6504 585
5351 4798
5829 7042
5827 3400
6273 1519
6173 629
5840 1533
5700 3920
5903 3989
5048 8104
5285 3163
5861 6406
6349 4118
5785 7713
5200 4405
6383 3983
5066 1490
6539 4261
5227 5381
6024 5380
5387 9660
5728 162
6102 5859
5289 9902
5005 2019
5000 1809
5310 6424
6278 6220
5902 7283
5919 6385
5243 5423
5043 6066
5656 7590
5298 7942
6265 8969
5099 9601
5627 9646
6338 9963
6200 4541
6085 7524
5300 4859
5656 321
5516 7315
5267 6844
5185 192
5982 622
5823 637
6201 3221
6068 650
5565 444
5394 1726
6120 3859
5721 5415
6566 6954
5203 3254
6411 5426
6424 7363
5915 5744
5269 8306
6151 4808
6175 1600
5121 5129
5037 470
6492 7071
6208 2841
6403 6728
5700 7430
6499 532
6247 632
6439 4615
6065 8461
5321 2974
5584 3210
5365 3241
5411 9020
5239 1111
5934 2625
5921 5135
6081 3944
5403 5862
6526 2885
5034 9006
6061 3545
6561 2551
6195 6195
5884 7502
6167 9480
6246 9540
5178 7434
5474 68
5237 8102
6158 9043
5732 7866
6489 666
5803 2446
5255 1605
6507 8403
5529 5861
5726 4336
5386 2982
5047 820
5959 5047
5308 8735
5042 5010
5419 1568
6345 7175
5905 7189
6413 7605
5793 3903
5679 6827
6331 4438
5542 2930
5435 9577
6644 7776
6621 327
5430 7406
5024 4933
6126 7802
6106 4559
5860 7291
6168 5329
5788 2910
6130 5861
5093 5401
5857 4530
6442 2159
5432 9157
6323 1618
5379 2140
5987 4867
6318 6884
5467 1198
5630 1141
5371 2134
6102 1025
5802 3869
5432 576
6013 2531
6608 640
5252 9555
5761 1776
5225 9878
5351 1617
5707 1105
5338 5761
6610 1434
5609 1054
6153 1127
6607 4127
5124 1031
5754 7744
6502 201
5685 8310
5197 5105
5840 7667
5090 6840
5984 6435
5184 9412
6204 6227
6547 9113
5718 9987
5988 2397
5257 5889
5388 6373
5109 5519
5604 6987
6485 9372
6086 278
5162 5924
6642 3004
6215 7939
5431 7423
6403 5705
5405 2928
5198 7726
5346 6438
6680 510
5742 5177
6132 5221
6070 4435
6613 5
5875 8057
6140 2695
5988 4552
5745 7039
6007 9958
6219 7654
5516 4109
5865 3370
5028 9839
5360 1705
6112 4731
5430 7965
5238 5684
5632 4582
5679 5426
6248 7714
5568 6665
5870 3026
6639 8056
5897 6254
5787 3109
5537 6069
5830 8887
6657 6205
6218 3622
6201 8701
5571 5402
6060 7913
6504 7137
5806 7751
6499 609
5499 5496
5948 8500
5104 8556
6265 5225
6485 8120
5141 3754
5944 5655
5626 8169
6050 3233
6251 9396
6251 8980
6432 4780
5881 7542
5576 9659
5517 9336
5265 8144
5324 768
6298 2018
6374 3953
6109 3757
6624 501
5909 2198
6260 9665
6530 6172
5859 1631
6243 3074
5892 3080
5065 1777
6620 8321
6175 3703
5420 2112
6566 3221
6376 918
6589 6583
5985 5428
5343 2521
6299 6821
5329 9568
5293 6578
5444 9979
6441 4403
6440 3747
6762 4381
6753 5133
5480 8897
6045 1436
5687 4078
5917 6807
6098 3880
5119 4210
6619 3298
6086 9010
6541 631
6569 6459
5790 6805
5803 5260
5376 7823
5169 1163
6216 709
6656 6135
6549 8286
6003 5640
6219 626
5677 3232
5402 8640
6063 1213
6354 3499
5117 4284
6340 9471
6078 4702
5949 9302
6670 5636
6797 7350
5924 5336
6380 4278
5588 4181
5964 5688
6359 6294
5281 8786
6743 5748
5186 6407
5650 4421
6191 9751
5029 1490
5896 4715
5769 7638
6760 6479
5019 9466
5377 6797
5272 804
5273 4194
6747 1568
5443 4267
6316 3605
5262 6015
5476 790
6581 9217
5694 6560
5715 9643
5709 5229
6677 9576
6339 528
6815 9557
6143 2180
5230 9011
6685 7246
5180 3740
5686 5014
5782 6570
6099 2876
5796 3838
6433 3073
5166 1819
6802 1505
5036 1071
6210 6396
6479 3451
5188 796
5291 356
6695 4471
6023 151
5766 8718
5410 4252
5644 9049
6304 7725
5886 6354
5462 8587
6784 2490
5388 5030
5941 5123
5993 8966
6733 6628
5692 3494
5909 2614
6541 2690
5709 7583
5347 2527
6453 5851
6484 8599
5071 4570
5465 159
5658 916
5486 9794
5655 1051
5280 2478
5360 7514
5313 9554
6030 8955
5008 5099
5448 8905
5837 2056
5929 4725
5423 6890
5366 5301
5346 3654
5668 7944
6522 7486
6287 9449
6792 8785
5158 4706
5111 5147
5954 5114
5734 7819
6050 2125
6762 4311
6456 1543
6104 4437
5406 5511
6043 718
5304 9379
5766 5802
6753 7203
6449 5588
6024 155
6317 6944
6897 8478
6719 6891
5756 3984
5892 5540
5139 9025
5316 7460
5976 6588
6505 8325
5087 3736
5038 1219
6243 9363
6196 8099
5259 8334
5922 3471
6076 5034
6806 281
5652 1314
6115 8744
5195 9540
6057 1171
5418 1664
6072 7873
5688 4059
5222 5591
5558 4991
5170 243
6113 2758
5424 4035
6832 5707
6535 1023
6014 7395
5288 684
6629 9370
6737 8667
5383 9953
6818 8116
5005 6282
6698 919
5926 938
6222 3557
6826 6372
5724 3899
6472 9390
6266 1531
6825 1984
6451 6615
5026 5767
6845 7843
6098 3457
6300 5861
6643 8812
5887 8273
5286 6717
5415 671
5524 9681
5145 3157
6612 9100
5284 9394
6510 9504
5073 4650
6163 1016
5158 2283
5293 3057
6671 7069
6337 1675
6157 7877
6597 839
6676 2249
5515 4634
5642 1066
5865 6059
6693 8405
5286 989
5031 8829
6956 8730
5006 6949
6631 2031
6007 135
6891 9162
5570 7023
5577 4262
6761 1179
6605 1578
6781 4804
6782 2428
6946 7892
6014 525
5080 7661
5387 2660
5534 1065
5741 779
5753 545
6207 5493
5084 2857
6283 8672
6012 3645
6194 4706
6587 1232
5141 6439
6815 8136
5859 3133
6545 2460
6102 3982
5984 2999
6990 9642
5137 3152
6447 7686
6094 5634
5746 7397
6038 9667
5961 687
6491 4480
5976 8169
6646 7006
5806 6531
6870 4
6103 7998
6204 9561
5820 2168
5592 18
5433 2379
5894 1034
6632 6269
6515 4919
6526 8217
5419 6787
5067 2320
6863 1673
5504 4383
5418 7425
6670 1783
6602 5504
6132 2170
6985 848
5097 4004
6435 1022
6196 4303
6727 2555
5497 7776
5502 7709
6869 99
5379 4488
5904 5655
6277 5068
5901 4705
5988 6339
5694 1658
6847 8070
5570 5503
5568 2396
6036 9661
5378 2217
6152 2010
5388 498
6243 537
5965 2821
5981 2449
6396 968
6601 8724
7020 2272
6221 6050
6930 8396
5041 6373
6276 5001
6572 5983
6788 6482
6614 6630
6847 4239
5817 3461
6226 8995
6328 7488
6087 635
6428 6084
6420 1368
6419 4618
5743 5292
5699 1208
5059 6894
6185 2732
6464 3000
7047 3871
6610 8583
5961 6527
6234 6985
6335 8774
5836 6526
6752 5040
6866 3772
6399 7717
6011 9294
5535 1973
7013 8821
7000 2909
6506 6516
5431 8144
6970 1319
5893 5427
6333 8549
6834 8063
6790 9012
6785 9843
5690 4526
6905 9517
6737 1117
6412 8683
6368 3005
6331 2018
6202 8459
6524 6089
5113 4256
5449 7654
5147 2515
5958 6476
5139 8372
6543 20
7035 5291
6576 1752
5824 6681
5808 4733
5637 412
6273 3747
5223 3571
6797 4866
6908 9083
5053 3587
6053 8698
5500 8736
5707 170
6305 5942
6571 9696
6046 9280
5855 1113
6309 113
5592 4686
6747 569
6968 7150
5746 3428
6969 8823
6297 5104
5320 7607
6523 9709
5580 5882
6539 7359
6983 1452
7037 6344
6550 4218
6002 5896
5806 7790
5232 249
5588 2399
6992 7833
6968 350
5499 6789
5889 7818
5318 1899
7029 3995
5298 7701
5009 6238
6104 6413
5588 3626
5698 8177
5158 7044
5542 4015
6109 1883
7054 7176
6026 6069
5813 69
5557 3110
6186 629
6319 9647
5396 7064
6381 6690
5867 1904
6771 1389
5413 973
5537 2690
5981 7314
5131 4850
6502 7610
6591 6224
6328 243
6891 4553
6770 2124
6534 6180
5459 2044
5942 6558
5961 42
6461 5631
5896 1193
5996 2335
5628 5800
6564 3388
5716 9860
6805 1350
6295 5206
5732 3003
6221 5924
5263 1668
7149 8733
6596 3284
5705 8090
6540 1761
5305 4085
6013 6351
5316 2270
5765 7333
5693 1344
7067 605
5297 3391
5129 5359
6026 2623
5186 5493
6861 2352
6522 8750
6080 8
6083 1934
5254 2738
5931 2897
6151 2280
5733 8580
7215 2979
6374 9051
7159 3604
5780 8239
6713 8139
5094 6260
5787 8580
6001 8574
5476 7646
5846 2938
5449 7241
5996 9844
7059 4970
5313 7410
6487 7843
5393 6533
6876 3189
7181 2625
5022 3912
6601 4307
6951 5693
5588 888
5000 6832
5329 1585
5385 235
5623 6245
5029 4764
7044 9699
6452 7802
6217 4969
5216 9976
5648 9018
5167 4567
7152 9054
6738 6779
7188 8892
7005 4743
5570 3777
5573 8461
6876 1514
5082 1250
6378 4069
5572 5728
6936 3357
5598 3492
5745 5743
5634 1126
7282 9421
6368 7938
6576 4779
6205 8942
6728 99
5214 756
5336 4333
6092 1692
5657 9596
5719 2864
5950 1780
6516 1156
6859 5897
5941 2078
5878 6567
5701 6446
5911 6644
5679 6349
6537 1204
5192 1368
5455 9209
5185 1318
6886 712
6802 7305
6008 9464
5658 5564
5536 7538
5586 9029
5384 6975
5223 3536
6112 6265
6560 9847
6639 9684
5052 339
5372 1264
5151 6316
5620 2309
5552 771
5260 1188
5116 9637
5188 689
6161 2540
7257 9775
5173 4730
5974 1757
5734 7635
7181 9824
5189 9429
6387 4711
5072 3690
7142 6390
5080 7537
5261 1444
5173 5386
5362 234
5747 6631
6177 2741
5114 1673
5546 1709
7138 2871
6693 3752
5412 1855
5152 2728
5756 6560
5870 7143
6137 183
5565 5207
5497 9254
5204 9120
5488 2117
7147 1113
5609 4132
6476 2206
6210 4539
6733 4521
5299 8227
6276 3704
6233 2807
5060 5520
6591 7563
5451 3324
6157 7495
5659 2557
6321 8201
6746 2055
6060 6178
6145 5296
5249 2727
6865 5742
5555 4296
7346 2384
5085 417
6464 9708
7125 6602
5838 2222
5025 4181
5061 9912
6679 7920
5529 7017
6818 749
6895 7233
5168 1801
5196 6543
6940 8196
6015 3570
7058 2157
7196 6868
6051 7826
6593 2928
6395 110
6547 2666
6228 1492
6571 4748
5250 6267
6613 8033
6830 2063
6499 7239
6984 1730
5362 7112
6220 6705
7242 8007
5100 6549
6916 5428
5939 2846
5829 2239
6932 9042
6656 3600
5071 8634
5732 6652
5943 6748
6679 3068
6002 4511
6576 4469
5228 7499
5279 610
7386 4904
6473 5585
5365 7743
7113 5760
5871 2919
6589 2529
6623 2504
5487 1160
7224 8121
5922 9686
6369 3137
6033 8567
6315 5056
7292 7555
5850 8251
6586 8983
6998 3904
5233 5506
5381 6993
5473 6832
6545 7442
7418 8236
6432 1940
7315 7451
6544 9018
5499 5161
5795 894
7394 5575
5676 9719
6013 8974
6379 8653
5868 226
6590 1124
5023 4128
5753 3250
6869 2524
5210 3197
6990 5064
5127 4667
5888 2570
7298 5110
5657 5962
6267 4881
7335 3429
6284 886
6467 934
7031 2211
6913 8778
7027 5989
6736 7432
6300 6124
5405 1117
7140 929
6498 5289
5534 3906
7336 803
6937 8742
6459 3130
7407 7255
6549 8590
6861 4908
7161 1309
6125 8219
6442 3910
5110 2468
6033 2199
5698 1958
5881 9911
6651 4877
6185 8982
6910 5799
6503 6744
7374 7790
6499 7500
5500 3958
6157 7038
6978 6294
7361 2357
5462 6282
6934 6707
6315 2645
6185 7169
6731 5799
5772 654
5721 6792
6645 5641
7090 8392
6130 9572
7497 8897
7116 2859
7488 9452
5725 8835
6638 4068
6686 5132
5979 3354
6795 9133
6722 4231
6043 7555
6560 3004
7220 7437
5123 1596
6816 9500
5428 3590
5407 9169
6726 3687
7183 7184
7436 331
5298 5813
6458 3075
7279 447
5028 2169
5510 9694
6421 6889
7047 8251
6165 530
6055 2361
5469 677
6796 6232
5391 1901
5867 4782
5763 6275
6973 9546
6210 3918
5046 3225
5614 6495
7295 5009
6902 6375
7351 4411
5664 3841
5707 7296
5771 7814
6885 8682
5145 3693
5334 2275
6352 3961
7033 424
6029 2380
6790 2992
7535 1389
7076 2378
5454 3964
6842 3855
5177 8866
5134 2057
6207 1984
7204 1285
6355 4000
5694 8927
5620 9088
5197 2077
7244 5613
5655 6522
5074 8364
7290 3755
5838 8020
6051 5935
7444 8075
5631 9402
6015 5368
6448 4462
5071 5707
7270 4768
7036 5207
5694 3031
6349 9647
5850 3775
5991 9753
6200 9018
5817 2110
6556 9224
6979 4168
6122 2222
5268 3486
6159 7674
7211 1968
6975 6269
6811 7614
5307 7921
6721 3637
6891 2659
5514 2510
7574 1339
5071 5967
5868 2343
6549 7710
6694 6017
6633 9137
5391 1094
6478 9314
6696 2083
6744 924
6391 807
5161 6803
5848 2022
7411 4529
6864 2799
6543 7726
7325 1201
6658 394
6080 9880
6601 7458
5714 2468
6467 4411
5506 1040
7273 4786
5821 5472
6799 1748
5073 9847
7226 474
7421 819
7519 115
5002 7477
5668 7633
6868 6060
7579 5555
6911 8906
5566 5167
7056 1621
5990 2685
5606 1243
5744 6588
5694 8258
7171 9706
5303 48
7556 6716
6909 3880
5463 3594
5181 4824
7313 1875
5929 2178
6549 3816
6764 2508
6822 6560
7377 1063
7431 306
7116 2013
6337 8813
5056 5291
6916 1997
6858 6044
6650 594
6811 4612
6858 4384
7123 788
6280 1288
5667 1274
7409 6337
5874 3344
5470 3612
6329 8561
6815 8013
7546 6827
7373 5838
5561 1221
5995 9187
6224 7482
7205 6588
6410 7247
5185 2405
5162 7353
5458 9761
5584 5206
7410 6310
6569 9286
5487 9481
5764 6979
7361 46
7422 8048
6634 2290
7273 8978
5923 8253
5083 8616
6093 5958
6217 2349
6264 6881
5743 1470
5655 7264
6360 8326
7075 5609
6376 556
5514 8789
6582 7073
5566 2041
7098 1330
7445 6935
5341 1384
5758 7903
7449 970
6999 6479
7170 8615
5574 9577
7250 2119
6541 3245
5151 3102
7500 6195
6841 3244
7376 910
5124 4304
7712 9277
5479 5654
6210 6368
5045 1300
6089 7315
5229 7629
7220 9326
7656 6076
5476 7371
7345 1343
5263 3200
6474 1486
5348 245
6228 201
6176 9009
6101 101
6023 9578
5644 8377
5947 4182
6867 7121
6325 9472
6236 3694
7121 9783
5888 2590
6840 3372
6173 5383
6004 9556
7627 2036
6245 484
7150 2395
7665 9639
7105 3254
5548 5570
7063 7479
5228 643
6957 6333
6128 6788
5495 3891
6851 5220
6454 4017
5718 7637
6435 8131
6171 6845
7316 984
5907 1656
5367 9350
7397 3065
5992 1776
6953 1927
7706 9771
7257 340
5388 7520
6506 3522
6390 6236
7139 5416
6191 1941
6067 5077
7079 3131
6725 5777
5623 9356
6177 7736
5865 5193
5083 6914
7647 6593
5260 1644
7508 7244
7184 1604
6004 1346
5431 9247
7299 5068
6335 296
6922 8797
6528 40
7071 8228
7482 3466
5573 6951
6666 4156
5660 363
6578 668
5714 2008
7617 2876
5817 8063
5726 3434
5777 2592
7704 9190
5142 8366
6815 6301
7555 5137
7672 3948
6190 549
5797 3294
7037 2935
5072 2887
6431 2478
6486 8111
6404 95
7298 5294
7738 445
5021 5592
5300 8371
6551 1549
7710 7788
6132 5759
6070 6231
5792 2970
7292 8091
6911 1797
6607 8345
6834 4597
5482 6166
6688 4078
5490 1187
7349 689
5973 4651
6391 3466
5521 5047
6968 6122
5898 870
5342 3781
7470 2248
7636 4265
6368 1092
6886 6672
5330 1439
7134 4144
7007 4126
7525 9046
6563 8643
7370 459
5181 2910
5387 7362
5650 8028
7506 2093
6822 3971
7505 2449
7033 8150
6730 1077
5857 1631
5618 7754
5432 4981
5331 4193
5329 6957
7220 4152
5874 1341
5064 8179
6935 4996
7709 1126
7305 4341
5214 8610
6760 5340
6320 3219
5542 595
6398 774
5566 680
7737 5271
7502 4617
6316 7884
6083 208
6437 8255
5774 4752
6398 8311
6523 8726
6066 7840
6086 9683
6461 8345
5793 4850
7269 3502
6086 4469
7450 4804
6305 9976
5793 3985
5720 4878
7825 7684
7356 7819
7013 4086
6538 3268
5995 4878
5508 4768
5951 9403
6712 5350
5603 635
5236 8353
7034 8288
7629 3599
7130 9661
5936 4911
7626 7731
6420 2197
7795 2702
5034 6900
5450 1420
6858 6781
6962 9173
7528 3927
6992 4750
5574 633
6934 4834
5246 9302
7497 5320
5015 6899
5314 9807
6131 9769
7366 5550
5684 1505
5854 1724
6935 3283
7521 9612
6524 6807
6758 414
6040 2031
5164 7218
5836 2495
7036 6397
7681 4442
7793 9321
7286 9738
5903 5801
5432 5076
5819 1951
6367 1422
6816 2064
7108 2110
7419 1969
5550 9156
5271 6970
7644 3267
7483 5493
6159 5560
6340 7332
5012 9568
5285 4470
6165 3134
5257 6228
7782 2743
6940 9811
5619 9367
7432 1025
7656 5357
7183 1487
6558 266
6113 8112
5129 5781
6135 3427
6895 2499
5507 6900
5052 9827
6396 7825
7819 5079
7018 4246
7889 7108
5635 1778
6455 6154
6858 5652
5230 8605
6024 2950
7193 8897
5050 4062
5054 6347
7363 7451
6144 5432
6582 4497
6174 1352
7269 7477
6467 2186
7751 7677
5987 8516
5559 4335
5831 8994
6009 9921
5144 2010
6496 1883
6419 8722
5918 227
6290 4161
6961 290
6795 5644
7489 7211
6808 8354
7608 8749
7586 7226
6017 5871
5416 8152
7044 6563
5635 1481
5662 4519
5635 4067
5902 7066
6866 5380
7554 1925
7217 7440
6324 3472
6404 4248
6411 9990
6844 4797
6672 5014
5001 8734
7856 6007
6855 9314
7176 1966
5161 9777
5283 5893
6697 5456
7804 4161
7377 56
6059 2197
6533 8771
7752 6398
7452 7776
7127 8449
7325 8192
7178 6393
7954 6857
5015 7043
7375 8121
5484 1249
5110 150
5716 5662
5509 2090
6760 8176
7413 3277
6450 279
6598 7439
6641 3123
8025 9302
7417 3512
5308 1541
7160 3566
7628 7153
6527 7280
7575 3297
5364 4853
5235 4283
5513 3647
5287 5342
7055 4789
5631 5735
6033 2871
7205 5960
6233 3957
6132 482
6862 1151
7780 1582
7393 3653
5355 7408
7498 6606
6291 7583
6731 2237
7412 423
7404 8998
6960 4628
7920 4686
7263 6307
6316 6078
6527 2278
5627 8273
7766 4167
5244 9300
6014 1788
6361 8905
5968 1358
8062 6998
6658 8959
6191 7676
7834 6275
5914 6280
6791 4422
5488 4337
7659 6013
5941 537
6856 7724
7830 5553
7021 8572
7445 3959
7985 7940
6395 487
5317 7161
6693 6672
5849 7951
8012 5600
7426 7900
7175 6261
7840 3527
6821 3681
6007 7259
5960 9792
6842 2208
7414 4657
6198 8317
6805 2304
5853 1750
6004 2678
5410 7333
6447 7880
5977 555
5747 882
7188 5256
6742 4850
7569 5348
6362 4276
6554 6572
7369 1147
6538 1356
6812 840
7948 3397
7270 6949
7187 833
7035 8600
5213 6342
6574 503
6470 3455
7952 5858
5595 3616
6675 6555
5545 610
6858 7017
6180 993
6080 6792
7658 7608
6136 8825
5059 1651
5458 4221
7663 236
7217 2808
7280 8246
7022 6614
5986 1041
7524 5959
7622 1250
7911 2058
7995 4394
5688 6768
5952 4629
6922 4672
8140 9504
5808 5709
5321 3007
7995 7211
7322 5498
7261 4583
7778 3336
7254 2773
6306 2354
6549 3656
7660 3914
7400 6191
7602 7706
5971 8365
7680 7761
7557 1920
5981 184
6404 8457
5251 7824
7190 7841
5735 6384
7357 7944
8128 9043
6617 9344
7627 1420
6222 1796
6449 3861
6008 9459
7300 2625
7698 3935
6498 6704
6048 1499
6484 5219
6557 466
6780 7541
7268 726
6160 2012
7519 2150
5600 3444
6340 8585
7765 7387
6154 6756
6649 2251
6707 5792
6944 6091
5168 3239
7834 5306
5158 8964
6448 6856
6376 9105
7346 2902
6061 958
5201 3657
7415 5957
7500 8405
7253 184
6101 5557
6191 6850
6124 127
8021 5689
6376 342
5092 4845
6858 9014
7216 3999
5566 9163
8057 8881
7070 1823
6249 4236
6097 5241
5742 8414
5447 914
5681 4518
7107 7131
6527 1074
5694 1405
6892 8650
5845 2968
7694 1941
6971 4400
5646 9358
7183 4383
7822 6284
5446 9458
7509 44
5822 2357
6336 6592
6423 3427
6640 9119
6616 6901
7125 8885
5715 4265
7437 1603
5041 5057
7726 8474
7597 9042
7289 5056
6349 1807
6310 7366
7880 9070
8001 1273
7218 330
5876 3899
7343 8333
6697 7133
6420 4483
5972 2399
5600 8007
7519 4237
7791 105
5629 1117
6780 6247
7617 3580
7622 386
7031 5026
5439 1001
6599 8591
7761 9993
6205 5585
5008 4682
6926 889
6742 1460
5916 4287
7207 1125
7381 5199
7940 2846
5712 4542
8230 899
6376 9619
6016 3075
6602 1399
6736 1215
6463 660
5155 8641
5027 9599
6882 3312
8077 8819
7147 800
6827 98
8106 8667
6960 8997
7085 2143
6526 997
5703 7256
8131 3339
5168 7622
6313 423
7233 381
7779 5984
7021 5522
6978 3986
5975 7959
6301 7432
6756 9816
7272 5212
6416 6452
5416 4004
8088 3089
8124 7748
7948 6906
6309 7422
5487 6845
6404 6822
7101 1640
5104 1629
5550 8981
5993 2288
5549 205
6931 6970
5755 593
7431 9934
6866 692
8279 5604
5246 3202
6562 9709
7202 6204
7216 4376
6910 7294
6852 4781
7347 7052
7542 8724
7918 5985
6974 6358
6108 3293
5728 1842
7966 9958
6187 5368
6896 350
7341 626
5039 1859
7218 843
6351 6828
7346 4007
5333 6541
5953 3156
6474 2171
7329 5500
6600 5650
7612 2584
6572 4886
7626 2984
6748 6241
5954 709
8059 1144
7299 1047
5659 4141
7478 8757
7545 4449
7394 3268
8353 140
8151 6931
6061 7772
5548 7415
5241 1439
6818 3473
6031 848
6781 6538
5124 6289
7033 2939
7320 9638
5429 4545
6949 7862
6346 2327
7202 3790
7999 6054
8358 7350
7646 3564
6913 2838
6094 6449
7724 9919
6644 7801
5953 4113
5479 9778
7511 2476
7944 6549
6980 4393
5329 5556
5955 8054
7714 6725
6136 6232
6094 6396
7933 8257
7225 2706
5802 3760
7138 9437
6950 7646
5053 4813
6928 8166
8046 4552
5934 9291
5626 2392
5222 2108
6041 7619
8393 9585
8286 4755
5949 6427
7415 6642
5911 2919
7569 4425
5204 3534
6430 486
8372 7254
6658 9349
6657 2789
7504 5117
5981 5131
6428 504
5711 3923
6768 951
6592 4312
8343 2345
7224 3362
6532 4499
5701 4635
6091 1459
6822 8180
5846 7910
6603 9699
8358 9465
7857 4712
5105 6368
6930 6870
6947 608
5369 6329
7225 5553
6813 6739
5926 635
5826 7102
6560 6324
5426 6912
5405 2529
5430 2456
8230 7486
5093 4217
7981 8887
5090 9822
6123 5953
6683 4279
7180 214
7985 2077
5434 7751
7366 4533
5893 7872
6866 6631
5937 3527
5844 4186
6821 187
6606 8479
6289 8856
8428 7020
7184 8681
6629 788
7710 539
7571 6194
5699 8626
8317 7328
8110 4576
6328 2769
6444 9092
7186 3991
5932 9157
5030 6221
8046 7446
5096 8670
6887 2258
5139 8434
7304 6364
7259 3194
7374 9030
6853 9655
7694 4131
5538 3496
5361 4067
6694 5269
6485 9216
7245 7406
5790 4413
6771 7946
7202 6618
8003 8532
5657 7873
8299 1822
5566 4373
8024 3224
7164 7809
7036 6237
8027 5942
5475 7330
6352 2857
8005 6232
8466 2963
6182 8759
8347 7120
7563 3372
5377 7224
6535 3578
5999 7368
8440 816
7336 4151
7722 3048
6427 6868
7410 4017
6425 942
5260 528
7533 1156
5300 5111
8364 8212
7034 130
6190 9765
6012 6823
5604 15
7614 3343
6278 9307
5022 7123
5013 7498
5326 4934
7851 6697
5474 5252
7703 7734
8331 9976
7779 514
7442 392
6425 9511
6267 3028
6789 1807
7764 8006
8343 8340
7918 7804
8375 5563
8138 4266
8309 6079
6841 5308
6051 6019
7395 7882
7544 5031
6856 829
5077 426
7296 6674
7953 2920
6871 7041
8161 3747
7598 1163
6774 1973
7637 1145
8379 4614
5898 9949
5436 8842
8332 7907
7223 9743
8545 1620
7340 2308
8548 53
6174 9368
8096 9661
8245 4415
5364 8883
5665 2367
8089 5415
5252 1970
6218 5571
5259 4528
7975 5724
8534 8961
7129 3676
5568 1294
5120 4677
8397 2615
7255 9200
7248 7710
7020 9266
5437 5442
6438 7836
8019 7628
6547 5200
6734 1506
7528 8468
5261 4683
8567 4853
5417 8171
8082 5077
7898 1723
7616 8648
7491 5936
6200 1498
6131 193
7392 711
7609 3297
7879 5936
7615 3163
5472 4150
7054 7384
8287 1207
6759 5607
7914 7162
5442 9197
5054 7936
5727 144
6729 5541
8399 9525
8480 3766
8055 8659
7003 6363
8589 792
5718 1015
8090 3588
7295 909
5891 8347
5681 1133
5107 6590
5169 1753
7977 361
7749 3240
5112 6362
5487 5288
7511 1706
7196 4992
7745 6618
6613 283
5390 1960
7914 870
5453 1073
5498 5276
7810 5337
5892 776
7579 6229
6136 2512
8127 5690
5002 6549
5236 9011
5670 8906
7311 4326
8176 1238
6352 3892
5040 984
6426 7016
8186 3270
7146 9425
7552 329
6440 6289
5580 6748
5699 4808
5741 5681
5121 7299
7368 7847
6472 2022
5708 7263
8391 7882
7554 8747
5982 2604
8565 2953
8361 6179
8647 6710
8533 2943
7831 2205
7803 6981
6712 6215
8100 7835
6250 2734
6501 593
6047 3080
8211 2324
8664 8692
6425 5961
5382 3378
6370 5748
7804 1193
5642 5508
6664 1908
6578 5785
5530 8985
5376 8354
5067 6244
5883 5616
7447 5384
8018 6064
7620 4819
7422 8301
6135 8402
5327 7592
7674 9212
8455 4406
7222 148
5457 4950
6760 5858
6105 4308
6425 414
8197 5639
7996 5865
5789 4560
8388 4828
5239 2082
8427 9178
5711 4048
7808 1906
7529 7756
5110 7399
5675 6352
8367 6134
6511 5602
5659 7340
5244 3843
7943 8530
6352 4936
6689 5443
7672 5775
6723 5555
5732 9336
8638 9949
6393 378
6039 2359
7801 6264
5480 5404
5296 2194
8253 7224
6797 6954
8132 9534
5643 718
5159 3156
6280 7912
6729 4226
5350 3269
5720 6986
5935 6897
6620 7295
6420 6933
6559 3681
8426 6137
5963 7004
5182 6125
8566 3054
7991 1213
5228 892
7567 1671
6107 3255
5562 347
6112 671
5387 3982
8622 3275
5154 9497
5333 9403
8182 334
5319 7219
6678 8873
5109 1600
6697 353
7175 8951
6712 3452
6489 3219
5095 3471
8068 5841
5061 7678
6990 8592
6232 5188
6755 1342
7947 8599
6427 4653
6500 8688
6760 7165
7923 1302
7308 7748
5433 5033
6077 9366
7824 4660
5100 7685
5067 4381
5419 1160
6195 541
6918 7406
5206 7224
6902 1682
7269 6023
5192 1764
8130 4981
5548 4906
5395 5897
6075 8697
8179 7165
8009 6552
6843 3600
8703 4234
8549 2406
5053 4789
5152 5115
7613 1467
8012 5681
8468 3699
6598 8608
8020 5693
8788 3617
5072 5344
6982 9976
6050 6124
6433 7594
7179 4554
7005 7214
7913 3211
5072 3455
8425 8712
8379 9474
5844 4187
5889 8662
5819 8623
6358 5849
8012 7012
7744 4849
7909 7918
6644 7441
8522 4239
6164 1961
6237 3149
8656 9034
7981 4034
5096 7190
7407 3457
8630 5134
8346 8470
5920 8085
6494 4397
7541 9359
7945 1549
5067 8119
8482 9381
7387 6654
8130 2540
6961 5825
6039 3518
6925 2434
7591 9973
8791 6007
8070 6564
7020 4020
6396 1056
7160 1063
8356 5185
5015 2556
6559 183
7135 4928
5581 1775
7127 5258
7538 7801
7081 2194
5921 6139
6079 7385
5123 4730
8544 7169
5325 9378
7867 8164
8447 9791
5522 2629
6585 4149
7793 2172
7550 121
7904 4261
6891 9731
5812 2534
8816 9093
8100 2902
6569 7914
7225 3615
5422 6461
8020 8319
5375 9723
7917 4928
7061 6128
6248 4147
6431 925
5417 9586
7239 9566
8370 5332
7296 3692
5306 4005
5170 6423
5444 8651
5938 542
6661 9787
7218 2421
6680 8635
6233 3991
7843 2388
7264 2767
8365 6462
8057 1980
5606 241
5894 9091
7905 7545
7902 9217
7886 1242
8117 1750
5806 6184
8760 9551
7305 6936
5133 9982
8217 2644
5389 4026
5243 1963
6956 9929
6170 8955
5679 9871
8617 624
5105 827
6341 3311
7151 7878
8704 3363
6639 4770
7481 6547
7655 1980
5979 7462
7522 4409
8103 7447
5768 1163
6123 6613
8396 5784
6377 150
8305 731
6373 6400
5226 8017
6242 7128
8098 2310
6198 7839
5726 4999
7509 8051
8741 68
6721 677
8175 6951
5235 5249
8345 8875
8579 2474
8574 6404
7919 1354
8008 1290
6416 4130
8059 3396
8843 8531
8231 4184
5648 5745
6252 3921
8002 2719
8592 8701
5636 6916
7767 1661
5519 2458
6154 4137
7691 2039
8628 2714
8934 458
8212 3598
8101 4285
8331 1960
7403 9059
7729 1797
7186 1178
7719 1161
8752 6569
6670 4343
8089 226
6403 9194
7754 7412
8204 9753
6009 1550
5501 3731
8913 3074
5297 4695
5874 8918
8460 5793
8945 8612
7066 5118
8463 4169
7606 5316
8897 2893
8586 7700
6807 2581
7716 8205
7775 393
5279 3627
6983 9291
7596 5372
8063 6658
8470 4618
8392 5394
5049 8227
5343 2431
5600 3458
5486 6890
8662 2571
6241 2820
7431 1868
8916 9360
6616 2443
7715 3690
6004 1518
8755 5810
5858 4246
5525 2527
6486 4167
6790 9281
5404 7293
8097 9269
7889 7123
7475 6801
5485 9061
8568 9255
5414 2568
8826 5515
6633 4470
7553 4794
6840 9865
5910 1804
6009 9699
6659 9917
8745 3724
7321 7839
8070 5821
6390 1983
5887 4254
5299 9324
8587 6086
8165 441
7975 3664
8394 7397
5203 3266
6941 114
7739 3168
5666 8898
8652 1621
6804 2852
7068 4161
6086 3293
7297 726
5822 7259
7778 9105
8676 7197
7482 5018
6087 2396
5953 696
5182 1454
5658 8713
8571 1573
5288 4729
7896 5569
7705 5724
6142 5156
8842 1030
5939 8454
6211 263
7970 9609
6708 8556
5663 4313
8918 6379
5201 9716
6925 8835
7883 124
6997 1159
6324 3931
8496 6038
5853 2451
7470 3924
5664 8494
8803 1618
7883 8054
8337 5437
5475 1163
7299 607
6267 6875
6713 580
8729 7764
6363 6793
6999 6013
8563 4618
7598 3778
6686 4995
8673 8929
8745 8898
7372 6441
7751 5713
7210 304
8461 7025
7522 2915
8622 7785
8046 6489
8901 2649
7626 4492
5820 6591
5003 8435
7644 7593
8576 4710
7364 7045
8893 1834
5480 4354
7700 2356
5548 3295
5549 5409
7101 2069
5483 7389
7239 4500
7079 73
8186 6958
8737 6099
8085 5608
5595 8424
5998 8254
5144 9064
7659 1066
8468 8876
6487 5559
7359 5540
7632 3068
7943 7369
6150 2337
7655 5156
6684 1653
5053 9245
8990 2729
6946 6013
8859 6067
7936 1904
8507 742
8627 3970
6029 705
8007 2855
9081 9079
8380 9283
8710 7459
7550 3075
8671 9444
8591 1959
5883 4694
7249 3665
5095 6125
7128 1858
6741 5416
6417 2582
6313 6141
6243 5056
6342 7649
5113 5811
5694 4714
8830 7306
7437 2399
5737 3860
5555 3102
5529 8225
7705 9884
7886 9574
8146 4765
5114 7488
7765 5990
6602 2027
5502 2848
8990 450
8670 1549
5269 631
6932 3176
6245 6307
6667 625
6849 4473
7377 2755
6362 2640
6066 9962
7683 3976
7137 6723
8706 3349
7225 690
5557 5954
6074 3956
5154 7158
7125 2619
7701 3071
8537 3493
6740 2437
5204 4039
7293 8999
8238 1843
6664 6677
8731 3802
6595 2913
5585 4676
7774 1587
5473 1124
7261 4945
7393 6381
8010 8985
8100 3483
8994 1426
8920 4899
5151 6084
5745 4145
5829 3268
5619 6173
7740 6449
9009 4642
6990 5249
7539 938
6829 7880
6055 807
6050 4860
7340 321
6550 1282
7704 7561
8577 9545
8804 4540
9007 5882
6959 615
9048 8493
6579 1947
6532 8216
6467 2777
6320 5622
5492 1558
5824 1168
8515 9554
5343 3238
5887 1459
5343 6584
8252 298
5833 4033
5873 4819
7699 5838
5467 5666
5461 9418
6112 2481
5465 9092
8808 6240
7020 7965
5199 2553
6520 8335
6145 5214
7652 6954
8882 2517
8188 418
6720 8394
8312 998
6393 4861
6420 8614
8781 1116
5713 9637
8648 200
5835 7570
8143 6787
5748 6859
7653 8440
7878 711
5557 8298
5680 8208
8694 3294
5598 3572
6248 5769
9068 1638
7023 874
6712 2034
6929 395
7262 8292
7160 6608
6672 6786
5495 2581
6186 3398
7789 4529
9257 4377
8995 5429
6353 5748
6551 1267
7453 2208
8656 1196
7962 6264
6939 2499
6595 9391
8756 2598
9113 9766
8487 8091
7125 6496
9064 5632
7547 9093
8952 9478
6483 1587
5209 6974
8923 379
8556 6698
7398 2545
6769 3078
6872 4145
6581 9656
8737 4716
6770 6233
9170 6002
7836 7437
6028 8663
8801 5696
6141 1816
7099 9022
7566 3852
6185 7008
8699 5881
8423 1554
5675 9163
5844 1629
5022 7852
6313 3937
7995 339
5024 2957
6778 5671
6610 8201
7034 6923
5183 6871
6424 7121
8386 3707
8947 533
5577 3493
8586 7991
6927 1959
9232 309
5311 9982
5157 271
7407 5783
7945 2669
5819 2319
8932 6967
7854 7600
8587 9500
8164 6176
7025 7974
7227 901
8052 439
6758 8332
6064 3531
5018 11
8791 2335
6724 7671
5172 287
6784 6167
7727 2281
6414 6642
5059 4664
9239 5019
6925 3535
7305 1260
8759 2412
8911 2090
6150 9739
5554 3006
8873 9323
5150 9945
8465 4486
5330 8779
5621 6665
7286 6843
7750 7137
7541 3033
6119 637
6429 2785
5433 5456
6414 1393
5736 5925
6315 1448
6761 4753
5543 2857
5129 8532
6614 7867
8523 6299
5774 6775
8101 7479
7119 4430
9248 945
5186 1306
6233 8667
8591 9435
5081 2794
5744 9525
9084 3311
8174 9618
6679 5335
5330 7040
5158 1200
8263 6131
7068 9258
5864 3720
7636 5014
7738 3332
9014 6877
8811 1831
8401 7856
5174 9340
8266 9839
6727 1327
5071 6660
7003 4932
5998 4940
8628 2642
6526 1774
9159 9983
7536 3695
6470 8084
9363 7178
7778 4028
7294 5125
6871 9185
7447 4584
9161 871
7240 5625
6648 3827
6997 6977
8925 5563
6205 7159
8215 9445
9366 7077
8390 8863
6460 874
6561 5853
9073 9096
6513 795
8697 1454
6081 2257
7301 1907
8853 1825
7034 8758
6178 5652
8089 3294
5162 2973
9421 6928
9042 2614
6143 7164
5160 7898
7944 9049
6150 8952
5393 4489
6457 3695
7629 3718
5846 6603
6790 8700
7058 6030
5002 794
6481 4122
5080 6563
7218 6587
6163 241
8337 1523
7649 2334
6725 7879
8220 5613
5235 658
8875 9103
9043 6437
9101 4762
5076 6727
8014 2141
8525 5633
6365 6533
5207 6249
6853 1245
6419 3191
7628 2831
9058 1372
8772 9011
8889 7536
7329 2604
6903 984
6918 6273
8826 3265
5267 4478
6501 8082
8117 7527
6673 8484
9452 2539
6807 4649
6067 1957
9093 9071
5787 9106
6249 8465
8865 979
8607 9097
6014 844
5792 3052
8801 5065
9109 114
9091 1760
6886 1741
9376 3336
8649 5280
9478 5273
6789 3783
5199 5943
8471 7709
8886 2390
6550 4480
9447 6942
5744 3143
8870 2215
7400 379
6960 4782
6391 7976
9035 3856
9107 3064
8935 7456
8525 9711
8796 1372
9099 7791
8189 7844
5725 1170
8484 8883
8763 9361
7076 8961
5765 7365
6436 1874
6543 2418
6640 6813
5393 3851
7126 7958
8452 7872
8497 6822
6115 3605
8224 1108
8031 9667
8157 6605
5789 2743
7698 4982
6914 7927
5704 2621
5853 4474
6509 6894
6430 3077
7551 9624
5434 7411
9280 7495
8913 8067
8781 897
8234 518
9269 5950
6780 9052
7260 5382
8185 1767
8864 1715
7013 6682
7441 1675
5005 7759
5162 8856
5915 3045
6046 3154
8947 3335
8537 1821
8158 3427
8179 2971
7519 5307
9327 1591
7623 8164
5603 4159
7623 2020
5340 5229
5195 283
8933 7780
9004 9589
6584 4388
5091 424
8021 7234
8964 7660
7360 8745
9277 4994
6217 7753
6269 6998
9230 8834
7844 7402
7507 4116
8373 1166
7736 4107
7561 7354
7880 5446
6650 1468
9383 939
7327 6298
6573 6859
5887 6452
8406 4078
6795 1888
7613 2865
5209 9805
5693 1217
6559 3148
9510 1577
8231 9843
8684 7951
7654 5821
5626 3388
7749 8536
6261 3660
6834 5191
8894 9662
8305 2376
5151 7459
7181 8410
6958 8974
8644 4396
9459 3913
7364 4903
5651 9437
7218 6496
6710 316
9508 8774
9144 1663
9284 3333
8527 277
8490 3665
5370 838
6505 6109
6080 6939
5526 2039
7383 8743
6588 1579
8612 6903
6133 128
5178 7667
7703 2891
8974 90
9110 4567
7282 4738
6422 5811
8029 8458
9375 9730
7344 4794
8846 8088
8802 6570
6586 4391
7117 6551
6702 4248
7176 5479
9365 5243
8541 5891
6748 8290
6424 4448
6542 1738
8271 8613
6056 4374
6513 5541
7768 4985
5511 9298
5173 9447
9285 3566
7266 4528
5049 1024
5275 5671
5144 6810
6545 8433
7411 8003
7706 7516
8387 7126
9393 3975
9482 8762
6533 4989
6324 4580
6679 8953
7307 512
7836 6182
6568 4942
5866 3644
6255 9299
9085 6030
6281 622
7064 8625
7957 5279
5195 1091
8989 972
7127 9048
9437 4157
9534 9067
5047 6040
8572 1154
5460 8405
9516 8099
6556 9850
7733 1880
5746 1525
8356 3798
5848 6831
7520 8622
9094 9436
6402 3413
5880 3345
6776 3874
7069 3754
8995 6924
5005 4191
6864 5321
5024 8568
7965 6790
6050 6806
8529 1618
6070 1604
9268 8789
6675 3747
8011 3839
8916 7964
9321 6685
5621 1017
8589 9321
8350 9153
6441 6135
7050 9483
6367 9225
5280 9463
7368 666
5286 6138
7984 5845
8520 6193
6487 2288
6153 2970
6472 6136
7670 2683
5895 9435
8730 1747
9240 3029
6143 9582
7497 7883
5539 883
8837 9599
7224 6197
5207 4171
7660 2642
8805 3721
8527 8129
8179 8725
7463 8650
6904 7405
6699 4702
9052 7158
7237 8525
7869 5324
5499 3679
8134 5421
5867 6398
6161 9099
5108 9801
8442 3011
7876 3669
9047 2609
5229 4967
5786 8222
5161 145
5678 2140
5950 2413
6832 834
7162 7661
9167 7876
5047 1528
8760 5238
6384 5046
9365 8904
5017 1257
7300 4461
6528 2636
5011 2824
7164 9783
6252 6058
5019 4378
5029 3455
7026 2551
9486 6236
8660 2789
7548 1081
7397 4906
5392 9491
6425 4337
6279 4433
6091 1803
9434 8349
6203 6999
5756 704
7170 3149
8469 7966
7972 7416
5590 4919
7193 2826
6632 5319
5019 1465
6191 8264
7635 3676
5878 9774
8806 1490
9269 7676
5416 1617
5072 3395
9185 3092
9549 8237
5876 2165
6232 2802
8961 872
7002 8826
9038 8807
8409 3801
5156 1447
9580 8957
6568 5275
9258 787
6381 4644
6945 4951
6864 1641
7841 5572
5977 3542
6534 6730
8933 3790
6184 5968
9386 7592
8597 3843
6628 4376
5676 4496
7950 2042
8211 3473
9099 3382
7892 1429
6519 4414
6839 3253
7395 5400
6642 3229
5267 9782
6204 8620
6070 7217
5935 7487
6716 7228
7041 560
8931 6488
6158 3412
6775 482
8990 2604
5145 5230
8888 7544
6334 2473
8737 4788
7956 2587
9303 9549
7695 7985
8977 6430
9284 2521
9158 8006
9388 135
7180 4796
9046 6247
5165 1
6621 5545
6732 7928
9650 1907
5057 8337
6957 6949
7688 8700
6496 2116
8293 7142
7460 3749
7826 2737
6782 7526
9558 2100
7205 3166
7150 1347
5799 6978
7036 1611
6954 3388
6936 5344
9421 3636
8062 4721
8572 801
6345 1231
8867 1912
7423 4537
9832 9727
5790 9764
5058 4452
5905 7158
7769 9103
6166 714
8530 7400
9060 854
5909 7084
7316 7979
6940 6152
9656 5177
5680 5089
8874 230
5455 1034
6024 8741
9323 157
9802 3085
8440 7523
6834 809
5833 2630
8105 9043
5485 8060
8194 4282
9711 9847
8464 6091
7774 2835
7077 5855
7221 7376
9810 4846
9448 4208
5367 6339
7722 2194
7338 6809
8717 5512
6507 5335
5475 9510
5209 8148
9050 7012
5682 2184
5889 9326
5456 942
6010 3998
7695 1511
9315 4861
7136 4473
5316 602
5451 3977
6365 3954
8764 904
8917 1290
6002 1270
7560 2269
5932 9438
8004 7399
7116 6933
8215 8635
8461 9686
7872 6183
5673 3975
8723 9929
8176 8039
7268 2180
6111 7041
7683 3107
8291 8433
5566 4211
8320 5140
6064 8441
6287 7842
7213 4693
8161 8329
7676 7397
9896 734
5332 5472
7780 8011
5605 5525
8057 3033
8286 4449
9039 8526
6048 5379
8016 435
8473 4485
5081 1864
9134 9806
7070 5028
7112 7969
5557 8764
9194 5242
5218 6576
5494 6655
6065 4655
8346 5761
7305 4123
9298 3006
5466 7027
5872 4434
7682 6805
5231 663
6517 4204
6563 8752
6720 1287
5757 5632
9611 8567
5835 8544
6046 4668
8900 9443
8241 1235
9393 9270
7649 1352
5835 4826
8236 9690
8591 2037
6508 8900
6628 1281
6690 4462
6185 9764
7246 5856
7302 1701
6280 7403
5617 9742
7274 3182
5215 6255
6733 7585
7017 5755
6686 6527
7153 1448
5589 8102
9576 6652
7991 6985
8676 7084
5117 14
8279 888
