50
266 938 959
723 862 582
133 88 588
213 305 584
295 530 750
660 660 271
19 23 617
520 21 629
933 429 5
484 205 740
3 628 988
726 911 811
272 128 526
982 49 999
270 169 455
962 382 571
2 366 328
418 880 539
500 854 600
818 431 924
222 68 8
945 535 445
366 702 181
81 914 398
505 460 70
746 497 509
10 223 535
121 767 705
774 778 554
162 287 13
567 116 329
905 138 767
548 341 506
66 518 807
401 850 419
157 995 649
65 638 494
608 811 385
854 321 281
363 749 140
468 692 62
324 874 797
345 284 477
754 541 657
531 985 886
63 318 65
74 589 998
708 557 604
471 587 510
732 532 116
