50
25 9 68
162 181 248
226 234 63
116 129 48
29 11 209
383 385 130
161 177 154
332 342 311
223 229 30
85 95 31
267 295 233
58 29 279
5 0 107
104 118 10
285 310 3
111 122 145
187 184 308
216 190 384
125 131 275
145 174 374
30 16 12
14 3 383
201 185 64
392 387 117
59 41 241
231 255 52
380 375 18
232 263 249
91 112 89
36 27 44
241 287 210
305 338 127
336 351 353
77 57 215
260 289 246
33 26 226
238 286 194
144 168 343
363 371 240
155 175 61
115 128 327
261 294 273
387 386 23
80 94 76
357 366 317
302 333 395
235 280 236
331 339 125
382 384 349
130 155 70
