100
268 919 881
101 927 334
336 240 611
853 743 863
639 442 452
62 155 977
480 61 946
946 745 573
284 192 363
497 991 764
769 839 687
928 711 584
305 86 684
968 358 420
115 922 792
679 316 871
512 956 272
420 780 582
835 672 232
909 521 118
981 0 680
987 250 479
925 565 652
779 113 578
552 512 858
669 424 979
691 824 196
182 461 692
237 206 381
261 477 313
781 268 17
10 35 591
675 241 844
991 942 548
460 202 840
337 702 253
949 612 431
222 267 401
162 432 524
212 803 265
244 70 150
191 103 585
613 317 615
857 878 794
180 348 951
100 215 511
514 693 173
702 288 686
20 74 115
185 320 279
569 937 970
359 470 714
955 249 972
78 652 330
377 166 506
501 843 281
517 231 399
557 148 606
129 290 945
453 901 200
975 516 747
148 484 483
317 50 435
922 525 52
283 329 460
364 768 100
900 634 699
474 444 344
473 580 919
829 590 3
589 118 182
911 816 884
963 759 944
202 781 605
533 289 461
712 729 323
807 468 727
160 792 588
531 28 91
241 741 242
173 463 689
684 135 50
294 625 62
93 684 749
590 966 999
597 394 375
155 944 737
939 315 725
187 63 48
408 557 350
528 76 304
982 123 428
435 90 71
392 486 685
653 601 213
656 176 778
217 365 440
484 322 85
833 498 905
43 567 922
