100
49 69 237
196 182 663
15 45 797
48 157 621
178 115 421
91 44 930
80 99 771
76 163 902
88 113 554
31 174 602
84 28 737
63 24 822
7 33 630
40 111 456
141 116 906
108 96 907
20 31 818
198 77 226
45 52 299
105 179 239
121 185 449
38 158 605
114 184 713
17 48 420
104 120 370
102 134 965
119 117 223
115 15 590
37 84 805
68 103 904
57 194 678
34 124 701
180 149 926
55 90 339
185 136 225
150 160 399
145 145 966
8 172 747
23 130 911
74 87 714
75 79 848
158 66 651
25 114 869
162 53 569
69 27 719
96 187 745
90 59 706
170 4 644
52 166 484
133 159 849
78 146 322
110 100 444
197 74 466
103 37 956
107 156 806
159 47 344
131 10 203
168 165 732
4 1 235
136 56 877
106 102 939
167 131 807
85 94 582
186 29 600
9 143 884
72 140 837
46 150 972
54 132 967
51 151 343
19 22 955
71 85 589
61 40 431
30 19 376
144 7 661
135 17 319
146 65 530
187 70 608
82 112 215
152 91 392
62 50 687
6 138 541
50 154 333
36 42 373
12 98 573
148 104 931
101 86 672
194 142 406
147 196 988
140 11 505
191 191 294
126 189 702
160 13 316
89 198 424
124 82 998
3 175 744
56 126 580
129 127 710
157 129 501
100 34 233
179 62 341
