400
420 56 638
318 414 955
211 377 731
116 45 578
287 285 704
85 184 641
249 209 928
140 89 855
465 399 592
194 415 937
405 37 587
235 107 680
436 193 542
469 97 714
383 442 532
424 177 872
229 255 683
128 197 773
117 288 939
260 392 659
493 215 995
129 124 562
429 359 782
144 432 781
123 63 540
243 289 790
216 90 752
348 94 686
56 226 844
259 123 575
67 27 828
238 156 904
443 178 953
368 464 850
498 114 930
273 213 908
337 207 763
104 465 626
393 113 807
159 499 536
26 322 740
99 17 655
20 38 652
340 25 550
83 388 783
203 305 977
358 457 920
160 488 748
359 247 701
217 492 648
103 259 526
218 441 975
344 487 994
386 153 931
464 64 891
189 171 611
208 302 637
75 412 882
484 75 690
295 274 670
399 74 563
37 120 869
370 0 779
156 46 697
25 277 682
233 253 823
497 204 861
290 468 927
19 3 573
206 26 684
395 435 907
2 57 798
422 54 552
398 86 559
124 72 997
46 345 565
73 220 600
118 430 851
499 261 893
434 371 658
473 91 789
167 444 530
332 210 555
114 65 576
86 200 885
474 308 504
490 398 528
258 451 949
261 309 727
362 133 568
415 147 617
90 111 999
28 489 590
435 355 743
428 282 903
381 364 621
106 77 857
402 344 991
44 480 753
349 42 815
240 423 625
107 362 610
431 449 713
313 109 968
446 101 662
175 32 581
394 439 829
462 260 580
102 191 723
31 161 745
30 53 584
80 351 988
430 500 616
178 361 715
354 310 859
220 318 591
168 58 816
285 384 501
163 164 770
121 315 826
482 149 517
39 265 837
374 127 923
456 316 835
289 292 992
387 71 624
316 8 613
186 206 980
138 93 973
47 287 875
55 386 768
76 112 685
486 154 802
274 143 593
10 403 970
59 298 696
153 34 619
43 241 780
407 68 539
113 134 630
345 236 864
382 180 599
334 466 919
353 230 700
185 410 972
213 477 728
495 212 609
267 484 887
222 14 513
74 128 913
480 85 898
224 411 744
320 198 929
279 406 834
210 413 734
278 404 519
91 494 896
21 183 674
264 186 902
192 408 702
35 389 803
281 216 730
427 151 687
212 245 569
328 152 695
410 418 597
237 379 709
445 491 544
335 218 675
69 78 664
197 40 506
478 365 998
293 234 948
22 18 515
71 390 946
396 110 545
145 273 912
78 100 987
204 248 777
215 256 764
149 338 711
481 24 716
437 436 699
109 393 636
350 329 800
391 41 692
132 347 952
292 360 560
475 84 505
131 469 827
404 303 514
6 304 628
38 50 877
234 231 940
62 271 546
347 370 993
166 280 791
360 286 863
198 387 712
50 148 512
147 346 739
11 307 918
84 375 632
449 270 808
191 88 627
300 158 766
48 1 671
8 145 776
257 146 583
130 450 860
301 299 853
32 205 843
459 251 950
13 95 954
155 460 786
444 60 996
489 352 862
458 400 572
120 342 612
1 284 833
183 219 707
64 254 535
450 340 726
500 132 886
253 76 870
170 328 792
266 144 892
63 472 895
171 357 531
111 278 821
302 272 631
146 452 618
181 434 558
199 23 594
496 427 602
269 486 736
373 349 639
470 445 755
307 363 899
418 108 944
15 348 649
280 150 722
390 250 678
406 358 813
315 354 778
16 2 646
454 290 797
169 269 878
365 229 965
268 381 604
97 321 785
426 498 959
151 195 836
291 330 841
110 422 634
319 428 866
245 233 582
190 203 502
275 242 890
136 420 720
52 401 873
164 327 958
14 126 938
88 155 588
372 10 537
68 119 710
471 130 767
196 343 543
312 455 969
108 350 945
397 179 732
172 474 961
225 425 839
219 4 654
448 170 538
389 125 936
322 172 775
187 47 653
483 20 721
81 139 640
96 138 934
246 163 735
161 239 880
228 217 564
379 44 601
100 141 794
4 264 926
263 440 509
98 281 586
342 225 733
150 35 884
265 6 547
61 29 672
271 419 688
180 249 585
157 30 957
425 13 524
380 296 820
27 341 906
487 458 620
304 313 760
329 117 533
419 73 551
477 482 596
94 92 644
460 258 608
17 202 854
321 431 901
165 391 751
226 36 774
314 385 693
105 106 660
288 240 666
409 7 787
330 16 507
472 311 806
53 103 1000
298 142 910
403 235 964
200 28 595
252 461 915
93 196 935
115 306 527
284 39 943
338 405 705
70 483 971
310 378 822
377 437 725
122 291 518
232 467 516
40 462 830
441 416 629
174 162 759
351 80 812
262 372 689
432 454 703
87 174 849
488 323 525
466 301 824
141 131 867
112 192 784
457 160 747
18 407 963
491 367 990
41 199 657
325 69 979
317 79 814
485 122 868
336 495 729
438 51 960
119 453 842
308 157 917
378 194 698
239 396 650
3 116 737
309 237 541
479 470 989
247 473 681
331 67 983
361 334 651
133 395 315
241 252 18
143 490 883
142 201 606
323 167 577
433 176 382
352 336 831
188 448 144
231 463 258
447 266 297
92 369 208
176 456 663
36 317 416
326 293 120
256 276 425
205 475 8
277 382 677
227 48 847
270 417 21
5 52 331
193 33 204
468 189 465
34 137 86
357 243 65
236 446 146
299 478 134
79 373 673
7 424 213
327 438 48
366 283 344
137 70 424
45 187 236
51 319 423
135 368 29
250 262 266
364 104 129
283 376 127
182 169 287
416 433 364
9 83 462
