400
393 299 111
71 17 379
302 433 301
405 201 284
336 226 6
62 163 344
184 408 425
28 360 20
53 480 309
340 99 468
328 159 125
397 435 4
423 456 317
295 239 191
442 415 11
97 495 1
317 173 498
450 60 154
147 180 179
270 270 452
254 32 484
454 112 28
272 74 450
233 304 341
42 410 426
363 47 127
8 58 402
202 315 491
157 52 355
261 39 449
325 489 470
122 452 250
377 125 153
439 263 499
384 488 223
284 118 158
99 305 299
322 63 384
161 492 432
438 208 485
17 312 2
10 111 174
225 498 318
260 310 122
205 479 428
92 78 453
441 235 144
395 142 437
82 470 399
331 302 342
266 377 130
236 178 374
93 40 332
279 124 166
352 106 269
240 88 214
264 247 9
416 228 380
469 464 218
303 168 270
153 336 319
179 187 274
57 306 211
265 2 220
15 72 205
59 128 472
463 81 324
320 164 454
131 462 287
77 438 68
213 97 72
280 219 493
101 392 459
451 160 23
21 284 409
135 104 107
372 109 339
49 90 440
34 339 208
123 213 175
333 264 45
267 426 12
288 48 418
428 455 57
373 41 129
481 215 311
436 37 123
491 260 16
370 253 345
163 141 24
136 453 99
347 57 231
382 289 322
278 420 73
190 430 203
477 82 294
113 214 377
402 450 249
191 444 146
50 30 19
386 77 49
300 7 17
313 451 41
154 231 316
155 407 331
420 398 481
43 162 168
175 140 278
32 31 364
223 297 96
183 405 361
133 256 461
410 100 181
294 28 291
309 152 241
277 200 335
480 293 362
243 418 482
108 108 95
115 384 446
452 338 54
244 3 394
378 176 228
462 73 405
354 365 334
221 103 32
453 248 27
111 361 255
358 296 15
297 96 108
465 447 151
52 378 439
258 250 423
69 351 46
341 4 305
203 148 460
286 442 267
6 199 391
217 192 401
433 191 289
473 84 288
417 320 314
292 274 229
443 233 396
487 171 390
22 411 479
174 83 104
421 165 236
152 341 352
468 241 26
390 224 419
47 472 464
356 490 157
293 269 389
185 463 196
148 267 312
91 62 142
485 294 456
117 390 242
476 323 78
105 157 7
126 94 225
343 494 398
273 262 143
425 404 483
257 469 43
319 69 441
187 279 150
361 466 424
241 309 442
194 189 69
121 434 91
90 93 21
167 89 365
56 484 207
94 134 103
380 371 124
177 232 177
9 151 387
173 481 217
109 205 14
250 252 13
458 295 411
359 471 326
427 409 413
366 313 198
166 26 247
499 258 408
497 153 248
137 425 263
274 337 261
414 445 358
471 143 167
418 259 222
482 485 216
19 261 149
44 389 357
218 331 88
95 79 86
87 359 98
255 101 42
490 478 192
204 23 417
291 120 323
146 6 363
412 431 29
440 288 372
275 193 114
437 325 333
73 475 296
478 412 133
150 454 427
448 265 37
242 190 435
18 391 163
310 139 52
180 486 393
495 379 406
40 210 186
201 227 178
498 75 416
11 18 237
401 240 373
2 322 140
222 340 489
346 457 371
415 496 183
85 33 265
29 20 240
110 387 53
269 483 201
282 357 93
247 355 407
375 230 378
212 343 329
399 177 185
339 116 102
156 400 145
26 460 471
25 393 226
385 448 56
58 249 336
206 225 206
444 220 148
362 428 85
332 216 39
96 439 172
132 318 75
285 71 367
144 280 488
368 422 169
472 13 260
100 414 138
467 15 487
195 499 244
486 307 36
369 212 375
207 449 293
120 202 173
403 362 325
387 229 227
489 107 283
396 291 131
406 237 44
461 342 492
230 234 258
376 327 400
408 317 48
447 161 445
455 147 239
79 382 448
445 135 467
315 54 147
379 245 475
169 347 162
160 443 286
134 334 119
479 406 275
3 446 279
119 117 430
208 321 209
256 275 368
349 268 94
419 432 70
215 209 443
64 91 392
337 211 253
338 437 136
176 1 304
80 363 184
214 198 321
239 55 466
298 300 71
335 138 97
209 373 469
400 222 243
314 169 83
249 282 106
140 344 238
394 468 351
327 349 74
125 243 385
398 366 215
365 126 403
35 24 100
231 144 210
197 95 354
23 155 118
494 345 58
353 181 117
424 5 224
271 64 473
224 186 235
235 266 313
128 150 135
102 36 67
70 381 282
164 137 414
434 127 320
383 419 34
78 129 360
145 166 110
60 50 246
170 330 271
475 375 433
305 44 382
246 417 121
301 133 77
112 136 152
364 45 200
262 175 486
103 461 327
276 43 22
51 16 155
20 130 199
389 217 429
67 38 234
220 328 213
307 113 159
48 476 35
143 298 421
106 272 18
388 474 494
61 477 188
460 25 120
31 86 197
392 403 444
407 364 388
492 427 251
446 277 272
283 290 297
13 473 307
334 182 59
431 207 232
178 53 254
342 367 298
162 170 308
432 179 395
381 42 300
304 221 50
234 278 160
456 358 76
165 413 356
41 46 495
65 10 347
238 61 5
232 487 233
449 110 221
227 356 194
237 19 310
457 467 193
323 301 431
72 68 476
360 292 156
496 436 500
7 204 113
429 255 381
0 85 259
430 394 346
200 286 219
374 385 340
281 421 10
493 271 82
37 132 55
252 11 105
33 188 281
318 66 266
107 395 490
268 70 89
36 185 410
199 283 79
139 244 328
253 370 101
192 59 451
422 8 376
289 149 465
306 257 276
74 123 65
138 276 438
324 416 434
