800
197875494 739479422 688247019
470246287 25330059 4749430
867492839 832593002 93319836
690789002 357017769 291644191
798008146 745492095 948979679
569542540 854131114 3091950
752366031 460967766 987292952
340783645 895575240 697060423
89920755 312083604 431218673
826702425 233693032 365064990
385119249 627903694 907577048
353209215 644577849 647299160
324074794 997265399 511944086
730826623 281369729 537206310
132315846 197172497 752897677
149825492 625124101 33535846
963745649 135473577 671381563
754155266 665634002 638938100
540084309 320409217 671829305
819856582 709329054 350832210
717655871 756531481 594578011
373163338 909472020 783144647
812004851 293248816 971268258
31627893 569955626 923911356
894587159 876662805 246053233
343991630 972323819 416567120
804932980 810152308 219495857
650932221 709321034 789232844
551985517 116597227 376179359
649759886 643563974 368886088
466585200 232597850 914874336
722726274 160005874 785164478
362201198 623172184 925199443
992168255 475957159 66276216
564354502 744760021 17861794
717231323 672441738 91208371
953561939 126935413 480101979
925360931 157709964 795514956
23806668 146452258 989041114
347384861 305674193 650700470
301180320 753827051 991043655
179314189 595867189 51183860
604483519 474477982 65583009
116482474 402148786 700794498
141719332 795959232 422900948
15776294 568817743 111093282
75671634 556819874 76503588
229260349 534261479 626750551
23916557 253005005 185812208
802949750 239534999 148563691
16290967 469232983 25821772
200293575 212795298 807742798
703865038 809192114 159656813
765141096 756772836 189370142
342397542 389666197 694760274
38350340 769160778 534749301
412850879 851243985 374846615
46847121 889697729 830251024
369812188 158951863 570857948
762191323 364641435 964016517
608138736 778974495 889275668
805538298 453688968 149396635
673586514 552092783 19829193
674427560 824697623 880196362
466117747 920419299 861698221
564918730 91913035 764349938
496860207 676602624 800162492
998895666 755635199 205413805
63049588 499129713 462291831
36647732 807121017 705523819
359146206 115601560 696560194
339035528 20723398 168780677
133263899 356468404 43079984
302383220 57947996 61138441
497893651 889072354 643477084
449614730 620671185 870458635
291676530 865484833 519245017
1204692 438822372 578781597
425384202 924765322 687511612
53154006 119391530 650483039
460010833 876719723 665769026
901061091 443909406 839212780
341174883 665914655 789132835
19687876 508534335 375370718
363491011 389265042 638090643
991608920 68936230 579186899
917899757 685150136 615888122
286822635 509573915 439308085
116919975 182480947 933751086
149979592 680386689 178146131
720728941 690223199 425785024
421185814 554431516 111881396
79734163 315449110 828318633
353042594 973485272 286605495
679746455 426123574 613685363
444171865 70285265 709891099
484901179 487372459 192927468
184068100 884557106 768367814
153393188 710791342 102963435
476214475 894306811 588881089
293152926 543592470 717089975
470587128 711467534 529144006
422583465 127999132 888420824
802349116 825176067 837457573
412067299 721464838 331116607
198266811 352875708 993613578
974077490 773476964 456404417
689777060 489593946 445532167
792362742 7267839 357942863
727873172 659540455 505030749
70571003 818208247 745288654
80788222 470410356 720852081
740030 87969695 565414520
70139439 169673801 383333708
624078766 711506301 594486473
376695934 216653464 324699006
615640129 731488477 506426522
597048150 498077718 599328421
785010607 435691950 195777611
115336044 626514655 533302503
413782153 811293813 336290724
341500649 127396642 813086353
243063605 93550388 829681508
657987204 123708306 7138103
847589989 98081273 413091621
420534631 194601626 186307163
180944145 936881927 502813843
676396046 896656372 223021976
341553765 447566368 375832842
479488365 835690540 26684685
508440158 924882991 746417293
270395761 846995420 518660238
111954018 205469353 796006627
949416609 334439167 677182716
374121856 635967294 67311040
768317691 3371278 703821867
757625752 810078983 609807838
330721770 588273152 328372985
606290299 257175195 730292008
961242244 297271153 618475163
43797024 895600637 506518867
304519653 473915609 393429601
923188005 369692978 500603938
353159445 577462071 950623848
324828854 239202101 526725647
665301465 321912017 935711776
209802595 965041814 318923697
206321811 200486890 818212558
178627373 52790272 33891528
67100248 969154482 132227083
996786675 552708476 300688276
630185690 429768845 485737412
126109643 904204051 457986924
772739709 619629140 663436145
748513183 771761129 562427235
111465 637950664 87116346
262774347 861819724 616766904
204497508 325989497 150585874
234472337 325716342 52429271
816502644 830230168 308569453
889823108 102879791 887180732
297809293 323152947 65228721
852181488 182254939 589521053
153512683 350773013 467403533
526757540 520082805 624465669
769639475 70140856 819695785
837851875 228949099 150632231
142932700 389850848 637816427
922336050 523354076 106435618
870234364 449825170 63893818
677473117 96791790 287994971
128429000 963679202 389782405
666875704 808210034 362034096
999430607 227070056 602588281
755301213 242601841 443967019
772120571 802650134 262535730
973069503 85966807 423803162
868367390 933182842 198492872
905982881 542708367 352522425
212709636 244665768 388537889
564887746 700038084 589047054
914981475 247864613 454654308
84273104 804975259 222719573
466599512 295090241 760312187
365840795 436118597 345842473
16637936 296430999 913625686
723704998 411751655 387146054
561156097 932106881 845397422
894986155 988950577 393664573
913032425 933443260 936761077
834597065 91889363 374716646
775285859 150338984 558563375
770702569 982170325 151849964
877077099 360746421 706773912
489003143 532740067 379453524
500318934 87708205 146867476
367058415 19479456 583134366
459096480 124936535 316408781
646530104 6162530 233741884
666939960 391363360 386212588
609555939 937510065 712134766
931852260 953612983 247613523
631282019 773280878 847887838
463381877 214515273 972014362
658550180 848550648 649082494
777910199 300782737 389519674
596715247 173007799 926517773
734947847 113756552 1367146
218857160 356287289 839556077
823209949 403092610 497064677
802142033 857533541 138555981
408766982 279120075 66157651
863190658 172829969 561020484
279159274 14747735 732983472
529371140 604300011 738938905
741285316 9814167 275631985
342250671 831615075 4287012
337413963 900269141 318802431
937837201 505287606 411003547
302615254 743390266 218595621
702190675 279132106 945859237
639133385 391354086 383328666
160602801 299959740 556846866
695177160 701218344 315548481
899913812 609531682 214774793
881125775 270777837 6397033
640650625 179403267 189809271
306492853 717577439 647269869
53942224 450768987 834334528
328205178 349386144 395045515
985683846 876113861 387695779
718388850 804071810 317100023
74369642 556840966 869110936
415242970 115850907 696265915
192245508 61949545 154668375
740943484 374650459 11042580
36836856 950564746 446476131
856142988 833143422 509435313
774281826 420413766 890928823
44098506 372798356 713802420
261447651 255100500 839293479
262295727 895453995 727575553
832358109 39482018 907025292
34679885 541996148 76393842
305473576 890015196 472070438
849233691 58785069 846357894
374774300 620712075 389230025
630265113 893567431 77782654
171945636 183106081 107524282
398614762 22891823 971852649
625863523 36173380 425928478
153778822 699103266 896220005
88855483 807111466 756059986
202629119 890821437 649499072
574823264 493574415 593817068
5255764 4350226 708777880
826084646 813773887 622795362
130186414 722738627 668473269
441173246 991072320 351980827
454951372 693294338 999402982
182987144 464095109 448376985
351533369 102750705 390063836
786811875 148028404 29608267
352946770 688516159 141625660
894917311 1228308 850390609
257615565 751553614 591661200
237243257 575893451 42455683
145369028 859014516 693769956
974255701 192576802 629546196
184011684 387913247 430220792
741646775 94489382 733477180
702355092 897195337 973704451
16684718 247369454 9430448
890698041 191769154 193246314
762400639 772634897 824540077
870904612 694699818 516021869
126330059 53034458 331531023
400147246 112443998 268261317
892021874 441502964 563853513
793628179 755120338 707628727
725887079 621917825 693761473
692872285 169873825 163090026
118382773 384175129 194051794
281002416 778783002 265890420
747758128 530641220 943174981
547087478 501152098 579649796
309994769 352301538 402233480
392227548 154621171 938178998
306091640 204404309 365076636
637817200 917277439 489538230
306962634 941018877 682648571
291390159 221972701 959406727
991349292 804649463 58762612
340899241 12938854 687135393
956284256 115228906 179827745
575959028 606797668 597625746
236635651 147994939 633204249
369500635 883135454 111654399
428636378 252060210 195514444
83195124 929751112 805871592
374275011 464386622 836688578
980135286 753082664 996189326
728138538 138658042 619764568
736930477 231603464 371826051
625308707 56936724 388607283
507905630 78648588 560843877
851571327 577131126 100805889
897280380 950198403 145739426
291900660 773920618 120274814
450481028 742595408 491369176
382606741 406872426 192552600
619068281 834116037 94207934
925412070 465376119 867034783
866377062 478704521 198895486
626360812 809523844 765052213
754417699 702894019 702472976
571663543 578908223 622724790
458038560 52823407 725917858
292126790 517127437 453854556
841135814 36606740 443791807
113724720 1263613 831399761
442583728 958415509 254059199
871760271 698636861 310522625
292904409 894453161 717484307
846796553 262105216 372509578
330542514 832643089 614765617
255319666 871977027 924422805
318341328 612602387 325618945
800150303 978476042 574937194
320164836 40432392 599366070
449558898 891089849 625052650
48876252 953515826 974597524
517784437 183104486 65149732
797548610 755419050 606168355
831797209 839397783 978742517
927712796 999361634 460131402
842730703 960212947 72304882
766797761 420666981 20917548
593549154 663420190 839207848
481741993 239956046 394737675
521456927 921151855 509242968
383162210 727877206 583620189
452054535 138919735 651738874
238144615 565659366 520367085
701647539 603152203 930496051
481609954 561558537 894325365
201548547 672672184 852421305
479650721 330997162 368265699
168375306 429229341 249097104
925778649 82349506 179642546
284163002 991628875 648688489
609428201 491298011 96049236
468675930 619318831 684822558
692707562 450880186 70735864
981785788 278968003 306506954
213186251 790064364 305696337
235702634 416674061 234844466
754712251 189961433 688796801
968660335 596074630 910461969
769906495 302202333 942135009
839535354 525012618 397963595
517451239 317582555 760759197
865091181 346416207 958443057
674481916 172490308 971441285
181478086 549832552 866192778
411625263 649331669 889299424
684261867 245259894 222885115
327355462 254452556 920590084
435541848 608323799 43128655
149154907 462289637 526319513
720735884 460240368 727212822
417922611 354840805 506780289
967854553 450373698 641800571
778826432 984557809 109321065
261259001 610844803 86120816
821642094 891048364 186775832
169027727 761879869 196535463
478680794 809026557 129437668
926318607 605554788 130149832
866982830 536261937 854844143
137625907 926634023 744229022
584146485 538561255 146874341
595664274 95249335 101153917
665874590 260929752 48099575
419016345 95212333 73184009
5067073 271827985 574926201
305731773 131060716 883138413
382515652 828704897 127856830
542098231 305295165 225932180
207295802 621414297 258774034
440304430 171268224 390929683
849174990 783534303 737468134
967438328 379336091 224315215
591862077 120660594 311345535
467570391 454962297 77271307
995059507 654455446 550366203
129855077 768687620 91471961
617145475 920868162 136245930
701193484 944824239 349138262
756173395 452881760 594849805
65073325 690988099 630559919
652510752 802148318 270775659
232289220 454795655 779124305
80406986 368692380 179365351
616416346 711875382 836802562
677953185 128796065 232019893
711474251 448945672 493528279
628319018 710107903 790269067
21941229 452105420 35730122
437622864 380557033 708642133
114697263 789207523 317920362
746065334 837950836 79788065
94105130 323625091 386962175
16546221 136524642 422859364
371184141 44575811 265378479
377476168 839630003 158078731
293024931 516564981 89829883
257986546 940697417 93016154
28164923 591674156 364828004
467883388 293205588 240260133
228981636 990881037 134987684
8458165 303234133 442874012
431463114 565708361 235194549
986861365 886707950 386001924
673027059 414742960 39672680
840683897 415245515 669155863
30509540 6317976 20044339
936221446 704280439 257834544
33996053 387133790 152217313
485082142 554784919 37413318
210996460 537049492 589226300
971236330 881665469 406287508
900158729 492608601 923658140
124723562 278421824 142175728
357463301 266022747 786581827
393678729 596449069 451057258
443116805 750763039 633321410
96665182 203081056 522334701
336756130 725798890 340722964
841240240 892933457 49414237
809129343 306953080 563144223
904954229 654381446 662200948
507837382 39304776 720923262
502085242 356262485 93811274
769985348 802511122 241741034
304281144 556831822 227398868
797996203 440889954 319189132
427565268 693714763 615137270
863525783 209746425 902449807
123091909 197241486 152628781
945841148 42090663 441166049
676499944 752887501 928950665
668253245 86030708 218932074
235339453 617543936 383657653
81687157 469655361 200444183
227941049 758720334 96140405
72221482 135057574 394099530
726142245 821648776 736365054
917725969 818996643 761173446
49152847 510579723 720290357
806118247 856931098 771070718
47136956 37378732 321850653
373172109 834584105 467621390
317507597 797621449 746624141
306652908 608577841 866273088
582663168 149426778 485317484
770915273 711764822 190173845
747376085 637069875 141834558
612764347 196979786 63400001
670737062 43272719 858211358
413656406 503047400 329021437
407861217 354344460 878268365
504164818 107831988 141226759
593962727 745464533 30716676
638082119 451128963 77899753
819090164 334504398 21365088
617646125 936437483 691381780
812139845 685164390 157879941
878802086 33178781 406557057
805031488 291279453 115951747
651537510 19356206 851187114
451357920 780103422 624891574
23356003 946373599 496002009
575236066 411846633 942238354
68067527 359622478 642661249
380733768 710146997 549670295
645278314 134559017 423094897
959890901 282379075 840788152
408382217 981427264 41944467
606334055 209859267 395919624
38468338 9727653 105809717
574644157 409155146 895652991
43740429 496999112 537104808
184529435 940702327 337788401
958196221 853044974 657117954
436567605 660870158 854432922
883374784 801382377 558913334
91100745 594572818 976775657
324359486 622279479 474720397
418440941 824508964 474618229
312766699 791444147 195609138
156373058 242015176 139472207
291222700 926888257 746437299
383615625 431700121 367586107
682191194 329809898 637940317
580998201 441299802 162484901
64174994 540214162 229627756
354107224 562814671 367614767
750064961 388111310 360440883
442728148 337498080 317785018
37332951 921409161 54031392
442168907 297785379 582043353
499926670 528294484 208364725
600785229 783623536 402763602
465170238 644423943 507984991
641799448 973364607 644961116
881796790 749284585 149428879
461661042 829245317 149954196
502571248 627053315 859547423
301382053 389105482 917097192
445990463 747784190 583542101
48233575 123039595 153492029
28434670 873363685 5353948
954874627 198219684 621111850
233401809 355845479 935378975
805592631 575687576 456585461
575301510 871594334 167285345
608425125 205602969 494255715
929067211 972425735 194830836
459782029 725886466 137659982
83592715 546342526 998873564
143166517 239255400 750070139
955303588 279757445 847454415
819437597 971855173 161960582
408408317 633620065 913068432
571156708 453044653 461555748
351203968 628161067 559891547
170226744 450331409 371579123
919106769 394497716 83091585
6470126 299044580 32898850
814875290 215934504 685349164
871487709 165574151 487622574
572341076 377623247 616429824
312840499 655143617 464789453
550370316 855685675 878153106
690629809 812831618 316979882
247857412 424782112 865662409
51018416 894503927 743031941
431532474 630410091 191590671
992653832 741421528 625798891
958389050 395678676 426097804
108689617 550162628 436077837
413153383 671508249 203723803
870919053 167600162 684700089
236047025 76369498 865299104
179727770 653548375 914294505
510673088 438561179 610596712
780863843 429759455 547068932
847424970 30255506 486946452
15576244 313001313 350459963
991707543 523805885 873444896
227902017 310055335 383442764
692138791 268954709 237277869
171290771 454487637 905504148
142426654 677604644 465022749
161653365 952332677 380574221
66756040 163442311 349248673
801474557 488137401 946600432
966115416 956384038 132547266
432098711 502507973 824328589
817788687 742565812 244163856
182410629 353451757 831434154
515352131 405385563 816209302
904374970 460808399 211693255
526149074 485498279 612560674
664647653 195888052 147465236
306915121 319243173 519586887
287638463 592901272 930790563
661358450 833652852 811260031
483631223 94683116 608902283
905565982 805068736 248334385
173984631 995216716 815455625
361918494 883354752 545110416
747933538 450061523 136972436
193481002 326087359 821496902
963991496 977160742 703240491
542304581 562469034 572309007
45666830 866333863 800062952
926105896 823539492 110449971
7228701 683528569 359393120
973602941 807290896 87802615
512273369 839121812 45014143
153281331 27298163 153645900
418669445 305458639 283017829
730428701 6095157 703578011
974041924 583295402 798823045
218938097 773064701 141160206
874765278 251341461 339610897
413144141 544718708 23670779
944341692 261158843 644107861
729485848 176363921 847938400
173516789 427911833 368780202
185569460 611928950 127266784
42007094 224952123 518840541
260209324 963971607 275461032
178717632 972071142 87921768
280349981 101406995 46982315
35500075 31169474 633603025
91179225 199839752 492433546
204962489 46923370 907244378
176214205 563210229 596003370
425440177 771531006 806360294
698596463 380992650 445107433
3165213 561247495 83846311
335726564 109015283 581590918
249194515 565763226 8650798
451817415 783398961 319013133
282908893 479773818 895082335
496498517 423085776 522247050
372275087 140709851 685767889
268381200 11947676 160311442
86774249 443962153 148749360
292028641 762202842 233557371
52020507 531025346 525459406
551587431 699508463 809339299
191625822 983957028 837637817
729547506 884175491 904698223
450316927 632918323 235531796
220979160 114477639 175181961
356733871 531206818 246464147
76805952 481761117 428581168
986250002 674231589 80011831
688443982 525524711 100476956
58452093 280430734 722655635
265184475 551497854 317878311
645907329 858057623 763540232
197177978 13500668 957174498
530012818 774710836 716050426
245108763 265293242 765895619
435080405 165863354 973327303
179520169 319182402 79464356
865821653 908204771 692173102
982395249 501626683 619571541
285823688 985410687 123158909
707205715 458316977 803544444
851827465 536135306 944778188
622807999 770656901 259544422
961114091 98636018 567742306
428806924 337699986 872685829
365508859 274982471 668550848
501232102 866649115 222968176
487837665 13507847 945638696
530086030 162104781 210895917
675967540 187151159 110862057
920583861 708416164 790653663
574458162 205377405 425338552
276885617 25691269 444040141
474184550 131961802 785459069
122383590 142946785 833931307
417543414 424828282 406251978
281291433 372418631 95067352
23233458 480218715 401994133
322288899 529617700 414949400
789235822 510112886 854816303
502424460 618670179 772245130
279457473 605101981 678504381
104801578 450786921 241030793
738737867 871334957 896270546
179299222 702272597 628001519
884241271 684982114 977779337
290606650 825634057 851595543
321843 825081567 53182539
417378640 682573303 583369028
337154693 12892362 730804114
865702546 900184675 930412941
299782383 423593277 67541019
503238685 920366416 592609388
784141672 854756996 707967965
457726838 752530177 512002137
711925460 631538392 772556472
718725275 781855638 59406841
204887436 719214411 549894366
403277127 677339432 201640033
107852532 792562758 141312885
417135014 871413951 243795138
817769815 973589293 144517437
172426245 118176851 415920699
500335445 660526958 19324068
404916463 252622741 335485429
147657889 147636837 620858330
158332188 323708611 704688613
559234440 383038388 373775977
852933821 937054577 599465810
53865479 500650976 439984116
515512133 136124429 6264420
696903103 28989183 776095378
122204744 268184549 638699260
50872204 208047401 965337636
999196330 802710728 978363227
372148593 903886770 945221870
89729462 875181409 681460433
868071342 349943977 162103573
293310537 595961647 810290917
908773907 863516252 570852332
392901751 465266449 656251923
59144016 368260016 462235024
454675747 804236865 184233325
726087087 566278997 62669829
311608178 895146986 4225741
167002300 676183695 244162456
334253902 148031594 614343212
437778023 406783009 977393718
253545091 233843004 870476143
667538695 243574884 2160921
83370013 782993802 591439163
967986924 570638339 973114767
632229088 18906191 969757302
54113801 775145834 705260933
139815098 619010138 707080591
312622593 234613561 557829240
985510497 667481644 217368739
819706654 480662425 88063301
697673501 889490822 465212837
814644903 638844402 206678988
815789585 675764755 729589923
60317377 161599810 657684188
396957415 900132273 38252276
205149981 380772654 124835846
408108407 111795392 832567681
321673887 186498125 714082963
602102786 262912733 415070716
371160831 195492534 949757401
925023571 235406165 155857102
668692385 329574543 860764902
87463040 73117119 98607869
535869716 884738085 511455702
12567358 857145196 318281202
544070737 447480172 276647681
597767104 301481098 465393483
625309851 142490905 22480842
644604825 733562618 122992207
143875307 884456993 455884541
863051773 621450149 353353469
264288253 579410892 310955971
775838156 570288486 649199284
652527865 6235979 139190585
471165314 784760035 636298666
582465009 707821628 905749629
249389449 408349873 100301467
400023052 880840644 269791569
348339796 769381351 932296843
284158059 966671048 958249036
424795056 546527127 368609334
584701565 505817499 360541076
363710107 519117318 967313439
979060679 404336893 831517295
855686984 464466947 124885881
287238005 452940080 631269716
698925385 808083179 699853869
116432749 902378953 759429198
665367218 533962906 904416440
798021624 587677456 37842501
726424588 241382387 534948211
676863063 1492400 408109157
911864356 942740784 408746947
909464500 268361037 133360389
46634342 361761267 301822054
71417504 363036875 636199307
658336041 993221923 497866808
500087703 303923672 344003278
391494160 181505405 503896722
759005096 594336144 592958918
767919324 508420733 146553642
915565463 43971195 754065556
418871339 648290966 122193682
787922661 671289573 661025160
746804689 290575964 677568035
892999304 852081259 93581757
655956277 706506993 645700616
782468307 977605058 535134084
837252967 705470679 793089535
862616875 120116950 39773778
418846938 730017764 427321117
136173325 665952685 504672025
749351769 957479781 88867017
844705845 428241460 429125086
508340066 738828368 339262916
173922518 474536351 568409412
886886008 517019992 171661923
444623261 441866652 221394624
375262391 377370576 701048958
197065954 699846746 556656325
811433349 911369154 934189826
407357026 284368660 284511558
769179806 80847841 8740968
164432771 301467493 527778151
462398238 731018375 835047385
76965318 762876239 910444557
156196238 432485842 150706653
395632760 776900626 461638728
