1000
274912635 559248994 692381214
270523935 78584033 591198085
693275765 575093958 272489338
671831881 86548954 596338485
460442283 330568978 28419691
382950303 253623090 527047875
667688041 853493468 708291526
329152620 520568927 553545313
464531530 732773797 21263080
971340148 735689566 496078818
193639993 178009773 54904498
4481235 553640781 775067959
372695110 901772554 559330744
614809549 29987984 494204035
897546587 99618184 863663589
502660555 297742462 231765813
587383184 969331442 963945407
510852215 750183504 928686938
169764065 227538685 429453845
649714931 444571486 352640632
608122936 858933205 90331548
373254029 354832021 737470929
693613707 637936964 513593901
771937903 370437473 765628356
952254228 69201410 274201689
164345521 748460427 307496752
123624169 823741452 646784050
994718347 65757635 997853106
402008115 995273846 277692449
980416818 378926229 772415134
141621582 775281128 778388623
277842954 899026307 970472067
933061037 984063752 847496107
400169678 53904853 896933886
317726345 391863316 783812113
547729109 596536156 112927456
419217126 764604988 949240604
799928673 314604071 181985885
512991208 3344961 339537191
184841086 676995784 569692829
426035729 900610847 585769115
341461390 987744405 182854112
777772537 856456989 253852247
677795280 336817464 966620971
586379699 104385533 691104433
365646087 629860890 656669344
707099685 644002356 178621841
909500284 63713555 379344855
630871249 269582621 401145481
940921771 930494543 176958631
612383964 196872728 693160111
769227937 541257915 199552578
940276942 366570913 364846200
678443016 744969581 879428756
138416103 202835840 514305273
132055208 754577532 476375437
236176834 801616532 606591250
249283145 819265686 670787499
904954537 724743893 117181218
163709627 848856706 297424455
977958815 951018115 497860591
71888129 747831655 702671517
914205141 692271341 911825660
567486108 534702979 288954527
927135553 890429706 416706642
185284845 879792425 306731741
452542744 887900352 865049357
958986572 728004663 97721495
894180279 441099147 543340857
503302771 73182246 797430600
344925156 209844137 442536053
314526786 597711452 594775213
224342992 237307318 153417019
196506752 4229597 364824435
188014196 887643882 791962350
594048816 935248332 518517276
235662309 627210821 112960315
179998121 156924531 190660855
911989129 533530117 458324158
733596982 925944433 535299507
421785032 623886562 410340088
709436207 627756732 873521225
286002563 697401681 411977707
424391509 245862782 798958374
345441891 403042352 667818962
879168801 315646557 757138645
186108147 77156799 342233062
647125796 547567830 500752527
355669279 969528256 319079792
826520661 915316746 757877622
473763450 759851145 3763048
208164472 11097633 540118200
131590858 263671629 291492357
942348497 56797662 60657393
337681718 317905285 498421510
725826002 580827619 875463576
102308424 832350523 489667129
200771633 925019824 744058257
438337022 73976261 195798913
693783095 187563116 222467512
476008889 476226770 744418811
946775585 405207607 282637523
749323485 341595616 993892466
871244583 322240175 487229163
469507497 221793698 872652845
668612935 747379772 579840586
681928117 578085101 603938209
967773393 585047959 46571779
256669905 761516142 95999067
903772765 393102280 278148838
140395895 407711772 894371504
164241846 143740947 212581844
422871043 544683944 726537794
824542457 71988521 337585433
478079187 572264036 26765629
22263957 453423029 95262997
389909961 835790941 616059586
341324918 630801995 38949691
971520549 784979516 900987088
527536874 175468456 472549889
649493381 630677846 174993476
824265173 356206253 72770665
496605879 48496654 758222968
668090722 606673933 130511280
957518435 381981163 162618010
880238563 833156764 825085823
180449761 372894532 695434269
69830575 720783776 1109410
844601365 6812949 526457702
311787121 192155920 73786074
38861355 672401678 451309150
170553407 494648911 140137934
244820269 798549352 255593584
311843114 10100756 938445767
8119383 990597392 901210269
116443719 65512867 698379099
255933157 677507490 336207213
102940616 815219581 479456269
744990005 883971771 272850524
393029128 758401553 510316476
395955266 275945440 764678942
675420532 612207278 591146591
77683084 620126232 82231593
302540657 515458414 139093627
323860158 903123210 730181062
83960152 398118510 842971484
102669428 780475294 512144077
352958113 329037983 884836258
112231923 738707243 517383767
862982056 156718259 700444597
596767724 906242820 716497453
944769559 930619170 4859719
595457637 457748199 746373363
541023867 765597162 666987211
39747952 257698753 310502779
181701932 778422305 50627792
772253289 581356753 258851948
221306746 906095136 24910356
864176493 300938990 966630995
234927756 618197485 8051207
368755759 940894656 721102600
464887949 490123081 625648500
97635314 331578789 808496957
312909542 554804462 79972579
839485926 45931374 199832674
861288036 17608042 524605229
949602297 115220110 813323551
863504203 554749074 512314035
460569898 338142235 68959028
458806912 798108572 798612847
291882369 258840878 420365103
42195653 162747960 361022857
692061775 841306273 547279899
15072564 861565454 382248465
401358480 611616922 541444810
236715035 418627297 85069258
218878986 771436384 887097271
819621332 163605721 6420828
474755658 802731107 912080331
140793348 617541931 623860901
598343175 856873304 717846829
475976861 172394609 142753957
847805720 111427072 473794932
553613395 805898565 963965355
21803743 700599299 559073212
913339648 500990086 440117934
244052226 580108396 17018092
169839261 85307598 296590334
251830301 523081192 129325054
712084104 211454601 841624246
380660018 480474156 657520375
633570021 894170821 718884885
142106794 387896478 708157630
96946122 645206905 621774387
723036535 68667689 46559096
876976395 968057482 251324809
577056397 754983703 324658870
110644478 123742958 121718921
951580961 773215807 595087803
635430950 881570751 678713329
467118542 856006586 998616771
669584104 111943416 944227895
714486258 277787212 993092027
960693705 25781317 607014810
288646535 328826403 182584870
362887951 538425944 578821596
975754686 878815475 676711318
142842203 949062737 621867187
547349621 622619663 597783633
836229356 391971764 574578683
175776995 994855487 407283196
181384510 277292296 537518747
513587117 518746493 485784394
910795740 50899110 226602312
709012342 310453960 751793404
117409557 586780872 792624046
154373943 964900821 546271789
977841584 41996400 992508537
58165511 351587272 455427938
287325825 256596470 531982584
143276080 415536491 142501054
618159058 856178127 928893529
418202126 877271742 983790522
828847127 186664617 168288915
618318151 625919130 160919653
536456402 574620397 710260764
968895535 823138548 9748295
369939128 754366476 664946128
187938729 73972146 829045961
242493671 655588225 115655443
382519591 354712517 379828889
963619582 222735862 385041781
280023924 125895339 169553411
310355993 573802269 698838350
506281077 345533038 203305135
413604581 931230732 841179368
298583203 376473748 812663631
981579526 122269652 493072364
481871758 586712271 484837482
284674172 833291051 93759383
461937533 553895117 346182770
426005404 594109050 90178954
800969623 696201549 869078531
773764038 30746812 992026226
348089485 137229490 711000570
242597344 931680999 108988421
647000264 180097801 304036298
197184104 141489326 562579268
264985433 968254181 667348822
677667789 339333941 925542039
412216122 94135458 827803678
30947132 59702339 308945882
107167912 144123132 561339124
354654921 660599644 990122284
458348742 433208376 141920750
601339600 872468574 274076985
630533641 496288987 529465002
455810178 808993401 546362609
263976965 403163456 707576212
499758756 565902096 841630061
417100624 603751344 683964409
176388568 779554757 575448069
167308303 203034951 887687064
553533967 150434441 996101284
988454547 356273313 658680577
142532396 757919184 171016090
920611156 108596804 78214808
199825938 220055345 814576046
785342393 934349858 921363830
271990221 941967308 77408420
285956268 199970349 297369952
130771406 486915668 235678169
820186768 840605285 221874262
35633884 387641557 438253061
783693245 697200783 816663941
247160409 587378682 139981459
585306739 119740548 492997305
576418277 839807765 978251224
867559136 823101245 452608649
294226929 293325896 552198398
675981993 540039653 423422613
951701019 298139577 21059408
884126388 661096831 174062427
638445237 86286155 641220666
663592714 287120960 597800745
634294400 474981771 961677921
895467890 329707335 662826032
728279685 810669707 750148091
853611544 835201007 122080578
721694366 741597692 87936261
914017182 104757505 667863925
171729356 734928168 385801426
136589746 328603063 366382749
219393692 320882542 755649301
267524616 850765394 951122373
356178053 873846672 55857499
502079233 73201043 878225562
379119900 542891065 703198230
514792452 315078223 876437005
39754300 994229077 474871760
427325556 2920002 520392610
552950710 223701338 848830006
26298232 588408352 131176798
407844809 752001796 363851451
710954688 891372247 364951838
701152820 213337347 64264276
428244630 926366699 369102317
331633023 264708744 126517320
672644163 549528840 958910220
372193346 604098615 235597809
842708041 738283736 192155792
21163148 338050131 270472513
555007258 671431410 241895184
5512760 557816615 539508116
152916880 181076496 577196579
475741374 696266336 53872644
657420776 581561980 210998540
949950090 791881968 75173358
472748257 85804047 142766021
478338975 434198173 705826675
18400349 194824538 393811796
127676693 120661653 204081280
912069535 693394429 518967042
475644707 176492396 690372397
449035609 515413098 581966443
384024190 43504151 361590085
870868807 622308446 956535394
727274947 24849275 194145470
278142674 481898636 437172677
915915715 986169916 952283657
753806803 101956723 787813870
568424234 469321565 252539652
116039415 661813082 600494530
283816751 311663549 898787408
744115254 435688731 82820075
530461583 852635064 247471021
954411862 814320694 612449729
757949072 28574438 203934667
84631224 360068517 186945218
476456178 47944708 513927550
671030102 814113165 444299770
191591044 680007883 202211873
667280458 892118215 605630128
430506092 201325790 456565504
572803655 325746313 138290435
703144382 949946766 942104245
107623085 571511367 999751452
133473676 665775946 36702731
683040587 942429107 628338202
584275772 447899498 266230766
816200244 157723697 862051519
377916743 930195581 75735468
324905992 654806601 428920443
921279352 676419538 598387810
562383183 738142251 823472671
60366360 858421829 179908118
526557863 972906226 225896685
677457344 726262547 278664408
470308411 41025638 619142725
429816085 831803079 125378732
440517955 686919614 154487877
926850441 441401357 225968388
573465649 499233078 353973344
257538600 503850916 982477847
91208657 108993169 254702557
819126526 257099300 549855159
63349335 491738497 54181421
491149335 23009849 287874175
636387270 22975569 330908418
385304627 841800945 978626105
593362407 339304364 745583784
707996392 80224541 80665902
587231568 817153254 627731103
231319464 460968110 1780393
605259853 281786871 380714660
386107970 565011000 771016704
35191971 942875165 787425403
612762399 943343355 785333633
597130017 557223122 636876183
549011406 199233978 842196542
336911152 41273719 959972158
642912436 377064277 47321484
530028036 575411818 212983126
566859913 14267930 515379724
489405096 457949185 345577668
802669133 89022469 498855286
892690914 10843905 756940592
256644792 522696413 307133771
64770351 150336224 756434243
996416492 320003101 828320215
13066818 823495065 479978369
731891554 682264350 760709855
121449182 194310332 877761573
143298099 264660707 736962728
624425238 643313324 635578896
319973169 28647555 621652618
761793056 56190365 358395427
652628518 467982064 230706
610227624 276624026 448055177
779185617 999568669 639284090
919753882 281838760 955667275
995828902 197345257 992077011
280708243 127836979 949899659
192897432 426805139 370037504
243267408 882638145 423437522
324240020 27707399 433965570
695769643 436234186 52634459
492909101 353848129 746396902
420610820 42566892 434542054
184185711 117591451 170528962
118503599 357664591 808540070
829085372 692297132 896183498
459716777 458088101 286264826
20712050 901433375 264353774
128664170 78374935 310829814
82142166 891005067 948433103
203581999 92204973 523745051
29768725 131526521 995355752
114805917 591083212 854302564
761862498 109042840 645276596
983381375 565627037 412768889
715919183 216657676 589713170
750681087 552035372 842891684
395721441 529056806 607259446
27950282 568968685 878739199
377408783 986997850 675973766
859997642 785011471 727061840
896191663 62129216 151803619
346108143 982598471 433636045
177828850 840977059 251891285
258490711 661813234 398039234
499789683 772301912 218407014
674630517 301839382 26972550
513204120 754347261 135337233
444644387 335003587 901000556
180360069 297575320 495763586
578588106 576467147 863315806
623676062 199822651 856541066
226784616 527076243 383334301
155784703 838345499 670378963
353686391 773352447 845733304
43447877 470749687 592193717
69153662 971251029 770241440
506481907 411404051 115102705
432005680 576839284 8351423
485030226 255742535 618220774
42977713 148523973 314800894
286045803 965388046 118901939
559181272 64126204 947238102
630379754 179628161 253348793
429356860 599023589 434536583
413043960 404704540 740090705
729201627 858486806 792512252
508414651 125089394 389638192
189132373 932427017 477458430
581483983 281133664 163980785
559973330 367373033 303111773
808812369 923514945 911073214
921055648 365153415 652908814
340946736 892262186 570637905
353763843 20409138 564225749
769832856 330006332 291054285
273304840 127358958 985681726
703264099 571496601 318573222
612476511 317873613 696680242
295995878 868706814 150404688
379764823 501973655 366452100
460067504 570426435 272670345
531490407 415114338 3672223
164013936 143801105 833259912
339212005 624544477 894688803
482191315 337767249 932122689
792808491 81399782 870654612
346729387 686314696 370443540
717788128 276358641 308283158
937367442 957513526 621014570
29531714 211606578 808810311
970210675 522765780 998030318
103802603 70071570 650185308
19722355 625921779 826733160
560736501 10362158 545823423
317908039 501024662 930472730
155591889 505577122 259615472
977887892 505045748 824824250
707642558 776831684 887542006
693920003 358122377 618065051
425434380 204817718 501534766
458613715 651239215 966071205
526006076 166846494 475611772
754891285 691334274 681183789
563920701 324105279 712867769
296188060 938378671 436790439
456097574 757070173 718150707
459465816 560717659 228017850
304155842 713822684 519652844
804794368 224732135 308973853
969905138 682337171 871458940
604356282 184649640 808548305
192965083 383138030 845602966
982320126 256880595 901900796
333899931 737323698 21280433
970675134 11104983 881057035
713034973 834770888 127579186
964570916 246122910 782149085
278482452 630844381 796485364
434850095 295269379 233930521
908867489 638088720 700326155
66935675 243302783 408415848
110354898 567988523 825474858
145276067 646082372 678546998
313453046 649466273 185992365
57116401 336613125 842387060
128144119 34539620 845605130
816432541 929253976 731518581
16339313 772725339 737372501
560485342 478120435 836887
717566317 224339796 378741075
164847664 809512836 146238355
797935172 126732290 585748145
35930237 81511196 985832159
510616595 498171522 402373432
225174680 12617585 105666632
984157584 144873755 365813388
974194210 970099664 492431869
457045452 255047593 69407169
401676481 267079442 195407137
124968795 294923583 296724728
367196723 745382723 446921097
424369700 26333752 169852081
291416033 39738103 769957643
786775192 157401131 761606408
649095550 306535973 541208484
43895730 515975065 413300690
402424536 327904297 767167315
104388272 888689891 795506166
239204609 771501151 886366263
109688434 33708130 186232198
321074181 16842011 216343474
532506680 70247029 115672422
256594860 114078184 609451872
671630556 686154149 824421715
33701061 311292382 471426207
736033299 809292909 733425238
775900763 851255261 742378118
317851882 873739108 90944916
563431629 496610223 73806289
878011723 461182780 544700327
235673980 670610738 589704665
590477027 597749186 596437272
930960642 796936411 104040921
661483316 87423307 696661884
919201272 582409737 237773834
713059005 793066872 332690388
394047185 554037601 851611482
643321076 327893170 57480968
104170422 880868298 265610784
589721000 20163742 870061308
868523937 657395422 612743150
963922256 917164716 864353789
474275293 677707952 731111871
774245313 932491077 606103233
451934920 603980735 310540548
827857146 18569576 198721624
740377206 56097574 472139368
392623288 687528931 288101176
226034438 824905039 694414525
87339299 588274008 719700968
848357330 934734355 624842061
495086076 837011171 262807777
231816699 560270487 955572753
412231368 19485871 52348109
643598411 44154971 459520
737271810 497709121 354608517
481335217 435563531 884615195
450591050 497123040 2461564
816000134 180434894 59663346
326549116 560354690 458527323
561274491 507536433 257547096
350832901 401277560 535595436
573733519 95148239 455796924
471595479 817701039 233314208
323468218 767702397 820941491
63529335 641641881 475251230
623519444 409979880 593981042
221422614 103601508 776051056
155692875 711753947 530553359
15434442 5550623 636212998
653272566 733794413 443976587
572447887 184098121 476522032
9708575 641526089 625437968
750279640 219814826 562098612
648063367 718793799 301889217
974111348 503127210 213913787
118114505 212606011 420776248
449599833 617793136 481047776
182603822 986150211 755884185
193481832 742346249 750058509
483748218 122886690 750928283
157583636 419178087 18741530
749406924 400659558 693699218
908703015 734717165 438443292
647591705 188574281 420395345
833663682 930699326 410420256
263184394 560089435 723855771
770616578 398230294 682684614
700074190 18015279 339542153
231165947 129746324 44985734
117015086 141469120 926251128
256639470 109352084 908077132
49639699 422944715 111842796
254061988 369068664 444631566
654677969 231327678 636844566
817367484 747730495 2232976
216578199 151466332 655610109
656801039 522466429 335359947
568096535 96948649 867220968
352739309 942555423 189805049
805287752 879809088 363750288
710542227 465527032 55777689
621499805 755818436 500734092
303809952 697492263 777311130
694555604 34577902 160990219
202765075 61797488 974871680
550781200 134672047 240021482
823513347 222477226 618211122
719782526 648999943 805352824
227668391 349799767 864134058
160440712 248171679 245775184
658287048 360986201 749381734
23181859 176926870 712340708
964657231 568495361 523262446
842791896 170405725 4289497
570688232 814032251 439483097
131135684 171410095 12607284
927951590 153911339 394665230
827252620 127483778 54157856
698135250 83565156 805713762
858146414 830570048 998719045
779472243 778036583 732550478
286234645 850460244 423570235
607290962 701546143 149802759
111738156 391675777 39133603
915888702 774570511 668717300
625873063 845861997 403494123
364222438 119497422 234374903
78473353 540265113 459668584
174752077 537667970 888897224
240415362 157509382 652302145
389240158 937389713 790780841
756815784 597526690 233883688
687187752 878814599 76705495
583512759 800175849 247460115
951601820 784024413 792342597
155997478 931852924 296812921
159575889 529384999 324932506
436565002 692638610 182160254
839529170 935854024 890417633
157985789 119628653 820347913
471181469 380692265 795830917
717544669 438666709 85806884
652865631 301511483 317298685
404268058 13155017 963879802
309860473 774885446 535372893
1874632 23419651 722366267
319333321 555992600 502119820
189493563 871315952 543506639
751837253 977155318 857392469
53201558 795492458 230381729
139546372 944287833 574925727
279890567 717997648 784450244
972028511 194277572 747315819
612413887 384275518 537133523
69683827 955093814 906950167
642301377 412554268 14806106
722548076 363908965 927811208
12803660 429111037 32542028
409486017 45717199 634801919
700043395 770407618 819868523
937335579 377407047 881783611
236528427 900844281 80874300
180957061 473243429 734127633
751131093 105702675 192743918
716430622 244855141 21253682
264452540 729237491 387350530
208273860 436385522 681799724
107903324 507660961 261208697
101417466 784879744 618590133
740561321 680700874 824541720
846018886 700500491 124605001
231754250 477177413 586770044
426658616 628631624 252216476
563211059 75516341 989896180
324949860 149970654 78875178
626758180 949403122 123743442
413131387 590523830 207693085
628804631 772843856 768202516
754776212 806402176 147774714
226900324 335952698 669583226
380822634 555375858 451334250
779918701 566101240 642125693
653333690 819282829 428764594
172283039 94960960 962704360
535857533 919685125 78381152
827886665 242129861 873321410
467845668 371455887 806504292
400064695 612126958 588122415
398330261 891774480 954757147
20053907 152666353 682140279
145767294 467958913 970128155
514811364 900774395 681544631
923475519 684981950 39560453
647106505 377695118 952309632
771412375 297971264 428240683
493106192 604400912 459048263
465703847 864346124 331622702
282970029 170572383 558337977
599489113 152039243 208533200
863356290 203749298 77408403
68080572 130228513 341829959
782153115 590083324 986813220
547746753 75455562 627086524
392609053 774489171 875199276
91438300 414515732 102330083
436892264 342584057 501936317
219082732 608391532 425929777
72662888 263473562 206465330
752159428 324750337 460920603
339250523 318667637 94891229
191157954 645747696 811380794
144176737 735906563 183071769
619691072 79635841 514313948
686640385 893520425 466388409
417237281 965266833 976816963
525473735 278350826 890034173
708935292 774676942 26851422
239379747 31909588 802916612
91973561 877647946 997182860
179098275 351738517 739967323
286152661 681486178 317137567
657932873 269752503 60198388
170794469 464878734 24897556
436596616 761591186 74522790
776590194 837859290 293438750
973309276 854685352 802346893
339876180 75766225 206809651
547394297 515060955 332105090
695653944 735881568 87815273
699822499 48938691 87819552
542593467 632467144 645683937
586933598 25598225 284616918
827121670 33089486 363713421
42156639 615963808 177197
326885696 713713124 155741013
743944490 875458845 642542475
990628727 731441873 726433726
523008906 902836185 716012913
542939979 173801454 409273915
376459504 302980392 943008268
810071280 294798299 34253374
939082569 153682111 778719520
666740420 229811093 558603926
526229438 295628001 834895423
876612875 346835784 203704706
965947280 369575380 740967778
913667008 879727978 174730131
509187930 31963049 867083068
340624550 918938895 965484876
230365719 79720760 24931903
389612499 154118760 564152091
232146702 824938599 387414032
921321403 509762303 698203283
673180045 425063766 4923712
742925907 630477652 211171885
769233695 162337462 195587365
113033187 841024398 282773150
469310797 647932764 671783808
881771253 676631060 365392767
90295206 666120995 57537486
696641535 257027248 316471031
137574214 141897192 370181723
8869178 637002093 156388363
312653718 117409573 686324655
394466731 74311420 165887810
163663832 952652725 169934892
857223114 500464566 683031523
320300945 319399501 623929778
883014004 175623903 417096920
901889140 31574117 676605323
193571514 214256009 638917777
229954278 552430826 213621414
526104639 786673062 109011970
309022925 884694889 292699020
849670187 500718870 450058970
704347923 868866054 19755184
641767525 364242788 796736062
62160388 849704981 799780486
520656313 790035465 892469025
955605908 648961592 221863580
710900131 812429746 50338183
659063953 21648929 481515455
676244128 85531210 539180735
624384555 73870698 181543118
764470925 200646406 337922979
485937985 65114503 268952409
375207937 724341093 463810439
924375336 597822581 353472650
717349362 799680627 721340153
544228640 653261137 736258915
861351918 659699252 26672168
897951630 128902776 676084617
768647455 701040580 908299802
23606548 382204717 411740918
277075141 196569993 915509350
579614378 40714274 849871566
543100480 105564373 547308304
834874486 398533468 555521543
331145825 615594755 524312262
910019422 567567240 706053583
846689934 572054187 534431096
176171261 12671435 233442611
881802095 232559000 39889429
370640571 340421761 961648571
144539024 871085654 256065846
436619012 935951723 854624710
903605599 784024515 545413251
73555311 508858279 767995099
117961801 721466858 791639372
612453048 106109009 371506460
275575779 28288998 164463965
575610984 351853508 565861141
508089605 516544648 585221550
817538619 142561254 561673366
310622179 377376434 532274872
633918673 126474298 173480280
787991739 573016203 670490379
408126010 55713879 838567760
633367609 213956395 416030245
280864430 480997106 859570276
772042107 855054575 782055039
722411261 432413113 555188034
549011556 686128882 130883024
498668474 482321835 927893699
582397192 982153987 927662793
185010914 348097610 117711444
97843613 584408094 374350730
415477819 367827762 810459007
240517754 243552427 848149846
475980650 424169681 649752835
787273647 985957843 509824714
435354802 166842197 662142249
491320134 103513554 539624192
483633458 637995576 261007439
622258138 183205028 988731601
369467526 853777670 713309315
553496884 32609887 160763159
93448534 619217551 509643201
551568630 114689851 213541562
709468398 705238946 498971186
239066565 616561664 85883541
958078744 544590245 760140841
669172583 578309817 943003063
9970193 434777904 942358155
647591921 389339367 195492527
210940198 581322234 370756317
655688511 533530291 493672279
692014674 202438778 766984622
150400114 559929176 94596204
92696758 519639326 48640007
134359014 596439230 328756441
916437637 325350350 60074035
193264685 792209048 447437594
599247521 255284634 159884849
318950180 525712412 784626019
783715388 325625879 858621066
780972348 336909177 310908160
442839941 200334343 11748152
849197406 619147603 209476018
926870843 17267212 852867597
183943654 616879158 686344267
745477787 619475227 288547128
639002511 387346028 337759584
669515679 892734215 404218998
116295071 782102776 275753790
116845952 484089315 813127796
334936553 528346943 105783681
88043101 423450605 98132576
430158879 551570931 204136209
649679561 430673814 688814866
285055099 237984932 147122095
638901965 377383202 946042002
574999675 169993006 950566974
696369938 145719788 311802938
699818905 384692148 773318462
673898907 104354829 392289610
262322578 191901993 287076703
64186225 649295243 699844048
417196485 784410794 584711407
407087100 990106705 202167807
39709422 36502641 988801402
183070453 630585167 725443618
901854980 694737874 278530701
653160199 544745223 71705167
860847651 260185881 293301691
409920784 761406245 941698815
96330162 76843567 548645956
336711879 158404949 829033130
507762967 111673229 485067219
748527926 168096909 428021267
400385431 692680939 244348916
499796077 785704807 179165542
220989899 599068803 137823580
728119566 47522706 886102641
358314674 478773166 10727961
934004445 241231280 114306385
627273746 985301126 140638011
353881686 703829909 32244740
203384479 851742544 548101555
962692037 322235706 361146848
776443220 586677941 633743493
895830609 65603380 483721390
355001140 809621261 553998237
148955698 271971391 973483345
187759699 830225157 260281273
904126374 407583787 819282241
211804934 469623711 587627033
117569457 581408293 425276492
576638336 48925458 858212813
723883646 119237880 560462569
541296565 518112057 878691548
888093660 558634815 997152293
941142964 51867008 89693890
339793553 274447592 829966080
415524578 811731334 516757928
409723656 263967978 309329817
823312998 814482388 59819292
145573564 142569061 679055702
282296600 906230395 560556731
362811023 849476588 555296668
365322390 790876788 877431516
219544845 741118686 610546492
15914147 677480736 903761317
403653594 513663083 431692285
481374256 483675101 86979670
605607468 896399372 510428608
942043083 919662157 805278782
965740221 961850449 353165361
716402973 233527373 284591743
137711481 238925460 848364540
221919647 51376549 409246235
67210095 519101215 16482014
302825137 104641657 186553529
770633888 609102007 603960843
834039404 6783610 118163802
699102177 881722493 620963224
98341980 73683417 733870478
960164671 677891522 736579904
471301708 503095211 939963489
14039232 593162887 414074752
124979697 743398635 712510461
478237686 763975479 941729531
7451855 570684419 554714912
997594562 336021511 173483037
206668316 37811840 321100314
890060142 733694362 435096462
940376121 601497181 175046385
34406251 997382534 932054152
387839514 925140733 995955131
472689058 109995183 867929440
133889635 779647282 236698356
755949730 616793691 634694116
339473926 973583100 745067383
873265030 348913875 37197794
344230550 682358254 522777782
584497519 856940961 574621297
386573219 72246232 775043785
453973599 947855094 777300647
878003362 494937728 348689637
435013704 131579483 583126534
763758660 532602653 668028290
862857693 409636448 47909473
849499601 340685440 733375981
595862373 480590429 7326319
881166219 459594876 4076594
265865341 385964275 187612162
232355223 187592657 746265524
109720717 929727395 735738859
711700177 753054554 966722553
857856659 11569607 996981797
149344943 33247023 274805681
227168737 807720785 312164034
36511618 477718141 892411272
607593580 410656758 867319549
537863373 56368812 550729797
996830164 443940451 177253817
29632909 764528634 510023508
473373850 73972448 906408197
722462199 636730936 564416972
178330568 412438624 362776277
960422123 59287889 487974066
909416575 311328283 831386546
