4000
411 5471 15266
1872 9309 15135
2788 2452 17688
8955 4917 24787
9187 6016 28949
8236 2386 25776
1011 677 25707
2528 241 15335
6964 1867 25184
6381 3255 15052
7120 8883 13086
178 1 28064
4478 4077 21481
5249 5626 26049
3841 6276 14753
5768 4511 29449
9552 4170 23811
4779 8866 26684
8746 8880 10852
2707 676 13507
9352 3842 25712
8450 2247 19512
6865 3144 26804
315 8402 26927
1702 9954 13104
8471 2166 26705
2589 4025 10776
9612 1231 12143
6701 9984 15663
5592 4391 16938
1938 2874 26975
4307 6675 20856
3043 789 28332
4341 5093 29558
6406 4637 11335
6120 6321 28328
4950 5572 23339
5790 4300 21832
669 1072 19370
1480 7569 14487
4667 8017 28652
1560 5750 19465
8576 9721 11164
2401 2557 16853
2739 4277 15899
173 815 10652
9657 5261 27461
1638 6642 10431
2510 1708 29494
8892 2875 10433
1685 1560 24067
9161 7872 16758
8490 5497 17402
7718 5822 25197
5880 9389 18407
4324 6531 24035
1169 7432 17412
2239 8725 15629
4442 1143 12342
5535 5983 10514
6528 5507 24643
5521 797 28714
1190 8791 22173
858 3617 27624
9751 7427 12136
2798 5006 20556
6966 1008 12246
4954 7323 13510
3652 7888 27388
888 579 14959
5136 5494 14752
9869 2873 16234
2404 7099 11249
6049 3653 12817
8817 486 21979
9486 647 20134
8203 7651 27688
9794 2703 25859
3943 5035 10916
4897 9140 26320
8830 4238 29702
5429 5592 18736
3264 9823 23732
5319 1540 28946
4 7480 19027
7055 2958 13599
3153 243 17608
1989 7640 21555
1433 3004 10539
7435 5281 25302
9363 8739 21586
6770 2383 13626
7074 6071 24862
7439 8183 27829
8672 9555 16820
1868 7426 15787
7585 5681 27158
960 1824 21561
3241 421 24129
4008 2606 12981
5580 8381 26563
8147 8877 29426
9225 9447 10284
800 4960 15511
7610 6188 24222
9177 410 10601
964 4644 18558
845 7600 27884
2299 5493 20120
7191 2040 23813
8640 3478 28846
8038 5081 28449
934 64 10668
7371 6031 21222
733 9582 28673
9217 9089 15132
829 5488 27609
936 3110 15373
6899 2298 23899
8217 261 17325
6059 6245 21191
3665 7752 23750
3341 7976 27789
9969 5656 27573
5544 3516 23683
2289 5711 26871
9912 6816 10531
6933 7559 10744
2378 1556 25995
9230 5985 25989
6756 1244 12402
1078 5567 12796
267 2314 17054
6294 9139 21865
7179 4225 16402
7401 4243 27203
3971 988 19013
7945 1578 22214
696 77 18779
3682 3017 14505
1069 5564 22472
4777 3070 11493
3141 3108 10863
4984 7530 14209
1894 9629 14333
4542 1813 29965
4597 7216 26661
9313 830 10795
8642 822 19905
3120 2962 29749
6069 1543 13114
2569 1603 13508
6193 8471 26344
2349 885 18702
8643 1839 22498
6288 5549 10060
7708 8860 25998
786 4748 27489
8166 3052 23928
5865 6255 19339
6340 6018 21826
1332 5222 17588
4570 7011 18438
3091 4712 19346
3724 190 24496
5238 8155 27633
9601 3496 13403
121 3475 22257
1105 5607 23942
1192 2615 15529
990 9471 13816
630 4489 21749
7181 1037 29198
5176 3158 29502
5905 6823 17992
8538 9932 19911
577 8783 23885
3007 3000 27330
6004 8790 16926
7566 4295 21985
4858 8413 20100
5116 8032 16913
7458 188 27695
278 8343 21536
5158 8494 19695
9341 223 25545
2719 6324 10830
5386 7925 13557
5102 8389 23903
4443 5533 28097
405 7236 26272
5252 6212 19594
7784 3726 17266
8549 3532 24500
6893 4151 25578
8653 8615 18454
94 4552 25891
7393 2204 15313
1822 3523 13630
118 5939 26836
6148 7877 10761
6977 8782 20038
8692 6374 15192
5082 7469 25299
2195 5417 19655
9519 4453 13390
6785 5058 10053
5746 2641 11751
2809 3221 24890
2046 4777 27340
3689 5353 12667
5632 7375 12977
2545 1966 16894
3596 3526 21321
6317 1627 15434
5537 6577 15841
2091 4110 25845
8074 4807 27470
2470 4858 21488
2752 6421 28729
7087 3806 10251
6393 7660 14913
7999 7964 12270
7002 1827 27976
1133 4325 11526
7414 5448 18585
8218 1242 20411
5829 7875 16253
9081 3707 13912
6493 1799 27406
6236 7537 18120
2650 8818 16997
739 5818 15532
5195 2227 22707
8169 8633 12448
4456 8798 16962
7692 5520 24985
5987 2300 26654
6437 6962 11135
5941 2850 23181
8047 954 20149
8670 335 25091
5040 3390 19345
2792 1500 20781
5065 4074 20867
5868 1013 19093
5258 680 21958
8995 1829 14551
6476 5132 21310
242 2139 25310
671 9117 12845
1818 587 12888
1368 1859 22535
566 8476 12905
373 2562 28964
7420 5089 17878
9056 2286 10389
5236 5573 12334
9516 5811 19119
8822 5212 13220
2952 9483 18574
6234 1308 20998
4223 655 26687
798 2739 23686
9815 6228 14348
7943 2469 14239
7169 7032 21091
594 1101 15990
7744 7513 12156
97 3739 11715
4286 1840 11986
7248 3610 20752
705 5960 10954
2463 4565 22146
8508 5770 24888
6161 156 11297
8856 8468 24996
2162 2842 24264
4134 9264 20668
4619 436 22168
905 195 13731
8292 1290 21804
9903 6671 18146
6619 4660 13535
5042 4240 17783
399 685 23513
9200 1660 15203
9060 2268 21876
7615 3660 26853
5547 8107 29389
5641 9225 11749
7811 9454 16189
7142 7618 23800
2839 1924 26555
9734 5248 21800
9034 7132 26524
9090 2164 16873
8083 6338 17625
9170 3060 17249
4852 2957 13896
3399 1216 27400
3180 5017 16661
7737 7169 19950
7871 5867 23151
7612 4633 10766
555 4932 22770
5419 3328 12418
4694 9797 29115
531 672 25585
4633 7737 18889
878 8813 25818
7522 2465 15142
648 4227 24651
4665 6433 11353
7991 803 13119
7408 7222 18517
4204 4372 23367
7895 9337 11169
117 4981 17919
9373 2695 11665
8727 1504 12222
1759 8891 26470
6361 6132 21225
772 8937 27216
149 6392 25377
6670 9347 21761
3421 9956 29464
8451 418 17317
7547 9668 10771
1327 9517 10227
5276 1140 16030
3028 3774 25894
1900 4038 25815
5148 3811 23050
2277 2157 25979
4229 3852 14870
4901 2659 14530
1380 927 27248
1617 5480 24571
9770 8689 19632
2095 703 23409
9889 2993 18241
8101 5909 26175
3870 5403 11955
8473 2276 15692
7318 4425 21448
5247 2669 28622
6636 2764 18221
8518 450 25381
2259 1736 15679
5303 283 14661
1469 1587 17699
409 5206 15244
4522 5928 12428
280 5271 16574
1571 3735 20430
4291 3615 24544
7011 8795 27427
3828 109 26712
3002 8277 22802
5468 5910 13560
9660 144 19159
7665 5024 22466
2495 3015 17226
358 7770 16108
3586 5578 15531
4416 1702 12444
142 2461 15254
636 3451 28504
7738 9000 13052
5725 6114 24880
3246 9536 23485
680 2687 27279
753 3368 24929
1836 5031 22406
3956 3387 19961
8882 630 26409
6587 2 27426
116 661 12976
8611 4523 28615
7241 6394 18045
2139 9268 20332
2946 9341 21972
8962 2519 18344
7611 4941 29813
6190 8843 20774
1143 8769 28008
4701 3016 13206
8906 7656 10048
3147 8850 27218
9048 4809 17255
7086 7528 29250
3818 6497 17670
8950 2205 12940
6474 2431 12790
2435 2156 15084
4523 1782 14537
795 298 27202
3119 4657 19445
830 8812 13024
7153 1339 15887
2357 5468 12573
6345 1825 11046
612 9836 26107
2158 2689 28525
1739 3291 19640
738 5963 15518
658 85 12485
9926 1626 16438
1163 618 21011
3183 338 24443
311 6813 18578
2564 1969 28489
9108 8131 10715
4884 7125 10696
3878 7355 19844
3974 7324 12200
2498 9502 27081
3501 2629 10736
7496 488 27766
2493 9960 12962
9285 6087 10153
9514 7751 17857
3109 3575 14791
8694 2569 10870
2817 2768 13123
6733 1132 17157
4010 3535 10693
4670 4299 13029
9078 5014 11774
6967 7364 19626
5377 4098 12281
9165 2803 26838
187 4426 27083
5615 8269 24671
4331 6012 26438
7542 4864 12632
5066 3216 15536
6302 4399 20462
7944 3994 18834
513 3887 22981
5707 8314 28256
9568 8216 25292
4023 6839 25872
6581 8062 29200
5235 705 12401
1079 6185 15444
7206 886 28654
3067 3456 12021
4272 5137 28254
1537 3666 26525
2381 5155 15280
1556 6989 19349
2126 1347 24394
3896 10 26539
4913 5264 20525
661 5690 28923
103 2363 10640
2297 1624 15932
5435 9456 11829
6256 84 25681
1658 1993 29681
4812 5746 28310
2489 802 23378
48 8600 17061
107 6780 24891
6469 6662 22062
7647 6576 10666
4894 7000 21387
4991 2429 12408
9442 7664 15454
4739 6928 12669
3231 4143 20206
590 3759 13300
3124 5976 22849
1329 6845 17636
4623 2284 19344
8353 5685 10755
7967 5758 13830
6981 7279 19389
4181 5757 24794
9357 9889 29870
2114 8733 23731
8655 6625 13143
5069 5496 15479
5735 4802 23129
9248 1233 29597
8807 7727 12010
2264 2501 14956
4116 3519 19646
8866 7121 26048
3020 7787 15816
3121 1444 10007
270 4724 19166
3558 9163 29260
5392 2261 24218
3822 4906 26513
1108 2102 29315
214 5724 28076
8709 3580 10200
1722 743 12377
4871 4781 28039
4912 4294 19656
627 3171 27122
1276 3507 22051
8958 2187 16259
8278 2026 13475
8637 8263 19728
4009 1926 11623
5685 300 19497
5184 718 17298
9577 7182 25512
9710 6141 21962
5489 2318 20431
2341 9126 10454
4605 772 22482
401 9332 25543
2559 6137 18768
8957 451 27859
6128 5380 13977
932 7081 11906
7990 8831 13306
8511 2325 23959
1432 7498 13417
159 6218 22143
4462 4331 14161
6530 5732 11435
5006 6091 29005
7796 8261 21289
5502 1912 28551
4469 8351 22741
717 2556 27528
1502 1124 25341
4826 2728 27729
7096 9992 11021
3894 5788 24257
6735 9648 15989
6851 7280 24758
223 3 28736
808 5311 13860
652 1880 28920
624 4326 13134
7114 1092 18539
4932 9178 10798
2640 1737 28718
3057 8386 27577
7345 9749 24300
6905 3812 10839
307 3131 16914
3649 1499 12840
2848 9283 15620
5388 7234 18044
4035 6028 23116
1939 6746 27842
9669 9976 16770
7139 5173 20964
3525 4812 25251
550 3590 16172
657 225 15643
2777 560 17866
8825 6594 18695
7556 4952 21981
2556 8704 24359
1611 167 11340
7651 567 25163
3207 7584 19255
1345 2412 18368
5248 9788 14486
5821 2919 29104
5255 4305 15842
294 1785 10507
4194 2347 10714
3048 555 18832
6109 2613 28450
3671 124 11391
7025 3447 23310
5265 2943 25203
6494 7038 24687
6029 3504 17000
1528 1285 22356
4102 4273 10592
5904 1169 13279
8341 400 23911
9079 57 22913
9179 5082 23958
1643 1193 11627
9045 6219 24603
9894 9049 10560
3484 4587 11985
4774 1963 28088
6328 5156 13028
3412 2608 17441
9445 8388 17060
8570 1399 25272
1550 5277 19177
7170 6640 26699
997 6665 19801
7233 448 24252
4583 8711 11221
921 1555 16824
4301 246 10873
9312 9886 20487
7276 8318 23951
4210 4218 15496
1775 1422 10353
9753 9862 13574
9774 6005 21753
9089 6848 16893
7050 6655 14720
5439 3613 17153
1827 6177 29360
7236 7810 10731
9033 1918 21331
8902 1400 13187
4981 3040 19297
8575 2496 12075
2011 8112 27996
8252 4393 12372
6847 6541 14003
1089 1930 29031
2657 4009 17856
8004 2801 15706
3866 2306 19265
9360 313 15888
7789 2393 25153
5957 1507 27698
3753 6837 29437
9260 6432 16767
8425 9597 22749
950 6383 15425
5494 877 12737
7307 5817 18670
7512 614 13349
983 3560 29160
7748 712 13033
1021 8466 20652
3702 1581 23272
7245 5435 15885
5171 1996 11090
2669 1977 18895
1862 1612 23304
3139 6281 19182
1067 6415 20548
9299 4767 17662
5676 5008 23937
1094 9877 18564
4872 2961 15140
9171 7519 15830
2451 4404 10166
8224 783 14501
7470 1409 29636
7958 2747 24756
8273 8437 24649
8280 4219 21218
7584 414 25788
3738 8537 18479
2950 5457 16408
5029 4518 10854
7022 9148 10947
9074 9021 29373
8913 1774 11070
9607 4760 21001
5903 4736 19804
691 2108 28364
581 4408 25749
545 981 17121
6741 3330 12478
8968 2533 21062
3575 3493 28678
8527 8838 15832
361 2536 21296
9687 8326 23467
4695 4707 21410
1609 5605 19623
8569 2278 16487
9272 1361 10113
7256 5662 17741
9250 3029 21203
9594 2999 26004
7434 6089 13178
4207 201 26844
5475 5184 10703
1134 2698 26343
922 7733 10785
8750 997 27650
5374 4685 25270
8148 3466 15586
4631 3420 21267
9256 6916 28911
6736 7731 10803
7677 6695 25516
7419 6393 14500
6005 3935 22680
6440 4183 21688
6207 9622 15405
5563 1754 28705
295 2979 12312
7168 4988 18747
4929 6714 24679
3816 3668 10043
9597 1360 12331
6507 589 23592
5737 3681 11881
2980 8764 11673
1450 7300 19008
1172 7791 23635
8117 7116 23074
4678 6611 12390
7394 7649 17533
3097 9934 24812
6645 6892 18074
5621 7445 18842
715 7031 26224
5285 2626 27599
6272 2670 27738
3167 4837 21841
8770 6607 10983
6199 3964 25601
9129 4540 16560
3239 5023 28000
7720 8219 22089
4322 7504 24910
7122 2883 26266
4844 6652 14843
2213 2436 16296
5525 6209 28767
1023 6346 20571
6690 5004 16536
4577 4080 29238
9423 259 13668
237 43 29482
8740 6817 21244
8291 2091 15826
486 9550 28888
9480 6077 28870
5145 1074 11792
3993 396 11825
1709 8206 26676
6647 3709 20467
5305 8781 20996
1973 1342 26214
9347 8794 14511
2042 4530 11780
8755 2036 27117
9793 9084 24461
1392 9640 23193
9867 9982 19137
1634 8352 15701
9762 477 15438
7223 5797 10066
9627 5599 11196
4939 4899 25036
9333 990 29983
8804 5183 12726
3819 5037 20553
6084 1728 10659
2744 4314 14396
9641 527 17643
8177 5547 10825
2462 7908 22071
8771 5760 11544
891 343 28330
5699 4815 22877
3199 9222 17524
5770 6339 15184
6229 7980 13287
8805 3224 27969
6233 3410 24349
8836 6987 15647
5913 8346 29370
2075 1066 26326
2061 3568 15604
6112 2704 26407
2291 1450 14464
4820 8009 27809
1895 675 18089
4378 6555 14811
4163 9316 25207
8722 7072 21998
8633 1841 16033
3318 8821 18507
6338 1113 17322
565 9616 11860
3336 3118 22783
2576 9766 23527
570 4406 28752
2375 6473 17036
1524 959 28407
3224 3146 10770
3557 6790 15592
4314 4049 23987
3803 254 13141
3840 8652 20478
8859 118 27485
4754 1032 25594
5897 1848 26731
4491 8900 28066
2926 7327 23309
4734 5426 14481
1339 2778 15519
1274 1082 27670
179 2033 14265
3361 2609 14968
5946 8474 17731
7533 3196 25487
3920 8649 12273
7280 2080 21869
6399 8288 14193
8011 762 19121
5420 3549 14951
5357 6442 14613
2631 1223 20510
7210 7171 24845
3456 998 12551
8048 5445 18023
9223 4223 23582
9287 3257 24043
1873 4473 19382
5840 5569 10684
8108 5235 29979
4350 1376 24084
3975 3862 23318
1626 1138 11337
6692 2206 25556
5996 3614 11574
9437 7227 27277
3595 4202 15506
3872 7402 15580
2273 7269 26434
8935 9905 18615
8154 5178 15426
807 4417 27390
6094 3022 11416
4354 8539 12031
5899 2466 26923
6828 4902 18410
5842 8555 14403
7003 3779 14611
1223 3482 17691
1839 6832 20566
8820 9401 19437
193 6696 14565
4313 1521 14933
6811 4292 16087
9025 7494 26897
8193 3264 16604
7263 4291 29659
1494 3706 24694
2198 7100 17795
6570 2636 15665
7010 2677 19302
8630 2716 14483
9689 5450 15202
9228 5072 27079
6058 2299 12000
1532 2539 26309
1211 3525 28299
9884 8909 21152
5851 1758 22229
3034 3885 23016
3006 4895 28936
754 1187 10300
8884 950 12128
1241 7575 15376
9146 5981 21002
3380 1798 26583
5990 4096 11154
9582 2256 11103
8535 8185 13620
2924 6468 14708
3369 8567 15638
8618 7294 22296
232 9167 29881
7617 363 13110
2113 8732 17965
120 3013 12999
6874 18 23694
9459 2101 13074
7348 5979 22832
229 4158 18061
4720 9129 11271
2506 6731 24587
259 8801 12341
6594 8995 18979
8598 7713 18823
2553 3888 14172
5482 7907 18877
5 523 19447
6290 4340 16361
5581 8955 10515
6301 1088 21392
20 98 18060
4152 6140 25278
1123 4897 27356
8386 8656 25312
5758 6181 10877
5571 501 20585
90 6849 15915
7156 6903 17409
3505 1266 22643
7788 806 26486
1542 5892 25110
1191 8939 27504
8585 7732 21004
6870 3486 13188
5703 2217 12417
236 1177 11091
3643 1031 28409
8122 6651 21546
3722 7166 22560
3110 2646 21524
1601 5152 18388
9496 4550 24276
1981 1041 24094
8045 8587 29365
1416 8625 14426
1342 4800 14897
1142 8826 20293
9432 1095 16243
1897 9620 15032
7717 4367 28136
695 730 21674
1062 4962 15530
9980 368 19233
912 4947 25679
2318 4979 27456
8885 6936 10082
3106 1121 10747
2600 4682 11990
6900 3116 10266
7106 3985 22600
6194 9856 21785
3042 3967 15934
7591 7577 28342
4241 2685 17632
3417 4728 27622
7421 1107 26631
635 5220 21370
2424 6620 11434
1527 5885 20285
70 7793 14994
2998 9022 23606
5830 6657 26254
7768 7243 12265
1809 5875 13766
2308 8173 26122
6991 681 17101
7410 3348 24612
9605 2039 12626
1238 7051 26744
3679 7786 13927
5596 1940 21489
9562 2802 19364
8650 2566 15760
6666 3838 22777
8827 9799 28072
2748 889 23665
5549 9746 16493
4511 5133 17930
2256 4251 22959
2397 2717 23961
7898 7854 17033
9454 9742 10162
1584 9492 26789
6339 3095 26842
9809 8913 23600
1942 174 22665
6359 5899 25983
6875 2894 29756
3238 9683 16205
9814 5442 11220
1680 9524 22725
8949 5618 14451
5299 1161 18966
7719 6121 14238
4990 5330 23030
8544 4950 29352
7347 2364 10735
3666 4916 20997
5931 2249 26898
4263 4576 11838
5143 1319 14457
7119 5965 21632
2779 9234 14683
7216 5359 18956
5711 2478 25956
9925 2042 16343
2101 900 12320
123 3863 19331
4398 425 20838
5463 4857 13917
4227 3835 29325
8809 6220 23334
6536 5716 13418
176 9852 20095
2454 9906 28809
3617 6042 24804
4960 8888 20966
3392 5097 29547
2086 9604 19508
7019 2941 14871
9570 7740 24625
7220 7749 11042
2805 9537 13167
9527 6552 27836
1992 4616 14101
135 6998 29450
2509 328 15285
3009 3066 24124
9469 6049 19325
8334 5314 17804
8299 7348 12494
1622 1424 18524
6700 4402 21034
1216 5364 10819
8477 7084 16283
8333 792 16091
2232 2479 29708
4483 9576 13237
207 1375 18719
9850 2238 11958
9661 5371 26225
7660 4553 11827
1925 1270 28786
7930 9160 11723
910 9451 29609
8821 8844 12117
5684 6429 20885
9199 4376 22497
7821 1045 10654
6145 4179 20194
8914 7012 27345
7745 6664 11588
1820 6403 21089
8219 8301 27665
3634 9119 13511
1271 1158 23113
4643 8022 28543
2879 3375 23521
1794 3088 14060
5448 8440 27720
935 5532 17083
6555 7428 19279
2914 869 20580
1404 7799 28597
7575 9162 21661
6653 2122 29580
6831 4311 25743
1369 7233 29286
8742 4584 11753
3087 9866 29456
1645 7074 13424
2176 6449 23772
7947 5049 21284
6283 6465 23919
3844 6075 18441
3507 3260 24964
2500 2075 13337
3436 5106 29821
9070 9432 28315
141 2234 26880
7121 5951 16276
8254 8230 28572
1120 9937 18721
4408 4224 10774
3563 9556 19786
6344 4249 23333
9630 1989 12174
86 8892 25160
1382 2599 28696
9910 5893 11894
4077 1655 19252
5611 2422 26477
4862 4430 14468
1124 4310 12395
1301 4060 20294
6459 1027 15461
4860 2518 13531
5994 5376 22459
1407 9265 12300
5059 8988 12687
4748 8038 21215
1218 1923 21566
2794 7688 10573
9975 5186 17751
8839 44 24447
8308 761 24691
9806 7039 12730
3817 5134 15568
2107 3354 13035
28 6145 22000
8520 2061 20349
9126 8377 17280
7551 8626 29838
2055 5800 14576
387 8483 23393
963 7161 25936
9548 2322 10092
1181 9560 29287
7574 7245 12820
8417 5289 14417
7058 6891 19856
8719 5736 14084
2413 4083 24889
4385 4661 17143
4888 1711 12811
9722 2272 20979
4567 88 24976
6346 5482 27801
1928 8586 15786
656 9552 16885
2073 3126 28275
1945 6801 29790
2180 5431 15469
7390 8817 10437
4586 1134 25048
7214 1693 24437
5590 8487 29694
6678 906 12678
6923 1715 22947
3625 264 20914
3158 6298 24179
216 8902 26694
8992 686 25440
4024 7297 26765
5338 4692 15783
9061 5778 19390
5964 883 27225
4922 6822 21023
3658 4028 21298
8649 3429 18859
1121 5344 22017
5819 5393 23638
5134 1439 21693
1880 2523 15509
3921 3599 25720
9304 7591 14542
8391 1126 18880
4382 4309 14927
3697 7476 27816
2894 5421 13397
2824 8055 14277
2006 438 21399
2248 8336 19353
5383 215 23139
4711 5575 15327
4219 1622 27428
2387 5620 15615
119 3990 16811
9236 9338 22627
5879 1649 18245
4863 4663 11432
3598 3175 11915
3692 1252 29596
5341 5896 19972
7151 9088 20303
2223 6045 12288
4323 8773 23712
5057 9571 23574
1080 1349 14695
1621 8221 18259
2438 5747 22865
3688 7628 27438
286 6902 11901
3681 4909 28004
2690 2607 18408
567 8980 25992
4147 6341 19727
6308 2132 19358
7107 6333 23726
9503 6644 24628
5431 715 22334
4047 2673 13233
1493 3837 12883
308 6486 29324
3520 3423 28413
2846 4821 26062
300 9650 19112
9450 228 13745
5565 8954 10843
8956 8194 12569
220 6852 26934
5395 9500 20291
1072 4888 17185
7985 861 23545
580 2065 22698
8779 9305 27840
5665 831 29554
4343 4284 14006
1280 189 11519
9133 7645 27923
4474 7777 21739
3111 1889 19376
988 6742 19971
999 6706 25505
328 4903 15900
1371 4951 21453
1747 1152 24529
9064 4578 21875
1972 9382 29861
1984 5859 22043
6159 9595 15755
9893 4043 23583
8295 9878 18773
8765 3164 26688
6965 4722 20063
7109 1600 20214
8496 3026 27276
6780 8546 13409
5793 1538 12455
2331 1003 19097
1476 9795 15416
9037 1611 27696
708 632 23434
8364 1908 20207
5511 5104 13068
8078 2181 26370
8837 3848 10751
5652 1812 16934
8426 6472 20945
3928 8133 12023
3823 1961 13405
7145 7939 24657
2153 1727 28546
5033 7919 15991
3532 7284 24637
514 2376 21512
5927 3137 29436
6997 4911 21171
3915 183 13505
6729 6081 20702
2110 9973 15406
4724 6896 18466
3060 4579 21668
8287 8744 24857
771 4127 22073
2121 8462 18444
8894 1935 16461
7941 7360 11466
4627 1962 13961
2367 3244 14282
124 2885 18904
9542 6260 10242
3432 4953 14519
728 542 12396
1941 1209 21878
6230 5836 10845
5969 4400 15612
1547 7106 14885
153 2863 20615
2199 471 12244
1434 4790 27349
3515 6126 11385
8097 4887 13893
5312 508 10448
1158 2409 12066
3891 4556 28047
9674 6307 15424
8055 3968 25861
1481 3226 18735
3763 1794 12589
9838 6735 18126
9409 1318 19375
1565 4956 22729
1033 7088 15126
805 6502 26045
2391 9085 23464
9811 1547 26718
610 8532 13870
7116 3292 16435
7570 3529 22757
6374 9782 19648
8343 7536 17521
6794 1004 16206
2977 9041 11454
7661 7107 14618
3611 570 28980
9949 8856 17248
5760 7438 13631
6639 7644 22367
5172 5735 23655
5968 6299 28788
5117 8205 29421
3632 8019 23716
5044 401 28075
5831 2532 25917
953 3785 20888
5526 1906 13737
7849 610 23247
4109 3605 21418
1041 5548 16732
8362 1100 28071
1244 4385 29668
1419 4155 18399
2815 9869 25496
4351 8647 20176
7593 6335 17911
7461 5813 18781
2119 8554 20504
2025 5748 28662
197 9919 22087
9820 3682 21669
9632 8748 28515
8455 2000 15796
9105 8847 19510
6837 751 19229
8772 4964 15908
8501 1202 26269
8167 3787 27433
9739 4599 20549
1288 5853 11883
9587 5333 19663
8685 6395 15131
1620 7783 24823
2247 6912 29640
7132 6924 17606
209 7417 28735
7180 7932 27182
5286 4457 23820
4327 5779 20939
6566 2813 23340
7300 9508 11786
392 2491 20007
3693 9110 28700
6565 2672 25561
6858 4188 21269
9339 5627 12162
420 1288 27790
958 800 29517
7597 2384 26987
9131 3823 16463
6936 1668 17387
2098 9694 24260
6911 5628 28410
1291 8338 16061
5697 5083 10169
44 6654 11355
5485 4293 11496
8354 9395 20235
3989 7440 28852
5709 6368 24582
4505 9055 22283
4421 3585 18307
6261 933 25325
2281 16 10728
6113 7757 14638
6927 1049 18651
5127 7995 29804
6919 8535 29253
1042 6954 23032
588 9761 27918
1598 5621 17762
6131 7874 27127
1381 7781 21433
463 9279 16215
2514 3425 25179
8647 4472 20444
7056 1468 16969
5123 3606 19875
7698 1470 23379
9989 1731 28878
7368 3675 17687
7277 8623 20055
9421 8091 26714
4503 3005 22476
1729 7005 14963
9167 412 19041
6044 8069 12853
3933 7046 16083
9783 3563 18540
8648 8857 27526
9458 3635 27283
2911 5964 27133
4671 6876 29451
1217 61 11893
5301 507 11779
9050 3337 26657
6962 7942 23483
1320 850 14676
9088 7157 13316
2937 8719 10534
8076 310 14917
3772 4955 11234
2939 1566 29209
2620 2387 17168
4239 9998 22979
2702 9876 22345
7887 2001 27408
2968 7546 11532
7581 2106 12631
4833 6128 27533
3375 2899 11738
2898 192 25520
6404 3902 19879
4105 9459 10759
2844 2560 15111
7219 9027 17435
5534 1939 14351
7572 1719 12547
7429 6507 11614
5832 5786 13384
2039 7936 10733
6186 4280 13376
3978 3508 14762
1012 1810 26223
2590 6865 21798
180 3659 15944
8080 4198 10116
1514 1200 15883
1976 657 20259
9617 7275 15741
9174 323 23131
6486 1175 16694
4321 6446 14237
4682 3380 10672
8597 6144 17353
698 8855 22435
2869 3263 21681
9560 9654 17896
4161 6983 26201
7909 5523 10895
3304 3623 23106
5257 569 25831
4450 5940 11889
8588 350 17513
4397 4852 26405
4824 1083 16769
8617 152 29354
2986 8196 22002
4836 9896 11389
1521 415 29611
5601 2622 20047
3206 6040 16426
9489 2334 19908
6132 6493 27474
1899 6477 23320
2668 2870 15985
645 5053 10988
2774 3932 18978
4834 2678 24173
2781 6480 19480
4693 816 29400
8332 6300 28070
3466 8114 17889
6795 4323 15995
7681 2045 27692
2728 2381 18375
9002 5111 27132
2608 4699 20111
1678 1721 29618
915 4047 25589
2109 9329 16557
4589 4741 18943
4558 7734 19328
1160 8405 22800
7103 4681 12673
249 5170 26127
7178 121 29132
6716 817 27883
1379 1706 27660
6660 8627 25595
6408 1428 12649
6514 6759 17508
9186 1413 27951
5554 8512 28069
8583 5363 26246
819 6320 22563
3892 2814 16518
1765 1391 29091
3130 1325 11659
4195 8752 17635
9251 3524 26024
7997 6055 20439
4679 1235 20768
5321 4152 27621
4959 9263 18802
1210 1280 12242
9213 892 28701
7068 6677 25829
5077 496 22079
6850 5972 23742
8782 4100 18604
9649 6198 20596
5966 631 20661
5254 9882 28121
3955 9696 15209
8668 7820 18645
9624 4799 24139
1397 2564 24238
2151 9271 14893
1723 3824 16125
8328 4948 27302
6513 6996 19577
4348 5680 10861
2628 7507 21650
3659 2830 19925
6783 9141 15541
174 24 25742
2793 9507 13536
9411 247 24689
8846 520 29117
2323 9716 27411
2250 4872 10778
7105 3115 15074
6125 7199 18035
1344 9990 29866
8802 2270 15917
1848 4054 19630
4254 1640 29321
4528 7314 15090
3288 6975 13877
613 5160 18700
3777 2561 21678
2189 947 29535
608 95 14820
2503 2013 12980
4384 7937 18164
3107 1637 24127
5805 3269 15058
9104 1664 15691
957 1644 20249
4472 9430 26362
4930 9109 10532
3074 576 12202
1082 8983 27703
8424 6293 19960
5083 7571 11171
6872 1943 23997
4479 3977 23383
4170 9832 26859
599 9414 25755
6557 5894 24708
9393 5022 20330
6450 2485 16587
5037 9989 28865
5498 6648 19173
3066 2771 23417
5743 3858 20629
2188 4630 27673
6696 3541 27548
2960 3181 24981
1590 1755 10151
1740 4714 10926
840 4829 25345
5756 9017 16775
6776 9941 22136
3615 9812 19537
5613 3643 16256
8199 4339 11567
4022 9995 13789
3085 4318 16565
6762 6756 22011
6299 2856 29561
3784 2587 26129
2799 7244 13205
2551 2834 18529
7258 2913 24164
3535 5841 12108
8516 8475 11746
778 2307 29785
7488 2148 13672
8086 2738 11508
4768 9253 10880
9934 4628 26763
8656 7574 27351
7039 1346 18226
6395 6379 26590
2416 9112 27759
7626 4377 12339
6185 710 14704
3027 3741 19192
1418 6527 27841
6509 7616 18869
6616 2473 27285
3992 3314 17161
9721 8030 20425
6562 6006 17924
3612 8011 25234
3785 9581 14409
5769 4869 15408
5246 2907 19546
5929 6684 16051
752 1639 14408
985 9413 15581
521 2293 21543
2827 1911 19075
3143 1491 15041
1871 5298 19388
7703 2617 20881
3880 5440 28665
1564 7959 24374
3895 1228 23721
1594 5671 29095
9564 3312 14094
7150 4164 19111
3815 8622 28707
4492 1544 23260
4455 1863 16072
769 4913 27878
1516 4641 19544
1115 5260 18054
3843 3979 10876
1970 8787 13782
5753 1044 21702
25 8713 17500
6812 6440 26769
3715 2799 26753
5084 6224 20459
3650 9438 13974
1039 2208 19397
8337 2330 16241
1987 3903 17133
7816 2553 15390
4141 8751 14188
6007 2118 18843
9498 593 22475
7838 4910 27198
2243 4412 17690
2760 9861 28308
731 4051 12975
1283 3322 19114
3012 6485 27376
2287 9298 11170
2627 6129 15804
7777 4971 10827
3713 9697 16069
9456 3239 12039
8844 3010 10146
471 9393 14942
84 9138 18669
245 1119 27355
9086 7477 11587
138 6340 19697
2652 5664 15385
4607 1432 18928
8775 5061 26770
3940 9476 13081
2023 8305 10691
2130 5462 18664
8125 5315 26806
4467 8115 16887
3524 297 18166
2001 820 11408
4101 3192 25882
504 7004 10788
6216 788 27078
9600 3223 13268
93 3851 19679
9598 9169 16329
8015 2237 21769
8307 1498 17600
7666 4729 19736
5669 8436 28458
2057 4396 25841
1370 1147 16467
9888 3106 18373
8851 4427 13928
3388 930 24906
4721 1662 14558
2768 5642 29875
6214 2262 21831
2841 7105 10204
8107 1836 21279
8088 6273 24793
6596 2392 21797
3398 2797 28162
4166 7812 16872
5823 4242 12434
3672 3318 25837
5948 992 20026
4966 7079 28169
2087 8375 14939
8336 810 19644
6376 4191 15919
9547 8098 27101
7686 855 19802
2512 1310 16332
7973 7344 22524
4185 4646 19009
7092 3875 19722
775 1834 29664
7005 5295 20957
6325 2115 27675
4972 4968 20952
4065 8524 24429
5304 4470 26200
5344 9813 23268
7298 8958 28991
2836 549 19716
3604 8701 11580
8194 529 17026
6959 684 19199
4396 7970 29398
6760 7114 26973
2060 6462 23337
8485 7291 12124
5089 6483 17014
2185 4629 25046
1530 8753 25944
9334 2423 15510
7605 6941 23505
3719 8152 26857
3053 8473 21381
9350 1022 12960
6385 8290 14227
7797 7436 24414
4761 5446 25219
2732 9686 12484
4360 4992 17788
8405 8605 11264
7824 6776 13638
1850 6536 26601
8479 7192 27689
7135 2707 14777
6490 6391 11361
131 9402 27292
524 4200 24468
3018 7083 21378
1266 5636 22779
6176 4030 21038
1335 4017 19516
9906 3574 23884
7949 6974 23844
2835 702 26932
508 6621 15779
2229 6065 13525
5068 3687 24915
8751 575 24822
5972 3079 18545
5078 4130 25126
7334 9433 10484
7316 6058 16986
1086 1322 10094
1744 4306 18051
2641 2633 13304
7525 8945 20582
462 181 20244
2522 17 14848
1667 9737 27418
9318 8085 19778
6134 5723 23781
5653 6518 24560
4124 738 26417
9359 8630 13243
9626 7486 19892
9012 3723 24407
4364 844 18822
2622 8682 28999
3771 4381 19179
7379 3770 28420
1258 3803 22070
6937 7736 16162
7848 6840 12460
7433 7242 12832
8497 1071 13055
8104 9103 24097
5052 6062 27095
7374 5063 19342
2502 5094 10571
7872 3084 14104
7859 9463 10862
7906 6233 22142
1596 9923 16774
1604 7739 20199
1725 8051 25623
5197 7296 19507
9589 6171 10275
3015 9070 25883
95 9505 23612
743 3694 14812
2936 682 16897
5150 1051 10831
7650 8804 22492
6697 4450 15576
9876 8382 15329
4793 5375 13078
9368 6994 12887
533 9206 25374
4081 6516 12152
4614 7552 19320
8064 1884 27392
3205 2184 16443
7588 2798 20292
9755 4704 12104
2385 6015 20592
7746 727 21437
3315 2464 29227
9615 5943 16673
3600 1886 12791
3875 6282 23703
7524 4991 18398
8065 8534 25612
5433 456 12862
9555 2647 21159
8808 8056 29557
4125 4912 18431
9911 3432 14359
5512 8962 24157
5142 7509 23237
4278 7410 13898
2480 7447 25850
5391 9353 23214
9337 3166 22599
7549 1682 16016
9573 9557 15705
1825 8527 18807
8204 1671 25559
836 9030 25522
7881 66 22502
3946 8569 16395
6630 3550 10070
6949 8281 23331
3298 5756 27655
8151 8604 13527
5620 5753 22414
386 9439 23041
2584 2635 25949
6787 9339 16471
4717 7223 26959
8298 1303 23738
7586 3262 19175
7274 3945 19720
526 7093 12645
440 726 17518
9021 3358 23190
3373 1350 24974
5816 9562 15567
6574 9391 27341
6707 7333 25456
1465 4226 16724
7815 2782 13857
8763 9120 10620
4891 4560 27844
6975 3710 24098
5447 145 14137
3363 7950 16094
1993 2149 26244
5636 9330 15582
3858 8463 15695
9098 326 10077
4662 9032 16287
6172 4904 11492
4180 2194 19424
9233 9276 21607
8260 637 14191
9526 5654 13913
8975 7725 13336
4304 62 26376
7359 8621 27501
7 7646 10817
1037 9149 26885
5107 3122 24824
4078 7954 23857
9479 7175 26604
9595 896 20387
9189 1462 19693
9908 111 17892
6663 1246 28963
8667 2028 13247
3703 7681 26264
1057 8034 27726
3092 6947 14540
8943 9166 29992
3709 1756 18985
2021 5245 23567
8537 7726 10085
366 295 19791
1247 546 19138
6686 3502 25144
9544 6496 14707
5999 8134 21297
847 9740 20139
1903 8538 16810
4040 2380 20517
3271 9278 29206
144 5823 16140
8129 4926 23372
4515 1458 13217
633 2419 14643
8239 8952 20858
9681 8686 23805
3614 3841 24704
9856 4529 22962
8697 7443 14547
3259 6186 28411
8556 9564 10885
4831 4099 19441
2359 1954 24162
2421 38 28584
6929 6073 22831
8070 8096 25429
8586 6078 19935
7536 6117 11121
1760 2331 16530
2409 8884 14810
8105 2310 20508
2152 3399 24922
9195 3157 16679
9810 3097 12280
2639 2011 13753
8689 6175 25709
6042 6585 25437
377 5765 11626
1660 2145 19153
3468 9490 17007
811 5237 14781
3056 1035 10252
9944 3894 19523
576 9777 27495
5509 5518 28372
2461 4923 24584
7457 9025 12049
3379 8591 19294
8348 5416 29701
5916 419 23953
3684 6593 15333
4120 4688 27208
1574 2997 17510
5200 4137 25284
4905 8788 20930
5729 408 12369
1497 5423 11512
2132 1382 10582
22 6450 17790
2270 1865 16849
4308 1219 13837
8399 6682 24661
4287 5517 20709
78 7435 14603
2995 9735 14496
6155 759 15636
2228 4575 19287
2921 7110 24233
7534 3921 17123
4173 7403 11350
4020 4524 24355
4971 8036 29331
3003 5047 23174
8309 7910 18018
5487 9416 25567
7614 8993 13649
7658 3023 29807
9001 2733 26147
8990 6243 16908
8297 8499 24446
2910 6717 27128
3292 7846 12135
5551 9786 26565
2320 7822 26554
8651 2378 29995
3613 3099 27562
9798 538 24642
5920 7819 10080
2864 1583 29689
6373 4275 18986
9307 9891 14283
9708 8169 22545
9845 6931 18586
1360 5583 20651
8139 1970 19816
3191 7073 25105
9106 7458 26926
1348 499 13192
1178 862 26279
3427 5187 13935
617 2370 29709
6881 1609 13825
9198 7993 17056
4493 1483 26943
4859 7050 23195
5408 166 27830
2317 5402 25128
4025 1493 15089
8258 2804 14552
2099 1210 27967
3443 9853 26386
1929 860 27854
1829 4980 16900
6584 2482 27303
5574 6631 11896
8777 8525 16631
6683 942 28084
4933 9692 28492
9019 2506 22870
8213 4342 29735
7416 8197 25727
7996 9270 16833
4290 6959 14785
9977 1415 28031
7141 915 12792
5360 951 10338
6188 9442 12858
6413 620 26410
8130 3007 17827
1924 2781 28112
6930 8650 15087
450 9105 24253
3639 4023 28791
8415 982 15710
427 2493 23636
8142 2531 29957
3438 8191 29589
8358 9771 25919
1539 7520 15751
2828 3512 19029
1865 3306 18831
9288 863 18043
2741 7194 23127
5744 5512 15605
6377 6591 19505
7931 4516 19964
7472 8203 23422
1165 6778 11054
2169 9994 18816
5087 1931 24635
4410 5702 17929
5461 1647 15941
6717 40 21525
4909 9195 27979
2373 453 14024
8374 4604 22247
4733 6317 15495
7398 622 18392
1182 8580 14522
7804 4056 15622
8373 9296 16521
7413 7673 11275
7367 3794 18888
1780 8245 26578
920 4316 11808
9533 9687 10137
8317 6964 14364
5228 8421 23312
5900 3555 11839
1624 7089 25890
2519 1133 22461
226 6203 21941
4300 4590 15688
4362 3665 15463
7812 8002 16166
7530 2920 15232
6526 3469 21077
3450 6344 24290
6910 5554 21901
6057 9385 27891
9817 6079 29568
896 9730 24482
9921 506 15163
716 3961 11463
3350 3103 28803
6311 3809 26025
8238 354 11978
3371 7930 29844
5465 1709 13255
2347 2327 29959
451 1951 20331
297 7788 29566
3332 7492 25650
8605 1713 27592
6251 6179 14449
9992 6430 15094
1856 5112 28739
901 4996 12425
8267 4062 22428
7910 8653 23700
2776 6464 18370
8119 5115 10587
8889 5887 14628
1293 4173 27308
7557 1536 21065
8209 5120 21943
1174 5130 24750
7785 8839 18803
1049 7960 23482
6274 4207 21104
9895 9269 23081
714 8040 25338
381 482 22546
2536 8401 11831
6169 540 15721
5856 8750 15864
9160 304 29407
2770 2665 17460
729 7206 26262
8629 3336 28663
5415 3355 11326
6443 5329 16411
8888 8447 22211
556 9142 18692
2266 6035 14219
1020 2688 20976
8683 3011 25557
5253 7352 29114
544 3889 11451
4277 3222 14366
8146 8224 21025
11 3363 25473
7302 1269 18579
9044 5647 26532
5540 5978 29440
6689 3286 16057
9802 6521 12825
2383 9068 23244
1471 4788 15533
4708 5673 12869
1446 1215 19453
8883 1760 14960
4928 1687 13020
7215 3793 15869
9581 8552 11543
2614 7789 29020
2398 3934 18237
4506 3981 24051
4865 8842 17715
2714 6630 13382
6752 7374 28644
3442 3847 24203
6285 290 13127
4890 528 12069
4282 8698 29538
756 7724 13970
5845 5381 10382
4810 3509 15300
9135 1779 15127
5023 7555 23406
7801 7951 12684
31 6819 13352
7426 7911 24478
105 9864 27232
5970 6082 26884
9229 51 23201
6165 2200 17107
4946 4169 21274
1119 9479 19587
17 4368 22923
2712 9292 22036
3714 1529 14767
6877 79 19218
9138 7639 29368
4847 9568 11768
354 4691 12009
8553 9426 24648
4938 5274 15098
2717 491 14404
9550 4488 23821
2832 9828 25781
1101 8935 19230
7038 7094 10442
9679 8572 22855
469 929 26205
6588 6225 24591
7242 3933 11462
9720 4480 26572
3359 6067 19757
2626 2847 29843
9902 5514 27583
3052 4679 28661
6481 5720 12026
3129 1240 19187
615 5109 17131
5290 5302 16879
9843 5751 18288
456 6538 10104
8188 7568 22621
5283 5165 14684
1492 8279 14421
1811 1383 19224
6353 5637 20893
4579 5726 11654
6652 4319 27220
4712 3162 28303
2555 3474 19246
9128 1170 13269
2022 9004 17233
2307 3756 18785
3567 9245 23040
1840 7362 10517
838 5113 21074
7515 194 18774
3797 4232 10542
3830 7935 23982
5891 2953 20563
2687 8697 19098
6750 9558 18243
9246 8446 21181
8395 8441 11289
1503 768 26255
7465 3400 17374
1508 5379 19366
8711 2062 27671
6969 3956 14715
8025 5327 15092
8410 7321 19994
2638 6612 14974
5162 2137 18495
6083 8143 17065
3309 1653 11796
5442 4123 12556
353 8901 11807
3044 6397 19997
1281 5947 20015
81 7709 13016
8826 8786 29909
3419 4065 12165
6529 2282 17205
7177 989 22430
9818 8374 18915
876 4384 13214
3200 1145 12965
51 1260 29311
1980 9892 15225
7537 4313 16156
9494 248 13341
2184 9053 24383
763 4162 23713
2959 7926 16939
4569 749 15607
235 5078 23410
3073 592 12100
1712 7067 17563
5416 5944 16350
9870 3123 12414
8787 1374 15411
5112 3597 13717
5921 3234 16993
8035 7856 24982
9169 8768 13096
8669 7047 12161
7782 2292 28159
6501 6836 15129
7813 1944 18553
8092 7249 16931
4006 3098 11806
3262 8758 20847
925 2901 16668
6803 6942 12910
9141 2094 27556
1221 7453 24897
4729 9034 12989
6371 8295 13008
4927 733 18896
3370 6297 26873
3116 8156 20919
5614 3531 24892
2154 5997 20364
659 8658 10101
2533 6001 14242
6764 1091 16319
3157 3412 23831
6775 2162 26457
5689 8712 28051
7029 101 25475
1567 406 14287
3913 4429 29778
3328 9999 16407
3603 1847 13529
3883 2828 13248
2448 1010 29233
6627 793 20993
8748 148 16035
6093 7347 24199
7567 746 23845
2507 1850 17570
3416 4471 15372
2701 8248 26775
8835 1831 20699
5457 3204 22910
1661 161 16754
2951 8395 10921
6710 6698 14536
2048 5452 13394
3308 9612 28932
766 5763 17898
3786 9806 20497
1075 5913 20296
329 4272 27177
629 8322 24914
4393 3539 17671
7787 7699 23283
6552 603 17190
9776 76 10192
3364 3256 10412
1219 6187 21265
4104 4500 29495
101 2973 20521
8231 920 20066
7927 4853 11661
9326 3272 19783
7186 6544 25240
8181 2143 19247
6441 2303 26185
6540 70 20811
5394 3168 21240
8283 5386 20515
3732 2721 17520
1125 4279 12465
1391 9723 17169
6836 2147 29379
2443 6279 14953
1934 3684 22005
3123 928 10419
2071 8670 27350
619 1571 17564
9062 3309 20312
2881 7309 12351
6724 2089 12728
5943 1069 10978
2085 4744 20989
233 7902 14336
7969 9826 20807
3889 2572 21415
7846 4052 11697
9016 7866 15967
9827 3034 29809
5873 7027 10646
5403 9883 19685
4032 1861 26472
6081 6784 25486
9268 8908 11934
1841 5513 24210
9487 5370 19943
8993 8741 13229
6396 7809 10717
4030 4199 16618
3247 7048 19086
9754 4825 21206
3140 468 28568
6934 653 12874
718 5174 10773
5813 8090 11487
2604 7337 12873
9784 4539 28093
9049 3864 13939
3221 2453 15911
6279 1046 24576
8786 9086 29667
3551 6213 17903
3473 1183 18818
2643 1030 22739
6087 7796 22636
6888 7774 23059
1793 5227 12038
2740 1388 25785
3355 5096 18319
6343 9583 25366
2927 3464 15891
7601 3028 17709
6955 3427 22781
6856 9300 24002
6720 3483 16485
4811 1594 18535
8901 6285 14845
133 1006 26852
3317 8718 11055
6070 8963 29752
3475 1593 19491
3965 2113 26702
2889 9240 13077
7425 5644 14054
3082 8944 16460
2217 9831 11424
8409 274 15013
3901 5444 14911
2544 8629 12974
3132 8398 22150
9826 3790 26468
7700 8323 10217
8608 4369 11073
269 8066 19782
5896 1427 13487
9959 1913 26249
2002 8423 25928
9263 7503 16777
9780 2890 23786
5833 9631 13037
8305 6633 10742
5486 4782 28912
2982 1559 25298
8865 7658 19580
4595 424 20074
9540 1763 13224
3252 330 24132
1422 3966 22222
1314 7755 28132
6035 7056 13004
9042 4823 29697
2269 2516 12464
3838 911 12247
1876 9136 10021
8162 1828 18071
782 619 15149
4553 7112 21464
3668 282 13073
1349 1317 11541
1855 5700 19400
5889 7097 17724
5936 1014 29507
3245 571 17758
8939 380 13744
6138 7075 24788
1166 1857 28154
8467 5624 19157
5983 9628 10615
7628 3340 20121
225 4466 10097
1581 8251 15350
6033 7558 26869
5742 9208 21275
7833 6905 13559
8912 6713 26123
7273 2020 19274
5884 4546 27046
3741 5408 11242
8010 6999 16301
3081 3639 29533
666 249 14223
3669 4512 29378
764 2963 16739
7840 2231 16951
8716 5743 19482
4296 5850 23262
998 545 15739
9655 147 23867
9662 9726 12702
4153 307 10050
9277 1875 22123
8370 7397 14817
5958 1920 24818
1769 2319 21323
2723 3173 16049
114 1087 11498
1602 2939 13425
7364 2209 19442
8481 6584 17418
8324 3342 13971
3782 6909 29285
1311 1705 25232
4510 601 22809
6970 4176 28321
3451 5405 17706
6232 985 28990
3664 9118 24525
4484 8333 29794
4424 3350 14016
5333 2434 26251
825 2541 15896
8017 8961 23111
125 3089 12916
4064 6915 24593
5407 6519 23697
4574 2404 25682
2974 4703 27124
2685 6066 11610
2683 3699 19965
6470 434 25877
9420 5537 10485
3173 423 23275
6792 93 25047
9578 7880 17587
9047 4706 14234
5438 9980 24079
1814 914 22700
4883 6797 20871
3478 1808 26029
7146 5717 19953
1796 1136 15139
5584 2244 29571
6431 6378 28749
9523 9674 15782
7736 3393 19929
2840 4021 28545
4638 609 12988
6625 9429 28697
7952 8736 10578
1888 9736 12050
7154 7311 18619
1206 4085 27794
2330 3407 15970
9216 3127 10590
9143 1105 27774
9484 3871 16122
8702 512 25175
5678 4481 18737
6439 3784 11390
9123 242 24610
2393 4160 24999
8073 7131 25766
2245 2296 29071
1842 1730 14173
3541 6543 18382
1038 2656 18030
952 6550 23943
2105 1028 23399
3258 3830 11066
2830 8445 28361
6992 8138 22905
3698 5954 18758
6061 5639 28983
1653 7613 17565
5446 2271 24873
347 2232 12071
4827 1267 16917
6106 7238 10062
7830 7484 16645
8875 9286 17522
688 8299 17618
6829 7576 23504
2035 3836 22307
1183 2430 11016
1752 5352 13632
4786 3713 24324
2737 1646 14555
6095 4246 23550
3620 8232 23748
5010 7276 28884
5745 8531 14538
9317 975 13489
2716 6108 11282
820 4514 14204
3263 9057 19690
3592 2642 11320
4974 273 15077
8372 3751 19675
7616 8827 18580
1284 8285 11423
1543 1336 18950
4367 115 15901
3930 3151 16924
6679 8679 23625
4543 9851 19079
2859 7952 18225
788 6295 13871
1400 146 14429
675 2954 20499
6129 2927 16594
8552 6492 24856
4861 3176 29271
7129 9376 14260
8303 9386 20188
4459 1733 18024
8081 2655 27006
5751 4820 23898
848 8632 18446
6142 6676 10522
3513 8000 27735
74 1610 22067
3348 3839 18991
2829 5358 28421
1243 3971 23065
4110 1975 15749
9700 5294 28755
1321 411 10250
3384 9682 11566
7948 4772 26573
5910 4093 13013
2328 2904 26993
8401 1340 12409
430 7563 26882
274 3652 23072
4572 7567 21996
9988 2426 18204
140 1323 18748
8973 9082 19860
5251 6261 17506
8171 9288 22772
3957 3538 11813
736 9565 16905
4757 9397 16941
8984 7572 23316
3163 4019 16994
6484 4922 10769
4624 5632 10990
91 5905 14031
2078 1371 22480
3863 4122 29955
9613 3920 21591
9039 1633 12421
1455 9763 21686
9491 9874 19038
6695 3969 13359
5198 5420 29402
4531 1981 26764
8179 1232 23660
2241 407 16899
7467 2058 20358
9457 5708 21397
8609 1055 24732
7756 3156 14373
2587 2472 13623
165 4004 22774
2175 3295 18310
6053 9970 22661
8987 2079 16237
7571 6329 17640
9173 1018 17310
8980 2530 15156
3051 8439 13864
4379 8550 11714
3289 7790 28234
5645 4535 19219
5683 7258 21822
2738 3642 24491
1996 5946 20751
2595 9769 15940
5350 2049 27001
2395 605 10600
4029 969 22382
1766 7345 26710
8079 6425 17611
6568 2527 11725
419 8316 29575
8406 3886 19945
4202 3581 18534
2962 9318 28327
505 4918 26239
8928 7978 24785
3216 8924 10086
331 7383 24848
1289 7052 24266
6705 6109 11952
6257 9134 25390
9405 3061 12963
697 8247 11612
5545 9873 24798
3485 3521 13412
7028 6599 16610
4541 1441 25930
2332 3545 19223
6167 924 14357
9077 5553 23829
8998 3473 27693
1237 2025 24495
9512 8819 26385
3653 4180 29019
2865 4730 13059
1999 4484 20476
2278 3612 25079
7844 2573 11341
2265 8050 21114
3454 5238 13051
5529 6758 24499
8580 6719 21984
6209 1558 29676
639 9875 23489
4038 2008 20126
3365 5741 22347
9616 2168 14053
9583 8482 12032
2026 8923 25730
9918 8099 16622
7341 6851 13079
1154 33 16539
3447 5354 14115
7778 9241 15689
8718 2977 28207
2205 2052 22160
2895 7881 15409
8559 6562 22118
303 433 29723
8310 5218 10020
3099 2369 27954
5789 8706 12903
2017 6726 18185
8208 5084 20625
5315 6834 17446
6180 7461 15337
1007 6595 21362
8229 6316 28760
3237 8442 18105
8762 1772 20390
3570 1894 26393
5262 2959 24509
4177 5429 10253
495 917 14022
8581 5982 27879
9971 6976 16863
2618 5080 20865
2676 5937 28024
2356 722 26981
7790 2333 20986
143 2679 28171
3731 2283 27687
4200 441 21894
8564 13 28044
5397 4547 16294
1910 662 15033
9729 7969 20389
4882 8061 11323
7081 7742 27137
7727 6764 11737
2965 5340 20102
9541 391 18092
9614 3648 27482
5496 1089 25586
2531 4534 12496
1755 6863 26746
1356 2046 26760
2364 8926 14952
6825 6251 20318
1746 6887 28219
663 2916 12701
5186 2159 17129
5263 6667 25083
4067 5453 23578
3510 956 27784
7012 1946 27186
4818 4212 23271
8211 1658 10925
557 333 17679
1147 2742 17717
1454 2361 22129
9446 9267 13315
1956 1454 10361
5882 7389 13301
8843 2603 18705
5309 6670 22879
5981 6860 19469
6243 9534 22023
7441 376 10966
1364 9372 15213
5618 2779 17912
2504 3307 13235
1603 9381 29725
6817 3320 25432
6961 7813 14731
211 6581 24663
6126 5584 28023
5456 3313 20907
5234 3908 16822
9097 4033 19049
712 3693 12403
5094 6412 26795
5104 3279 25756
2128 9282 19391
3813 2601 18560
9354 3911 27944
5598 3808 10777
8190 2202 23624
9836 1568 16074
734 7320 17395
3342 7149 22314
3656 791 12851
6704 4797 18302
9130 6727 11605
4546 5861 26741
8355 5129 20336
5342 1390 21306
1774 7855 15943
7243 977 23707
5193 8666 22644
3503 4792 24445
4222 1562 24619
1570 2662 25923
2568 5844 19355
7251 1667 24362
3385 7720 25563
7954 2107 28020
9849 3325 17984
5229 2394 21156
6103 3662 24590
2355 8893 23516
6360 8997 11256
467 7624 16357
5440 6426 24554
4920 4131 21161
6569 595 11975
9748 5932 12537
9858 9758 15455
6065 7491 18903
2346 1665 15839
2566 2625 11904
1253 9256 22922
3631 9291 15008
2674 9510 12621
4674 7159 24716
9315 4702 21190
7076 2500 11179
7000 6897 21035
3644 8093 15976
8899 2193 28628
4728 8037 14029
4319 8767 29108
6781 9733 22186
6525 3589 28747
9254 3698 18924
3791 4510 15922
4342 2878 19676
1188 4215 12085
5174 4562 17372
665 3273 18402
3516 764 26093
5750 2732 16526
3154 7927 17768
5191 9950 16827
917 2379 27616
8347 5864 29873
3311 2568 24883
1735 8241 25706
9180 2351 23741
6292 5292 23354
4051 6643 25959
446 1909 10402
8286 5398 28468
602 6950 15715
1522 9659 17610
9181 4103 24746
6572 2980 17213
9385 9371 21072
2736 2173 11051
572 7124 19203
3559 8128 23651
9184 1484 16082
9335 4044 25192
3021 6002 27434
2140 505 21754
7044 6610 25231
9441 6636 11757
5824 4308 21096
6451 4329 16815
7385 4438 22564
7477 1548 13036
2671 329 19857
7478 2126 28901
4516 6461 15717
3376 3038 29677
2944 130 18947
3045 9870 20263
4956 5153 15828
4063 9091 22507
7485 6207 10373
9530 6235 21676
4914 7829 26665
7351 6469 10900
8376 5233 25266
1812 7201 25789
8114 3049 17461
8172 9232 28236
6738 1486 21957
6815 4742 20392
7693 8124 11679
1734 3044 17339
7073 9219 21367
4575 3437 25404
6924 8135 27649
1990 2114 20171
9422 3883 19793
5585 7329 26424
6972 3986 23311
3377 3235 27473
8056 8080 27265
8591 7146 21359
8052 3720 13060
2647 4363 26258
9396 4586 26743
7678 9203 18058
9904 1793 26831
313 4946 23787
275 5969 26915
8256 7151 10032
4388 9804 25416
5986 4591 23785
4056 6408 16751
4213 552 16406
9905 8265 10846
8470 9213 22620
5177 5278 22920
1885 437 22936
5841 6532 16422
4931 526 27525
465 4557 11899
8695 4544 19889
8300 8953 29340
1173 5188 18107
9005 9375 18360
6650 7017 26861
8574 7108 10265
1867 6549 18139
2511 6356 27194
1727 7695 14909
414 5802 13428
2606 2121 19606
2919 2940 27328
5541 2455 13659
8293 7147 26191
5542 3861 12511
1435 3640 11502
8412 591 16095
2298 3703 14890
2372 236 14169
8491 7605 20982
3300 8142 22808
1640 5226 15102
1579 4608 15353
3618 3588 27894
8754 1695 23562
6034 4203 11555
7209 9728 23769
9872 4647 11477
6952 4254 22218
6454 1567 26703
9608 6036 10283
8703 7928 24562
4908 8985 23045
4798 7766 26837
1008 8674 10471
9067 8045 16748
206 1471 21699
7673 4705 24042
9436 2417 25172
4057 6838 19326
1186 5441 13385
1753 8136 18703
5738 9608 13009
8000 1955 21673
8420 3344 12690
890 8371 28280
9855 218 18459
1376 9358 10181
9596 6092 20221
518 8865 16983
6438 2858 17757
8784 7240 23171
4132 4262 16795
5846 8989 12923
283 9997 17165
3486 8276 23945
6903 585 20037
4951 394 23141
2031 6495 25577
4017 8408 25303
2642 9473 25591
586 3877 13383
9610 3731 24464
1249 1012 17642
1718 7693 24865
3599 8088 21123
3744 9924 28842
293 8327 11678
5417 5151 21787
3049 3992 19650
6105 2123 13518
9559 2442 20420
509 1776 10390
9481 8283 11195
55 9811 14626
8013 7653 12475
7023 9224 29470
632 8042 10525
8282 9711 10285
9257 5204 26019
2206 3857 18055
3242 2788 26830
6382 5692 10976
7070 4982 20763
5564 5148 26952
7501 6622 10067
5351 2044 26227
5020 908 27273
6499 3281 28165
9482 3859 23496
6897 4925 26945
8346 4290 16876
885 2822 16285
6248 4835 10727
8662 8003 11703
1353 2096 21517
8815 9060 28922
6245 19 16158
3354 6157 10220
7963 226 13999
5101 6428 23802
1835 1900 16764
9433 3927 27517
9518 336 11724
8749 9775 15181
8057 1696 29627
4545 898 15187
9365 8384 21395
1396 1076 16663
7755 9744 21898
2422 3225 27047
7773 9449 12531
8515 2826 14091
5677 8123 28200
6801 1717 24797
3482 5276 25656
7266 8882 17991
637 9093 11037
870 8612 13135
5553 4723 18821
2877 3341 21766
9507 2645 15697
3888 5791 17063
1554 3743 12030
4400 2960 28743
1549 5395 18115
9252 1506 27833
3337 9606 17881
5887 7971 26726
4419 1079 25084
9175 754 28592
4053 4819 14754
8340 3805 10837
4828 7390 10269
5662 5679 21760
9931 4042 24669
1905 8757 13182
517 4780 16788
2876 1264 29169
9163 9174 29015
2183 287 23827
4887 7630 24605
9628 2018 18730
6914 2420 18550
8443 7220 21473
6174 6927 15296
3565 1287 28778
1927 6366 16619
2423 6681 13685
8134 4257 24959
2984 3820 19555
372 8853 25666
674 6270 27254
9386 4786 27668
1324 6604 18397
4935 919 18488
7971 342 26755
3775 1465 29097
9861 1449 24320
899 4536 28345
578 83 15571
1716 4973 12648
2636 1958 29572
2018 1485 20454
7675 5659 17356
1847 5150 28482
1155 4949 18463
9439 4831 10526
2694 373 22197
767 9693 15051
3674 7938 21930
7874 9519 11886
2537 173 10952
9590 4555 18325
3963 1353 29759
2567 6973 29802
7487 7900 17373
3610 4877 29066
191 671 26056
7278 3057 22543
6235 9745 28653
6141 511 18532
4391 8762 16219
9877 2450 21789
6855 2667 14326
1015 9850 12419
6620 9890 17736
9714 2250 13697
32 8960 21560
2525 8049 10657
7225 4532 18845
4958 5722 16626
8578 150 23263
1655 5285 22657
8673 537 26867
6559 2396 24402
3958 1781 12199
1787 5241 25973
4464 7418 19962
2350 2823 15735
5021 9457 26992
9226 4585 29357
8382 212 13230
1536 2604 11223
6009 6789 17370
3574 7419 12863
7539 3487 15614
1997 2038 28540
8926 4830 19244
92 4145 19858
2370 4940 11140
9521 5415 27142
9994 7463 25602
3730 106 23385
395 9636 25435
5518 5472 24439
3431 140 20568
3326 987 14818
6163 8728 17515
258 1871 21068
3227 7250 18219
6040 5769 27354
8221 8597 28131
6341 96 22956
6173 1876 10199
3077 3267 12099
9586 3439 11961
3118 5427 12379
6264 1097 16817
929 404 17017
9724 4791 26813
1694 1510 27839
2474 5499 14030
1911 3797 19957
4993 8868 12140
941 8302 23375
1789 9179 11150
3479 9808 27196
8468 8101 12533
3931 9528 20346
9017 5484 10150
4731 3245 13054
110 8342 23533
3868 8068 16444
3765 1307 10567
7518 3113 13922
391 8406 20267
9823 3671 27555
649 2360 25931
3209 1447 13809
6947 1726 17734
9448 6389 18145
6921 427 10834
6000 6272 18353
9723 6208 20069
777 1851 29577
3527 6103 16255
3909 5439 21009
3959 6037 25539
7573 5196 15587
871 2439 23886
547 9465 11656
7565 4268 26213
1212 7405 12446
9149 3065 28815
3126 7917 25866
3655 4662 24874
9991 795 18308
5849 8033 28181
1222 5236 11584
7090 1205 15743
6455 5135 27466
5079 470 22012
89 1822 15848
2460 4483 28853
5908 2538 18211
2658 2866 23653
255 9776 26493
4630 4658 12630
203 9101 15220
3884 1565 12814
1246 294 16363
3941 6859 23826
809 32 20543
9939 1849 24488
529 624 28961
1592 7141 17633
5462 9908 29690
9883 1501 18110
5091 1959 26480
4520 4197 13517
3222 2476 28687
4126 9780 29178
7422 9209 21491
6313 2224 25574
7747 5048 16582
6 6723 25194
6092 9914 24684
6684 3141 20879
6080 7208 12787
5062 1620 28416
8396 6870 19809
7396 4757 17677
9545 4649 16306
8911 9227 22856
5086 6222 14858
5449 4091 26782
3997 3209 17832
4645 8814 22198
8242 3996 29301
568 8330 10179
3832 6926 21758
4559 4253 18486
4895 2365 12387
4809 4879 22419
1140 3929 15769
9686 3813 12430
1153 9326 24041
7935 7370 24111
6420 6921 22478
4084 4873 12634
9576 8863 24737
5902 4934 13694
1409 1077 16841
7172 8240 23850
1256 4894 18814
3170 3543 11788
6925 7816 27268
4183 4474 24524
5532 1692 27312
9332 7407 10244
8165 6854 15068
5458 5670 29353
3898 6940 25548
7314 8456 28404
2024 5773 28221
2202 7849 28048
6643 7889 10597
1352 2512 29323
1228 4401 23912
2203 4 14280
4042 3299 24228
8463 9983 14400
8986 8559 20299
5119 2241 14677
2623 5303 16142
2456 8459 10611
5001 9540 13841
3409 3677 25159
7229 3378 20519
158 2944 23280
8566 9328 24986
3509 5825 20274
8091 638 12681
5779 9013 21994
5953 1561 16585
7839 2972 21472
6860 658 28125
810 6407 24967
9760 7857 16274
6946 1448 11056
7373 7953 21259
2479 7034 27415
3439 1070 15876
4068 7684 21148
7694 3183 13146
9743 4423 19741
1112 5300 11212
8898 1684 29793
5558 5806 19923
6601 9304 20264
9766 5436 24312
3569 9561 14179
1461 2574 27614
2730 7019 19620
5450 6411 18687
4259 6951 21249
2920 7134 24960
9781 6377 20655
6854 5459 14972
1896 8278 18100
5214 4735 26476
3944 3788 27041
8230 6775 25680
6116 6287 16765
389 289 21987
2415 9819 15499
7290 2494 14625
6082 1007 21008
2177 7302 23282
5455 4389 26116
931 7064 11112
4059 693 18151
6712 322 26397
6355 8676 16097
8452 9323 25331
9543 2407 24030
4411 7833 28819
5327 2978 16298
3877 4441 21516
2084 7843 14935
6370 5602 26642
2682 9310 27464
5055 8431 20550
9407 1460 28271
14 2902 18430
4404 7743 21447
5179 1947 25953
2729 6400 24427
8860 5871 17400
1861 3289 29017
5331 7778 25085
7417 2012 15673
1442 4184 29462
4640 2190 14982
5607 8930 24498
4767 9655 25571
9844 6348 27453
1176 4818 22897
5245 7627 17981
6231 4357 17448
441 4459 13804
9419 9260 29511
3810 4836 12262
9913 8496 29593
208 2176 25379
3893 5623 11546
1000 1275 17841
2692 5589 24898
4899 8858 18133
676 2275 20721
3839 2017 12897
4916 6139 18287
6549 7538 20775
3050 383 18421
9434 8353 12818
4879 9872 18416
5726 8177 29774
902 337 26429
3769 1129 11043
3251 8645 28158
6547 5860 19560
1290 2301 12508
5556 1722 23839
4028 5050 29939
1058 4288 26779
3780 1455 19061
3441 4643 29615
4626 1606 27471
6906 6416 27219
4392 3579 24032
827 835 22389
493 2650 27050
264 5634 22056
6026 4343 27114
5492 1657 18214
5822 9322 25387
6782 8465 25929
4580 522 14489
6979 8274 15260
5224 604 28970
5222 1590 24237
1269 5231 17766
7814 302 17939
9084 4594 25733
1141 2259 17628
4911 8608 23119
2134 8592 27608
9026 1250 28402
8789 2085 23773
760 7448 28142
1762 7021 19790
9981 296 12747
2917 6678 14416
1750 8992 19701
6298 1130 29425
6667 2726 14152
8215 826 24730
3254 6533 25610
2181 6004 25703
2874 7205 15745
7763 1463 14302
182 6668 14257
7084 3607 13088
2731 3160 11206
6917 870 27317
707 7961 26276
1282 9656 24852
1779 6802 16429
6842 7603 18470
2804 7556 21049
6718 2546 25822
8408 1489 15699
5323 1330 20921
6133 3484 23702
6823 2844 22069
8887 4726 19377
852 8119 22469
4588 513 10762
9275 9363 24137
4093 185 13481
46 1634 11429
3926 1765 10225
1886 9408 29458
1236 7381 23676
3159 6501 12008
2983 1029 15674
3949 2199 11480
560 717 19380
1242 5433 27697
7255 9238 14085
6485 3025 26995
459 9591 24958
8600 5019 29223
8613 2765 19637
3023 5268 29153
8489 1300 19131
5233 7957 21322
6504 3266 19559
3279 8607 20819
498 3321 23388
4284 1771 13689
9684 3697 18220
1232 6223 13793
6693 7583 13979
6820 2710 25938
9297 8862 14423
6793 4106 15470
102 2127 21914
785 7992 13707
4266 5086 29341
4112 489 22785
228 9734 29024
689 8859 21653
894 7814 16157
6685 6995 14978
3117 4939 25361
7635 6609 25797
5974 1740 23435
4481 9202 26649
5335 3546 13499
8725 5328 20281
5363 3843 12211
1490 1279 21101
5808 3459 24572
3827 5389 26893
7407 9346 13308
3939 5460 26491
4011 455 25364
5464 2983 17292
8801 9366 17347
2311 2767 10012
7632 7272 14325
6819 1434 16657
3397 7301 15759
4921 7482 24885
1474 372 27930
6226 2104 21420
1286 3654 22444
7201 6866 15867
455 6013 28351
6153 2639 17172
4807 4559 17983
2411 7133 27604
3125 2100 11006
9369 7891 15590
2338 208 25145
9703 7523 13354
335 3753 19383
7856 5957 27085
433 4813 24887
9377 5651 18537
1757 3827 17086
4576 8916 26208
7310 8558 11866
3584 747 20493
2979 5534 22527
8434 7968 25704
2492 9498 18409
7800 7310 28102
9769 4749 17697
1851 7430 14259
324 4558 23274
1869 8668 23307
7017 2219 16572
8126 6992 22037
768 4696 28350
7399 6749 17075
551 4773 29738
4591 2590 16874
1132 3786 20931
5777 4120 18516
4164 6284 28045
8891 8479 28305
5721 1430 11034
8002 8722 23018
3865 3275 14213
5885 6023 23239
3734 510 29564
5161 9867 13516
1325 8390 12057
5336 7473 14726
7670 8506 27551
9390 7515 19912
6492 8548 11505
6284 9702 18909
1519 4298 14692
2957 5713 11131
735 2285 20917
6654 6265 10083
9140 3191 12563
3629 9900 15415
1800 2374 18428
2074 1125 24821
7707 1047 22097
3193 1621 19341
6901 4747 18301
1854 86 10443
5575 6841 29035
5814 6867 25471
9204 533 18801
6101 8942 11942
6523 4977 20844
741 3128 12046
3340 8458 22243
9901 14 24357
5863 1372 21810
1250 5641 15952
7725 7135 16208
7592 6427 15517
1421 1833 20152
5353 7714 19198
3175 9639 16653
6218 475 10911
1003 4871 13614
7047 3283 22060
1749 2499 19290
4451 9436 10971
3829 3159 15475
7171 9814 27850
2996 2035 10748
540 229 20000
4502 7454 25699
3102 1527 24941
5864 4915 17693
6156 2774 23011
6613 3912 23096
7822 9714 13344
8175 9037 29149
8361 9945 18273
4668 7058 22708
3852 5824 10172
1830 6481 14286
8985 285 12593
7618 3230 19072
5881 6142 23441
5368 4016 14128
7481 495 12920
2303 8508 29865
4415 6309 29274
5530 8345 22641
6255 9469 11908
2790 6258 14546
7175 7990 27779
4039 9133 11180
2697 3958 26427
4049 5511 29272
6561 3212 12371
7682 5243 26724
2871 1927 21658
1265 7719 22893
6889 1820 23862
5666 5217 26864
3349 1313 16282
1477 7424 15945
7048 8493 29043
7519 4281 28144
7771 366 23670
9670 4159 16491
5687 8227 27099
7705 723 12483
2797 7648 18898
7430 7063 22604
9834 8836 16580
3296 4126 16967
2182 2375 27862
2554 6127 21990
9398 8282 21777
520 5912 28639
7024 8606 17323
3381 348 10100
9602 698 13846
6025 7037 24816
6982 6808 10504
2709 2514 11478
7633 2110 25382
9237 435 25389
2440 9215 15988
563 7377 10335
6428 122 29258
2446 8044 20133
4374 553 12122
5215 4583 18952
9444 7505 26870
1365 1605 23124
7085 5428 29226
1036 3104 29428
969 939 13254
3190 5718 18069
2546 3303 14424
6435 1533 11292
4435 9189 20542
8658 5814 19749
4685 1591 27974
1035 1461 13199
7469 5958 24504
4816 5242 21286
8723 4361 25999
7157 4255 26560
8484 4621 26001
2822 8991 12445
3582 3584 20179
1328 8687 18696
7452 1802 14586
2257 3030 20415
2966 6646 16356
6926 155 11595
6168 3119 15618
9887 2397 20523
7207 654 20612
6496 3856 22763
6702 695 24204
3593 3907 27338
9995 4236 19006
8168 457 20657
1004 9079 14652
2985 1278 12771
3566 1494 22748
7825 952 12878
6050 9135 13625
687 8139 16331
2405 3747 29251
7544 266 21185
6505 2258 14815
8478 5365 16466
5971 6124 16880
3716 472 22115
6291 9588 21778
1009 6447 13185
5178 2416 20106
8387 7102 16664
9273 629 15501
5673 3765 16780
5965 4057 17391
148 8529 17542
9941 716 28211
711 6984 25759
6818 5351 24001
7732 2467 19044
9316 752 23525
3008 6520 29034
8849 9113 12733
8482 6334 10339
4675 7570 13339
1883 149 24193
7968 1011 15291
9118 5970 16096
6521 5036 11856
2780 9520 11968
2466 5936 23048
4556 430 24780
2485 8292 23168
6043 2021 28649
8014 3421 10718
1726 8275 18461
8018 9701 22190
6866 1877 27031
2759 8691 13357
3728 3895 13699
4727 4322 17216
6066 1341 16517
1573 9979 23299
4162 4204 29056
7387 6666 14918
2186 9301 20421
8438 6017 28026
1859 5652 25013
5714 6939 26295
8953 6545 19810
1639 3582 11464
8620 6793 29055
9058 687 22205
512 4409 18559
5569 3080 26094
126 8692 28712
9808 1315 14197
5075 4112 23770
1318 2130 22126
7287 1742 19582
5376 3074 15924
9392 1420 28277
6895 2836 14931
3985 6076 27700
5000 3719 14948
80 7589 18833
3842 325 18239
7529 7981 29608
9966 5406 18999
3947 7330 19350
7889 6747 29155
1087 9794 21474
1772 7357 23531
4650 5166 27946
2821 2735 28780
1040 1710 18817
7715 8516 10764
3489 7065 28172
9046 9092 24183
3973 5411 19739
4310 9128 16992
9942 6280 14827
7293 7139 14588
5426 2981 28993
3465 6799 23291
7286 5649 11979
5976 7339 29254
9182 3361 17458
1786 4492 26009
2727 8897 23349
5660 3194 27241
1200 9553 19551
332 926 18627
6473 5772 18412
9 214 15396
7222 9698 27596
7877 6107 11962
186 4921 22416
864 4344 26810
3156 8432 19970
2201 7668 13091
3407 1872 17897
683 9045 19254
7203 9784 17771
6416 2097 11707
8241 8317 19440
3393 196 22649
9915 8222 10304
5825 1897 16670
4198 6396 19340
6676 2019 26492
4312 2896 26891
6777 2470 13523
1890 8724 27011
4305 7895 27061
7653 859 11652
5587 2492 17128
8069 6772 18573
1077 8823 22297
914 9940 25774
4139 1564 24526
5339 4175 19343
3319 9499 18830
5022 3471 10536
2412 3663 15223
8976 7382 25573
3999 7288 21666
9362 4710 10589
7237 5789 28485
5011 3944 22174
8178 9796 12932
2922 3315 13177
9868 2354 20552
7490 4378 26890
2252 1367 27992
9848 4795 24011
776 2949 15459
3663 497 25686
1918 3915 25688
7508 9121 23353
8325 3462 12306
1428 4806 12276
4519 8571 19567
7562 6687 18882
704 9663 24589
522 7167 16325
2857 367 27514
5316 5927 27493
3619 8201 24877
4371 6424 24855
8234 2990 24918
3458 3901 26005
2868 1915 20831
5835 2848 16634
9322 5721 11459
3423 4428 11174
4501 6156 17420
4765 4136 20895
6354 1712 25469
9112 5650 15403
6538 3367 29062
7030 8810 25130
2226 8031 22434
9475 5566 29573
3881 9405 18874
9963 8319 15246
3433 5834 12638
6433 2152 25971
1100 4509 28626
8036 1327 10923
3739 8919 17970
416 6958 29210
9881 4840 27270
9871 7022 24426
4790 6380 28892
9495 2421 23438
7077 8874 16327
8351 1139 25483
7891 918 27913
5352 117 21844
4316 7544 14002
3177 2725 10234
3594 1335 11739
6954 2343 17303
6037 8175 29116
8153 7260 16360
9778 8584 17066
5205 9641 17549
5310 6582 14725
835 6649 17663
5441 7490 20434
841 8637 23413
7854 9504 29832
4293 4803 27724
3938 6991 10787
9211 7117 29893
3695 6796 15298
589 3909 24187
6244 4007 18298
5508 4079 15257
7027 7478 22974
1632 1230 19753
1682 9188 14829
7986 9407 21888
3660 1542 13515
3017 8820 15299
8504 8530 23855
5007 5003 15565
2319 3544 18390
7858 6490 13541
5141 9607 20908
1834 5256 20877
1358 8332 24336
9790 7836 18260
2873 7832 11369
8257 3006 14750
13 4020 12243
1656 9539 25523
8475 4548 17447
4448 509 24044
375 6342 11916
3391 3083 14729
5192 7966 11713
3093 8766 26895
1837 4157 22804
4206 6753 12314
4016 6301 11110
7193 3724 12502
3542 4650 28978
3352 279 28570
2603 9246 13881
6994 6771 11929
2144 9065 12150
1754 5683 17883
1113 758 18557
6086 8936 28691
5658 8072 11013
706 2580 21922
3282 7290 13136
404 364 16700
8461 3772 11344
866 958 28830
8158 3621 17725
4243 8528 22617
9696 2230 28486
5277 1552 28606
4994 9773 28021
5242 8500 29990
6303 5464 24508
1683 7853 10001
384 3311 26866
604 2795 11290
9435 6386 22270
9859 8294 13120
9238 384 12674
7250 5319 19176
4130 2341 12993
8798 4816 25905
5566 4067 13121
2093 9720 14957
3214 3372 12315
4877 1118 19538
992 8358 15912
7505 8678 17737
8696 3729 26964
6149 9229 20852
4784 9750 10979
2063 5874 24538
4328 8267 25225
3518 2481 14015
1185 5140 10782
8284 7483 19585
851 5993 11210
6508 3937 23382
4211 5540 25965
1551 5069 16468
7165 9600 28344
8795 90 25474
8402 5284 23253
6728 3917 10891
348 137 10040
4439 7379 13678
2558 8661 12768
8769 774 24255
4193 2880 17147
8294 6919 21260
3910 3014 18129
1220 4006 18951
4086 8102 29826
5137 3881 18028
7238 4572 15671
2990 8968 11755
5500 8359 17554
196 4117 11925
6077 8854 14383
8624 8207 29772
2455 3254 16447
6055 9487 29068
1743 8303 19698
2932 7794 25637
5004 1373 21805
8302 4084 21937
7397 8108 20272
5206 6189 16376
1688 8320 23891
6669 4003 16649
2870 1311 24418
6846 4668 12906
5017 1752 18265
6398 250 18531
4299 6350 21334
895 5596 28641
4273 315 15234
6802 4507 28792
4303 7676 22454
1001 6466 10647
3783 7104 11407
9569 8054 12829
9841 9857 18099
2795 5033 23114
7309 4375 16448
2517 2967 20614
8907 4138 15049
9162 3690 12757
5839 5562 21374
7793 8414 13667
50 8982 13759
679 5068 25531
1383 8433 26168
2585 2105 12014
9618 2871 22019
2340 6110 17340
1954 4416 26453
873 2605 15031
9274 454 12890
5748 8211 11983
4205 8419 15809
8941 3872 17613
7049 5876 27812
8488 6517 11765
7648 1628 22348
8910 5323 27161
2123 1135 12836
634 6960 14395
7528 271 12082
3400 6292 10840
4846 3714 29863
5792 205 26463
2200 6413 18652
6468 5832 22376
2120 7885 16527
6806 4671 15837
3064 1789 18660
1843 4163 13546
29 8931 13756
4973 818 22344
7776 1921 27309
47 9651 23405
7993 2183 11072
3864 1725 10743
9222 1745 16533
7453 2368 18462
9262 5355 18919
2769 4669 13295
8628 7213 22251
561 7962 10125
8075 5857 12132
579 393 16012
9531 2619 28462
3103 3633 26443
4617 7173 10866
5348 1492 28336
34 3452 15716
7231 5577 22511
4352 649 11227
9345 316 19094
8023 3147 15357
5369 2681 28886
7560 3810 16128
774 4959 11456
6779 833 22823
2572 1532 17918
2386 4386 24879
4539 3948 17574
7402 3178 24033
5507 9724 22591
3508 7180 16423
6253 7510 20678
2215 6479 19220
9196 3832 23391
4482 222 25322
