3000
718091935 175693231 26698327
164216650 27497056 140376210
603962256 143512184 20226107
836476555 305624177 113797514
920577896 730579775 101852060
5942001 992765660 117970373
139093593 501967245 411583658
571888236 881168233 93228
557480152 96775569 5834937
714069058 245616625 33184441
455289347 56827212 63283662
857511571 543391087 103277959
662130382 305731461 728686
899815192 75467065 125124162
831397850 981621211 121734521
694565524 482276556 2782177
612350431 631847803 95879058
762876955 699191117 105027142
996102998 891843317 144612822
289802748 973385223 221253721
995883063 432129162 3058926
694358376 340319704 25032376
963153803 618974966 69905720
761005405 34807624 12900784
736919807 127418156 40051703
837759238 440010381 98679924
643595597 375720741 40211448
969955439 545187258 53332350
669498284 455486965 2536839
951621551 276735734 74438281
560459137 976916994 60887911
566652251 531740877 1696594
635974901 42269335 71673443
350972515 73921916 61122837
16085417 42249566 35025922
591103439 292458958 35936805
692572973 846428260 46404309
624220076 813801143 25421713
633587405 920813333 10205191
614462882 517285868 25584632
828797893 836038739 13340942
651910167 188681501 28803096
626090562 428952776 14447431
672329842 983497652 22023901
702767268 924987063 50088355
998668305 453047135 9131265
655365498 759696845 10686305
589611975 376655660 45360522
589372029 440827371 17895220
687342189 312170076 24393821
519196127 67305439 33065705
711690666 6895367 27946616
970506247 201665241 16940183
571104797 227653680 63284057
752728337 543542261 35758824
578831730 822242686 30180142
674768641 491229523 9028312
382708414 8736563 21326783
773436956 169945550 37863990
960052196 375977433 56043261
591529729 121937676 19462985
989253856 481465564 21089883
327511424 7400963 36318843
658083404 281659240 11700554
752805311 83779256 19724629
722495901 342034225 1926017
567119284 147153710 10527824
624979949 767458157 11537587
672261896 533652884 39719522
708626670 401713829 20861011
641217145 471394185 16062920
671680636 117287625 40393766
787760248 830050563 34344162
649887236 438875824 17600877
561753294 757202677 27641299
716195050 536539306 26652066
943379858 433083102 46864246
717553358 206725450 10537441
682052749 419327324 8273199
612695440 866502914 28838226
550212813 20182813 39744753
649045399 239281821 4366214
598692116 781897932 425951
696512636 982446027 21700160
685387812 196365432 2952346
663279786 219909066 8186696
748440703 838144138 36421847
555715149 788818557 20746964
552729741 861567749 14132032
647680916 741249107 4634806
772837265 11853807 4378858
732263571 442858862 17780296
604833280 731743141 15249869
626948292 130999116 22650924
713257601 492522303 6784805
698639859 448912886 19475209
566049571 728114509 13794366
629355890 326713501 18795822
4568854 78470111 13856990
556936651 134824923 4587423
673941082 272893548 7062829
715467451 280230258 7897165
741514376 61475680 18660388
628149391 303648172 5563507
638497432 307597151 9160259
651850643 225591320 1224933
553346795 907903375 11252219
718409066 310016212 17563427
716385723 469383548 8622997
644541930 853106092 27399315
688857597 287340857 10496259
568215378 482143510 15285019
607640825 898198845 16461832
553623206 310058039 32563035
615346613 453959422 16579186
737229544 36101216 11482258
683833220 206616052 6706369
648116590 264064155 12970942
728350819 590102826 15331383
636540500 999466382 29433065
696680394 205579738 10216936
682910789 159820678 21989148
685720234 185026451 3116371
558777751 119260943 2495755
621615057 919460873 9731310
689534570 185099087 1871443
575283077 522251077 3974276
689228869 483338421 620530
649683978 961827237 2480719
589363077 473636625 7966215
553994254 446581611 29961915
572785369 159523928 8997191
751649447 8021629 7753795
621706384 943102396 12901240
769304541 16978689 3724226
672422252 431126312 6966214
698020133 469005148 10530498
550770978 161077747 15322588
669621610 439948375 2401491
698201333 365638993 127711
642594613 746126097 4344070
721719869 330643352 8093106
717339472 41928541 2260085
637609311 963679114 5200430
714820715 67244050 10641048
677383703 448773415 4241805
586778057 911099669 14860735
774296175 60315744 6591616
567653916 871084677 947159
627392699 157616258 14137982
670151041 246272792 3005893
602601905 328845615 17463027
649015217 942728895 15216175
641808477 904051458 710855
622646809 740375183 6396991
698531788 423507420 14279815
638448831 282187253 5549081
610646476 488544446 16664664
577861724 894216870 6694712
727206140 497537538 11796664
587499978 512057138 1494725
627817996 784421450 13431887
714428974 84390308 9254382
576494671 856860519 5571384
675494010 454582776 2811538
664852656 258519048 11796268
733014546 472443253 5003254
570049994 511038123 2173939
649956042 966143975 3663100
652896777 777779955 7843986
10448313 777811 18754253
667038256 474869043 7120924
555685545 519942971 2901992
555732046 79698104 4247202
637151434 218968635 5599042
705060357 282625775 833848
846331434 851389189 12721655
559223004 128353529 1083821
651419278 747147639 4741550
659418434 332679487 22002661
644402019 783792498 1452397
592845243 756840110 804985
23719279 80158151 9094598
743092449 17361218 7723427
995899131 201221289 5195980
551795810 518435827 1932455
761654548 51276560 3010718
689678263 374199446 1910048
673501039 226511496 9962421
607877770 761684344 2992320
763238157 55509626 1857221
641519948 489525140 12220945
585823948 791963485 10822290
720640843 357511692 5060240
665442399 416262615 13471333
659530294 242111644 10411137
557060853 61251238 9877228
719846079 347024899 914407
641527865 292178267 6266368
710003956 594049920 2642367
561429124 497641091 6617998
515910309 913645617 14320233
774174586 28876044 6658141
649575965 912348062 7000398
714555184 368628651 10376130
646605316 220911935 4922556
643267515 883785414 287114
716935976 35080364 3054380
722096079 44475423 3865557
712707719 503640874 2288948
566121347 523437101 1458633
571483929 131190402 516120
566478184 120326434 7564963
592850434 460621065 8973558
643827700 755948007 425098
642833622 960664432 1511621
555398370 879120404 1197377
709053660 582445631 7935571
641992473 772603228 3348222
627968134 969579014 7213854
595794721 773956897 1625056
587031707 524090582 10537913
567151685 884949075 2736717
715881071 291358371 7193211
628076217 904862004 6349034
700108664 492242868 5286796
625359505 749548376 72887
766731610 11027882 2040307
745471832 583120356 5562248
680048731 477249098 6530102
749610120 594088776 9783288
756992578 19517720 7398694
702499855 484694331 2513537
711991521 45983598 4312998
555382618 120944523 1577775
589877012 491692903 16769998
609499819 422087112 10612346
695487880 365413312 1022745
636825439 905725457 3838931
768472127 41708 7517243
726518551 482767613 8052058
670881923 462422261 3394663
643939080 892955348 4778461
565841000 515279794 2039660
567228629 905557247 3762111
658354173 457858880 7971777
654704962 733529419 5013557
965793362 491256218 8035046
553591914 530916566 7856215
726771419 424242692 1837229
560872030 893297006 6929064
678722962 241595059 1258005
570868068 891748932 5516840
738478410 467374992 5313909
647564277 229127084 78235
569475695 857533390 4087995
569113802 507719186 3269564
658442520 483168488 310274
642256308 759297850 1694035
831933454 858162872 9354754
580976939 729188596 2293089
843339852 837456228 11901378
604759412 783646549 3416515
639664457 232087730 1585899
642099182 231705795 1953606
621977219 733821563 2664538
580382741 511193485 2810673
639931397 241154246 5545698
677670075 284435996 3930304
581233722 866431394 2619018
604480046 164014446 16085163
629567046 728033740 5891471
605820794 915306622 3678738
642204026 157735825 6216868
551657470 896494850 4198049
640265042 958357065 560259
555368517 124345296 1726605
731999933 466448383 2492331
603244382 775288385 2860131
587675577 895769815 9598034
568093333 915874923 2015288
534825450 913597226 11647922
712596115 53353930 3191901
673356702 458871998 3459200
633301638 740414376 3683177
606965492 748242060 4826044
586071011 534637089 8586037
558841377 87556476 3321775
598714695 755320629 4744376
694580830 372500904 4802168
575976458 867084605 4760458
672989536 285883341 1579639
559803637 105429783 416351
658958309 473019988 127199
773884403 82099331 17749022
953311226 201417132 7419821
630106541 959792272 1400129
662674977 228911318 3629432
578622878 874275339 3822466
559573999 882371103 2658505
994443330 441994466 4631401
575745796 534761806 6821397
962374437 480726891 7491509
645076764 420297824 1384761
685087053 398216482 4144944
656012618 789030577 7119025
625361277 895629264 6132131
717773060 51220070 3729005
565564389 900378630 3598518
646611861 926860136 6871608
651987386 900055493 192643
629136276 735124994 1897869
644647427 234761070 222264
717841705 38616884 2938432
656397520 746625940 3682600
624586167 471682937 5169743
681790180 189905479 357293
600762117 782457691 151795
551346853 140509493 4035039
552131084 886575399 382853
709869333 36777958 4178856
770514664 53716446 982134
714340307 568941329 12698212
605222893 778514848 1865519
720585275 350299289 3111902
677918692 258446926 1693763
633127729 744289947 3014839
682008942 193725797 515546
661448456 493583384 5837281
630573066 295548656 3545501
713854559 428835820 818646
660052952 298763501 233642
573751137 526453627 953919
561502997 72019162 6528438
730779284 83524343 1100890
619459963 750016429 1368119
635453576 909982575 460034
672842273 282346057 2041613
554297009 114429950 132458
670417012 237416311 1143737
554567556 86872467 2914593
771644019 50088703 2020565
719408621 343796847 2209994
654932735 798858947 7077923
562804155 530449729 219239
637496739 759860245 3386347
685170366 379469798 3590797
647826875 302158490 1296183
617243913 754806573 3408455
573825881 872116224 4656690
734713239 461856655 2023584
685504074 490535728 2582307
644502742 965681193 2070762
599458292 747936678 1786341
551372241 508614165 6395452
679020812 455015263 1733815
582059253 161009582 1875431
590169474 778796872 4945410
688549408 190803741 3407939
602390973 778232207 2540275
552820024 478930208 8550298
723062607 36306454 1386439
634417561 249356129 4963988
706332556 380075538 535915
604306824 754376953 6528
734197108 423653851 3790339
637125660 898254611 1162686
679002228 247302155 4994272
560583708 79989162 3478498
615527686 749449986 581427
570868001 899578624 1968401
597183500 768641402 4399087
647452810 731790147 4626688
754118691 56487 5151732
686041264 487592183 2094426
720490423 379545225 241958
649874503 295201617 5421384
698620002 379374699 5032469
552069416 123317111 1762645
607355694 434066910 3108999
693901936 485437004 298655
650710439 301070436 1882546
650018682 893377223 5034386
570781518 525477555 504074
565019928 880047842 1934909
581837086 150880409 707493
581960990 880335417 5857062
642401353 887906290 3862083
602627224 768436309 4556280
629892989 291211489 2583981
641601415 751938612 1711882
553132971 125754728 2182362
612227857 751587306 44903
743408654 6017043 748462
684303564 485270108 295291
648470819 159542327 340923
571743863 884399461 2394232
550729106 501117822 2602380
567586770 134375798 2526456
578513129 143220473 704086
684892178 407573101 361392
554673420 516956353 457051
550876196 889117847 976111
729609431 85761560 921451
583546128 873955870 2068596
686323654 386488718 2329760
608727562 783829893 479975
641421000 733306386 97937
657697175 468028292 2582065
644295708 251074171 8100702
699404250 373925312 1360808
685002468 403360140 2588786
642148045 416668067 24735
562876338 512875106 2736513
685193960 371312750 1445625
578677907 148580467 2376615
627151063 754798642 2361373
647714802 307892081 3710937
597244687 422761754 5046653
603732624 756370900 349265
711018905 478994919 3318621
610284198 769575299 3027444
763708074 7628896 2487992
653167076 157921790 2443425
677585403 254934596 2560056
737346528 482769407 8014731
570749946 499773710 6784949
583504983 853903382 3279687
705490479 490442600 5033366
637272058 766252936 772426
640968962 908602260 4130066
558670808 509227569 2533275
685922001 366388571 211239
630169753 956348144 3215588
683654845 469497529 3453380
674953358 438392554 678503
677062118 238044996 2295421
635137319 258717968 1049093
680635086 263397759 3556411
598996217 777733173 2618288
676915239 468965825 6101258
575683467 884212706 2746317
637907998 735398911 1029749
621530569 753006736 75264
662891862 301511417 2341304
597839777 470815065 7490726
685342475 406482154 336246
560758860 519678117 2463052
724501645 85682169 141455
634917602 749662452 2104801
626378034 749617078 438090
611433851 786356715 2453546
565342850 128254281 2669617
641606096 755474619 205213
647775303 901711425 4095640
702395101 368637166 1548925
704304545 480780541 724070
643930172 767600603 3355642
563974842 506999933 841394
651037385 229307642 3461403
651921962 218329041 2418543
646088035 962054913 3110310
687216368 468974498 347397
638705420 731029809 1419149
713619268 380153706 1862964
739067018 503830102 689603
687480771 478455796 1925329
636479271 226110450 1858390
740163016 5090281 1496314
709233679 379492670 843359
649771990 416100408 769698
725404460 474266691 4150795
683214776 428779209 2484109
664265768 466877947 6079875
629955416 961914148 4731
763291976 61556792 36525
712620086 507969652 3364650
727418270 464827079 3702879
591571169 770293993 1854766
724108062 82955082 143791
591784846 758922907 1602419
722187238 56378350 2245385
552453085 109706462 825160
591037944 749573780 4435401
692138111 488329322 239881
649258869 736544151 3317976
551357549 728413813 9091690
657846081 474738832 1115512
590936560 756391933 669229
706905697 208637788 8068253
665050314 482187766 1823502
697454506 367455570 1198941
555292866 108453144 1121434
645015173 282175815 3640470
760918757 1430337 1903619
669186179 452478367 2786461
655395214 293369226 4503863
621352778 959814561 3744217
652468820 728054270 3562488
719591033 338951530 2533049
553021989 882368211 3174326
570257659 128043182 919960
639499206 735321160 1575764
634997359 291951981 3615710
638046708 744607819 3686776
650570310 959139541 1975332
562325176 135596082 930415
660657838 158569759 6138150
990436485 434716535 1656880
638274852 896787050 335700
655122723 301923407 2578519
635197424 233191615 4048346
562922310 111372802 3896281
724203264 87365217 1518780
569541454 519222011 1468423
680087156 428576748 1830796
576566006 509258780 3173763
644726780 231977720 2186669
638567176 958320381 593039
564222809 88727399 2210379
603266797 761956451 4113059
584776912 510243469 1852595
629203126 490182802 2338726
654092925 492336856 2584412
563906372 95408260 5887946
702933197 279114765 1934684
553813677 73563806 5452133
630604139 748477812 44380
608793500 779027353 1502930
760344985 57320651 1839357
582312777 859147291 2540002
718994928 424347661 1480133
551153686 130703328 3833538
699454137 281059372 3274082
551358504 495595224 5063434
768569403 20709659 2625632
686976794 393823494 3668671
569234207 513303109 2043245
599491156 788026928 4372284
681080513 182573200 2299831
564461172 135232627 294699
670908140 445444146 3720323
681406216 195460147 544560
569332835 524412397 1286427
611509762 765627155 1559034
693039595 493282068 3859214
763252761 11115484 1821649
707901260 485042476 99066
636202661 729477095 1775389
557081191 104317581 1121892
567610356 852454220 4510078
565189995 535171710 2177139
717736109 478447266 4102153
622859671 747437275 482358
641702604 780547829 2022241
598436235 774971454 2515993
620030187 747826997 318324
553228697 90662781 620029
653264799 224877947 544336
658815821 305219996 20646
594245707 763193303 1812436
700056212 287543578 64283
689323633 379974039 2898153
688350735 489672422 2064537
564230970 106965117 2853826
717796612 485614632 468396
19087802 89855614 5478141
568103991 523021446 665256
553173929 119097913 803716
644589875 277524003 4061356
554743939 116559076 1805034
661880814 309436945 3672131
699874338 485541537 304148
760933319 4976377 2659955
644090225 756988088 1032391
563207055 85037186 77409
654173676 739168378 2035304
591434932 761878816 2304533
574861720 516527619 217216
589035308 728857430 5807489
561470727 504445958 2483593
640966598 761671663 165831
610325674 914906020 4503356
713152189 484794535 3575480
592513760 773473689 1749739
999380250 441717367 2992712
723003553 423286710 85740
686879125 369917072 137975
738598639 474272225 3952885
774013956 40157308 64304
570778542 516359814 586977
638846364 763763927 1197365
713309293 424238713 2963032
564781275 132292203 960800
641823711 761158744 754354
570018218 131243847 1401509
716478011 55398202 1918273
769405227 50626976 1516223
738796805 420462987 1202465
686656872 370229005 59110
657217762 305268360 446229
699744852 369625056 760390
658023140 229002380 1484074
752187644 580102843 5440129
617170608 470748012 2154634
635678946 899133409 1131367
671219972 242745181 2664468
766171461 61965137 2857122
565001888 528381519 1503269
553305721 103653194 1551618
761221373 61968051 686972
613119457 776664922 580711
610671448 782186969 1301878
640702406 738188149 1581416
661060268 293644180 3029036
580749498 145914623 122525
555982095 523012620 396306
556392890 875743524 2692355
766114420 53588382 612240
729293294 82509616 333614
569011202 874240047 2353915
557384726 878834612 1814434
635971435 753137259 2784779
591836349 754090811 2173311
697502783 481131603 526809
629045014 745270989 2585984
664963064 487739860 4952070
635079007 269487378 2365060
597685049 763781270 946145
553642516 145081255 1121904
679044561 440174006 732670
672383911 452024215 3001069
630900489 755232358 138978
648526398 303532086 401622
708644070 54757093 344368
566332346 526251397 834305
767051227 50244649 1784075
570432447 881538571 874559
611703561 762996139 1344665
648195458 958446546 14825
623741405 748698074 452467
686366686 408220466 1314853
703772942 378163193 510700
572850364 516877220 1210246
562633212 534131739 675120
565699345 910712021 2300809
773696623 50975236 248737
625282621 956859484 3917010
641258302 901329105 708171
570528063 863292236 2282981
644226687 968594064 1869466
641715536 730985169 2217027
575446293 878258324 3302218
641847272 736436225 1665350
694264590 488685813 1894057
632125653 752481240 2443703
990237643 201515036 2010104
631878036 898305977 2969264
614075804 783023398 264367
642184452 784992229 1175410
611805232 754349922 856005
561271091 878090909 1586412
607286738 773334342 3677690
655288123 228919091 2453575
741728726 1781469 719389
687860306 482516785 1097914
720523694 34989991 1087450
612889771 753404230 170563
768346144 52627451 258513
570864235 521178228 916024
583231943 147512342 746944
706739502 483065020 1189928
601641831 915120122 2657041
583978681 422204479 7035955
655105617 742203277 604705
709126844 51075877 888423
562299170 103106575 1071563
646965653 417394383 1464607
611955372 778878222 1302391
765297430 16728492 3428111
687111058 389420464 432433
632197169 452778175 9088668
640545174 417800887 433028
584605545 164336694 241038
571466149 909350267 2219827
686612587 375699576 2228581
722086679 347094967 2001843
582394867 150141322 537003
705323273 286306860 3296971
993732957 435234042 354768
559244862 516115384 2720352
647232775 233465077 762055
634703124 262029524 2793134
610413972 758300458 270945
659713224 477462941 2700505
649925490 419203052 1688083
684045787 366148260 370532
997888188 435590477 2832982
644222042 919398472 1314789
703791858 281107615 781100
718709320 460712483 4738632
565933372 876438812 1072712
771409841 21731235 1021476
707226522 279016402 1083488
646268403 968490836 734279
637250266 748764933 1430057
596891540 782424579 1796493
670853278 239878858 75266
643821679 228379832 1977193
672091124 441567641 708680
571233412 905036305 182422
651634062 309481957 2710019
656637923 740608177 1313615
559876632 511773603 855391
725852176 80312419 2120388
697620942 484870546 1753377
682258001 186536607 2847432
562122997 523171703 1279050
611448483 759729432 800679
555409182 106538734 8847
731681984 461367414 1444076
731396981 463235253 1375096
583499581 155428779 299360
729886273 419690484 831919
670613678 283850705 1729006
727105207 86822258 41282
644922723 880844427 2931554
659769038 300603492 434387
568502775 879207997 1028206
582947782 158320044 910496
673062126 439582186 1195180
553806451 889303380 1808774
673984548 239629034 399860
556218773 882864831 2251572
653223761 305863158 3470175
551642579 135517561 3455919
726558464 468766267 465880
558878395 116567457 2610334
723088721 38211226 1862036
553071225 105553390 896247
610251437 757688630 310105
556214727 114566952 398661
559363603 885694489 1025235
656283508 742208493 333716
557809316 122099995 273339
626244490 962105734 2482181
551145685 116958060 1701424
684007168 199806083 1717191
667189543 460598823 1083870
714311825 500755883 2868599
613428375 764551016 463860
561806116 128338173 290715
639967411 235444621 1383267
640015665 226339100 47915
717419554 45702333 2033993
721662423 344710357 949569
558999918 108478431 2114724
590767386 765281546 1124841
686462812 368446559 1468866
622507659 752579219 553259
636991277 770097740 1476764
610667864 756261499 999082
643342972 417646120 621168
636345532 969488686 2709747
681438940 199660054 663570
607774110 757081224 937684
634695734 735378169 291282
642901888 418931120 870442
683952293 493227522 2668640
764517593 59021798 2367764
608253630 786075457 2029031
760039735 8554470 684678
559897225 522533903 441439
644104904 787197044 538691
738362427 424843452 385897
637936546 733273252 1522427
563735335 883158533 3062440
668190387 449176908 451435
562556410 526076827 1418061
722730940 49440693 3757998
621562498 930094048 3442702
624735616 749497026 209729
639132028 901361130 1333169
551406965 516164478 1546821
707345527 282893999 1213170
655370468 297985896 3149087
654694995 489290117 279651
609574071 765245807 340002
623526809 729152411 644223
582543750 863595899 1903063
658122548 471174875 1600555
678414158 438099403 1158224
562031884 516453001 2354840
638110311 736975358 712454
564224491 78974134 3379705
654468605 222265846 2444604
638388638 756195280 615429
552690565 876972204 19141
611227590 471117627 1208336
687649778 483819816 115365
621800355 748643389 225925
644586304 760492989 1575558
725185727 460908913 2449042
563293712 877524667 91492
552615034 120473429 1028615
567071267 877247346 339679
568961837 871267317 993495
569105827 911967492 1250163
822532879 858441465 5066272
724580099 35906667 854636
644092165 780591409 667778
656780213 728489472 2925365
773858318 16947198 3497988
618033835 751336023 241141
564957386 133467638 1120550
642273019 417224815 55725
571824976 132313938 1020957
774354636 37337900 394332
697359117 482501702 529961
570652939 913821556 1836765
590673714 767858913 174849
634949458 265227214 2257775
695150360 485615191 961306
609328343 754542658 176814
575074927 513220465 2630429
673502835 280080476 139776
685001543 383861979 1608669
760023275 11680413 1100678
643656045 763907579 1942616
679106478 443954053 1756862
565452202 517505574 1252519
636732853 736255759 534790
675054393 280254948 757410
582896765 870225045 2160101
662141890 304159194 1045939
768074369 8074044 927520
678675799 460751922 4786258
551520489 112149960 430374
655964142 309695437 2639038
552492244 487800786 7765684
708780912 482764794 1253458
642304457 740839922 1716875
700763557 479667619 2540087
685017781 192163844 330583
605981345 788250467 2028940
639804033 897817049 1090761
704044897 374171984 3854245
583086791 144661056 47341
566046676 131762177 464283
567717459 880857123 1048608
623721227 755362345 643594
551918587 114686843 2253424
669953509 238938599 676685
575819563 527674919 1149455
628660968 487733433 570455
571080399 902441914 1037117
564930327 913734542 147614
727509748 84898019 1758192
571136862 903709837 1114230
622915870 730941699 1437279
640087143 767459308 1420620
568840652 866077969 556255
689071220 376517753 175287
555875273 144303056 29410
582959884 151332834 958439
639949175 769246723 895675
557493518 113275113 1281853
726440645 82552248 1763694
708573239 52339440 259803
553817885 891831469 1641164
591793258 422853045 2619150
683989035 191452482 660374
568788723 532549138 771236
625547512 748264195 967479
993888857 436589642 155335
595681477 748531492 710237
641941292 777526277 1836796
608538270 755956657 542219
655767649 487663025 543314
686712116 474369990 1483178
677939054 441614913 1154416
635977630 736660471 388701
627546318 750484582 1070265
558934899 103245169 1292680
677011456 438533702 1061093
647637355 785637353 1907186
659641709 303048091 1124619
673948237 238682112 444841
629403781 739313195 141912
652154714 919829792 737186
611740331 774846142 1081995
565291035 506759519 579143
571169629 519202310 1415656
742477130 4402850 668143
589573459 764793755 291221
689489218 481591871 479700
555382269 141533181 1589837
684885516 191479256 370895
622065758 753454954 321605
568174015 535358126 2545901
765237909 21286006 3239381
767579978 56281235 392192
641715007 228152085 288815
556395230 130085238 1976450
687564350 373179079 1770864
567894329 516391558 651701
644335751 958781664 371357
704699940 481692575 148380
622663494 729363241 634826
629610652 755546835 50886
629575978 753256338 949778
760587714 59363915 1625004
738481789 461585039 647410
634737936 297249977 2014237
613420581 750159308 210357
613261333 758397054 953272
632049977 734349664 635408
685107007 188350596 880829
583516822 142513833 225687
822412872 851880744 6221792
675557031 443316033 912236
556600851 885150718 2092892
657470915 473499399 914683
691030540 486266872 1429053
641432675 898245454 1617601
684701040 406141717 377636
645546272 958875205 921432
642178641 883880833 16459
727741711 460689703 981398
620627051 730338264 181591
606930155 471327279 482420
702790937 281995956 470604
658880011 480619642 2083483
638607250 739134013 188889
656515650 231382570 2033857
660335489 301444910 41584
636870055 958057883 1238589
649442603 970009932 2925458
698989816 482845412 1017545
564105162 509871654 1598558
686161686 199819310 31324
581775820 148704732 135698
678025453 279967044 1793964
588373053 509883292 1173566
589598966 757562026 1304423
689718421 370138692 2187999
608341762 758399744 804209
553391736 875942543 396272
673432995 482178971 5615250
671334539 286112882 316397
634602807 225481832 446473
729178679 461016318 195753
578865095 145950159 956699
610634510 780281169 489423
634640549 228432305 1860252
678005265 440052043 379389
764700900 50500783 1688581
611243227 776632566 429075
559835544 512862699 46042
660300991 297715014 583088
569171513 897382919 969232
709376347 484989932 21456
746396149 26176 171588
730064350 423338932 2261175
634832729 272462060 2035716
774123629 43743845 2666755
557703617 125727070 1269890
639247776 969903029 1176921
572101338 513692742 532199
620766270 754474434 729177
722627398 40081098 487795
613264105 760717314 301659
693326670 380391091 1210768
676404880 241944748 363229
557740038 123909726 486733
646575036 958159568 392712
635813324 896535307 161166
659409792 297923632 562815
733030904 86006869 1261081
657965807 301645759 1361943
572936730 506687793 211714
700953819 284485453 2488118
637449042 763679659 1047106
689069890 366219230 1430218
636516034 910004730 874548
596654356 749543420 97050
657327271 483394429 510870
672637601 280135242 567653
564752935 521755872 1557998
581007450 142828349 1252306
638413251 766500666 542105
605362896 755518506 771709
733500187 419549115 3381211
554641500 110288002 1701154
704059025 282710040 183808
607930105 754785840 280501
638537148 769577933 685635
552020488 521620632 779942
563827344 523359532 371144
705926086 485225499 1120826
680843870 241991124 1585603
680790456 193023633 859600
647883787 919362590 3414811
571806545 878538332 1846488
561756915 530875252 461142
700911067 366063426 1210960
635917128 897039423 66913
613402042 780905383 1829874
570140836 134392234 1883401
703333320 481756098 258365
561510767 529103380 1163663
552506401 107554497 184481
559417075 878804557 919891
641522232 728339676 2250129
702529473 366985339 729122
596212698 760319394 1063106
673813800 246631848 2453623
679810025 237363645 1095879
555150124 90507738 1507591
631769157 959709227 1656381
636670807 735684063 293598
555971885 127486588 102054
666736870 459456955 395216
567791712 863408465 2164433
742673372 9374116 410817
712266739 590615393 2343870
992240826 432129584 2518520
692639127 377395560 667064
682533376 189969155 669386
629435922 742086885 1344452
639668263 753202291 1608333
726187302 86993324 892871
585717808 513377124 139282
597070517 747228736 216562
598894313 783492766 868233
551053354 101044713 1365570
589796368 772631583 2004313
658187744 303551275 929581
669010330 458463300 22066
558844426 129966966 1056800
643143226 903155909 927683
589454494 738516706 6568416
552700566 879028306 1270285
666790656 457066323 1972553
693016599 378464714 213238
716360043 423892411 212929
687665074 402713032 1108189
639441876 750736010 2026355
689155034 195250358 898908
570764640 527845121 1750216
717745635 483899200 66967
691020415 479983775 1746
691029804 481658190 145631
568445870 868036092 1708036
623659303 752471223 784593
659476110 474405371 346187
649812339 421239539 612380
644625453 752534476 1618974
562504914 133685905 1184763
644781919 777899706 1533403
688608877 493656784 929990
553995018 500761221 1564180
723885625 422948297 710517
681609289 197937209 263660
689038523 182685546 655745
640446316 226531947 107031
638637770 228335034 1554989
613039874 747361663 1000135
641697965 787647172 1804717
659822661 304892604 593947
690980841 366906088 1373002
674411263 441023924 1181459
562252129 509326948 1698176
684440978 369473862 892377
688769086 486113325 1541868
719365968 55081492 1510484
730921061 86496301 190884
633659775 958252017 1052823
762738079 48191052 2169792
564565685 526107628 727521
636186863 896451689 233841
638388852 226202313 294779
732912497 81265744 1402941
769933602 52400839 709117
580780219 144345315 1220857
674427978 241806632 1256960
636700070 731579822 1358586
675927056 440641815 802816
708995285 590736840 3243154
651865401 419010206 1062300
647443381 227066958 932347
727960958 469524152 194668
563871536 102311440 1533923
629518776 737299397 1807866
712878992 428092296 263116
569380754 876911408 1819037
555208970 145116353 255494
639396745 765949783 947385
672055066 438224089 1116818
628852579 751121978 620388
700560050 368411370 583873
567330555 865733482 867684
680849121 215019725 5690799
609072675 471233335 392374
659209479 483919068 606228
574827035 517622505 88550
696158400 367113326 403020
658231992 487632179 2040422
624505979 747060489 304561
610893246 434219377 1264120
608887973 782409766 64984
567639596 131696640 914705
707987065 55860153 218420
677307486 241729676 304343
554023907 112218510 463214
650413047 159435583 958106
680692062 253054356 2992452
766210407 54887354 316787
635160659 897580775 628133
610858525 435742163 795130
684733713 189542306 689705
676193751 280320059 378128
718493286 379322243 1307708
633057851 735433610 1022411
555507051 118751268 2141155
583043000 156007818 459414
583731682 146089300 760610
686417005 485218695 933180
631081742 748944991 121435
554831345 107257127 438951
742126674 8488744 372538
739672848 1004907 1997538
611861248 748008154 602152
592272433 764706511 23107
714426089 40662496 626979
620988308 728175188 396444
760868204 55230935 1430298
684407009 389275362 1044932
676984584 264135295 1231008
993188874 436807419 315430
636814777 764775748 146455
583206795 149697284 379100
617759199 748888634 441982
684235055 373852938 643868
551740293 106101866 537494
693153125 365873827 2003511
721218103 39323987 1055290
716374325 379007948 1827455
690172538 483800428 373872
556834171 109022601 882365
760330274 47801854 2300427
773979148 21334327 2452109
601334152 750141990 864513
708252708 41411434 801756
637698493 899596292 754324
686171229 483933356 290310
623579819 749195285 362606
628433532 752104738 173863
761602595 63854434 767823
705752057 278982917 303684
687458033 472106048 521079
599478425 780840497 128466
703314340 479962098 277341
565898358 512052353 1943757
555193550 515016003 1172568
612287534 748883200 275740
699709033 371032389 532286
583318848 513538960 1007572
611952591 756296732 258453
563300030 530130607 446808
648759243 233204891 864679
555143756 105309147 668099
605969447 753089195 990475
560075667 104591488 612125
637349049 896842736 135904
639035869 729013681 1841093
634918494 901471484 1462920
724719775 84662784 310399
641336233 419254628 1093194
564777528 913903790 147133
552632932 876009711 629330
587079239 164096175 1823900
661375168 296856050 665789
670231951 280683460 1175876
767178360 56664872 162965
576574735 887208195 1400793
611886043 750768570 364532
707661952 481222268 510523
686952292 481241113 576957
562740149 529048313 963493
709317671 56528998 914548
634591184 275183426 511023
706482019 379118323 196450
611382192 758595790 513380
724490224 40534896 644035
629614818 750803430 407737
631659985 747929118 919372
684960475 368314666 243658
573005035 518206851 397020
659767619 473772674 512835
741004934 6898243 1526919
622074988 747253593 206003
714821172 38448213 1794108
625746504 750172142 7588
687461058 366929708 1107035
565706764 508871075 600096
688465438 480465730 780002
573133544 509476312 1092531
567337091 527532121 166357
551183731 886595315 691520
571163848 866479701 1191423
774295601 50475014 92459
598803092 761045995 1925272
556440128 106264309 453260
640991084 416444239 412714
720359826 422610390 1601353
599960395 781188799 166916
637031898 228859941 694443
562374589 532233224 378957
627051600 748444776 372058
646507922 228580877 421316
607451267 471594291 122659
612660247 759903096 620115
582992777 144312490 47643
625261534 752063935 227557
647390158 420772976 1378055
581911433 145608533 72537
555077101 127961085 142560
722013820 380055236 532128
699357552 486649164 981330
554685653 112637778 278579
693818394 486313018 528817
765992160 13160556 437296
550872582 102681365 523273
607187105 766127869 2206346
558085747 122888842 524828
622713171 727819543 872527
582377460 163302934 1167476
637685036 768144886 1095749
641768501 226028564 406816
581871005 156762132 358137
657728855 306348423 1006190
723703082 84221294 61870
615360833 747652312 619331
612598964 752235450 310991
608498197 780676173 1388200
637071841 896223447 568454
766562083 52508375 219358
640245366 756424797 1025746
676656742 261132955 319558
739054816 497466519 4815755
675433762 439102539 51598
740394924 3238761 680926
570753065 136512309 60452
766283800 8551504 663580
644661258 775979497 399520
645253221 787292296 371062
681710961 191470631 862993
729891766 80554946 1731070
551206697 877919650 486533
561094864 105398566 595827
643487050 898370291 1482277
640802366 421028787 1759653
570889696 915683705 1015551
551372914 885659625 254889
570709490 911849452 1385628
567923797 526859831 472797
567969081 517620101 434394
657572445 484482403 784204
638797176 225883395 42159
707509384 380773041 766729
772707245 53631262 1957978
564642812 519342461 1541716
738761783 421674666 911816
699079906 366114456 297150
564245933 524777809 1052289
730202854 460744453 624134
690981101 483034678 604064
609603338 765646417 74782
611291730 780838463 447993
761976686 62826886 707475
553832018 885703816 198714
712730375 41141319 348273
720442653 341495985 684960
689996969 187340100 1909355
704488143 380527131 1449780
603729774 757729787 1315496
994895302 436576875 834616
690924166 480607018 288310
561546190 506967405 570791
714003097 427443742 435067
680239019 258006215 907721
568910899 870213560 572176
614250117 750360017 163225
567207900 521309178 1184526
582156376 147010451 404791
651667890 416048252 1574329
555627555 139617391 1201078
613933395 787518234 1840716
613239874 756576033 712140
991760005 436715374 1278789
642457640 756235117 379836
669998141 286916960 1221325
647244778 958754325 128698
647955023 234373640 108431
641382114 969630927 1849068
676110812 241034960 833365
611713961 777174545 250675
625919477 747144885 966315
562720249 507542528 150648
774287222 35978629 973857
582593163 155315809 114764
621485961 747648314 271194
706495738 281206458 5816
590800829 766727356 82792
676982032 443192408 321603
561727068 535184916 286508
614465459 748875541 109505
551337682 145309111 774408
623840755 753650671 564854
555321058 126779103 274506
672326215 239858104 1757
632028547 961486384 605379
570694199 517162232 115194
766997585 53261357 429978
711728569 41262571 393480
595659504 777714900 1150517
711400953 379897112 1585639
627271643 748888033 331999
632134063 443440613 4288027
614018141 470603521 745234
721969051 424313727 351755
772410913 48058553 291380
589610781 769953662 1158808
743760102 4546070 259683
738447585 423105539 275645
680463072 239483547 1846065
774647280 49228209 1197098
573891042 527471957 585659
703438520 370310728 413866
558335566 124116222 192358
571991939 129326188 1554088
612904957 774951295 523153
560476486 83763679 708474
722691483 424336120 147488
687102845 383273936 334139
651889595 901571623 420160
617482609 747557929 930064
641506567 762439493 297100
736992019 419477480 730190
568331502 129962324 68053
563490406 86348120 608066
597366141 749032222 152839
767693025 52541345 343706
635136571 288066652 3369931
596411240 762374503 172526
550690983 120830300 1058770
613261036 749251497 563269
641238890 225288115 527781
632547585 748942526 770830
704112166 365435053 497087
637740616 738459650 792873
555860459 127132823 112420
673563127 236876590 1095205
605357691 471400899 437832
565530973 914037196 414471
627641743 748492685 28530
640625046 225181586 159540
556320259 143924313 116458
622248734 751286374 9032
550745183 109250981 1260633
559016565 512068097 601006
642831706 900585295 850302
561628827 127992534 179589
708200632 56484291 358312
604762165 753729773 48830
769073541 53003132 223429
566438611 520105429 1055805
642866877 755539985 225030
765623419 52769479 572256
647200104 230523463 1379749
632653263 749821113 416518
652448296 903834318 1220407
644492739 758655507 882576
743683313 8926484 665281
613002012 777558625 63624
570755014 524097068 720194
611687559 760883226 291071
645312953 786474690 116199
648047814 788225129 2278254
632388531 736516967 285272
688112340 492291253 933525
582963606 146524177 412378
555758516 517024836 659449
641370809 417540684 211880
642714438 783322892 183601
641698982 881307673 115313
560130748 876051063 1017491
691046256 182879376 293072
556638264 111612580 1493947
550756916 126216973 1357905
687090467 365769502 566756
743326467 6911969 741659
722175399 53889301 2063045
742793437 2391921 751926
556645574 127783157 169175
763251767 62437511 252065
613327851 768428769 1637723
556841825 110089699 785816
769382301 48124813 621698
731179552 86210421 47207
767339812 48224340 1224099
553551170 523011271 1402957
660930226 297795039 598747
631748237 749456085 102409
642311347 757439470 410963
760258449 61961332 235334
640524060 229435047 467057
555547225 103905454 1328524
645054445 736609053 1180461
582435702 153911634 1307895
695307540 367409956 475167
725551890 36026597 136823
697167670 365941026 711401
645981929 228694456 486958
645287735 883919271 766289
685028893 406851532 223254
596533274 761827892 505762
592312149 768270136 858814
680312133 256066733 1220569
570662670 880525897 116643
612771145 783369262 1093409
642109965 958101991 4463
760199696 62959110 938058
551634213 890907867 669987
568358721 909884023 2018527
621253733 752206540 214892
687415233 371239795 589836
691383527 181866804 483563
563304929 876289294 795916
568154287 529148574 445820
558728685 505420103 2449931
642989790 901624591 40274
595374432 780299442 1824931
614111726 747312482 731334
601203224 781036734 1116848
662246978 298203000 1028192
724778613 425053753 359966
641343093 734461446 969661
683880188 407617941 829160
650374231 158173463 526847
674620291 439167327 590197
767989649 53645691 620929
718338213 482570177 14746
576044385 518082857 226170
706779626 480698221 518365
612177806 757852779 395853
562010692 532930660 103301
670457142 467391616 2576003
725725525 37915826 417152
636999273 739280722 258617
765724095 48010519 106206
564506065 530500512 371019
655497768 489004848 564336
699944445 367833807 251326
686604382 406266625 1106449
563926312 531384350 679510
636341270 734203926 237894
603912377 755979814 8520
638526357 896298538 399166
687712054 408502264 1194748
766638821 55041370 194535
558788721 113741249 822954
569695628 517054115 621141
596172587 763982139 1183047
645867884 226789807 861565
705437123 481646707 290601
641407512 224607508 280108
636132064 735588077 177868
731060174 85696941 455045
553759220 887050743 257775
567281075 528830225 558441
648458127 417300962 934218
642689475 420213055 1270465
562902930 879913839 227935
557054297 102715440 274224
572247676 515025344 469722
556425118 127980471 61774
589956228 768028593 473064
552486226 887120808 145573
636675715 756258497 586218
693206915 486035026 73877
552074474 111237083 365364
566958059 517980443 277684
572845264 508177945 75821
634963771 736193296 768002
581682754 147280847 31451
601702719 747752963 132210
571104573 517721649 83069
569766096 521158766 837814
726008608 469849550 19217
568361255 128868026 238947
558636076 522570927 334492
567331410 877833684 333191
662042005 482106775 975279
567650199 519327488 591983
572623776 527345781 368682
725081482 37782971 355817
607209794 778438852 191626
584077423 163814226 419083
634739673 256020914 1072873
645461698 416076479 1462913
712872807 429224224 254431
678531914 453056326 388555
717605151 485039658 353650
654566483 488190947 596871
743182715 846181 341320
571530556 906813469 445694
743228708 7818666 1174
590305170 767201279 373116
611835010 772764269 1320375
703482539 282785859 269279
641706100 754041983 391946
642820566 962268407 1504565
612120127 752550207 152160
550711151 522683160 801257
612568792 471420805 7736
611207651 436875985 1083241
769022794 48787857 537367
580077341 141481501 145340
612800252 748487082 73247
583472476 512450338 988854
615387784 750801117 965987
641537965 235541678 831819
562565858 130992537 1730697
553428651 516263111 864990
574467675 518169431 5067
555977066 113497063 404321
644333627 782085537 1340129
727980153 80353411 1318826
724646899 424324870 249602
690875179 481039155 68960
564397533 131101645 927694
553972432 106921179 731274
607855468 753280470 616323
688982171 376156675 148628
562857620 84916099 5765
612964925 470949358 340382
691120324 194870616 299854
571354173 515216184 124088
767590740 13205552 208980
987771759 201114491 2398194
578269098 141730604 41804
622367606 754870357 216161
562539483 880079586 268965
621957060 749814287 823521
705203220 480647092 741423
640303424 740898746 680005
675779899 438990674 277725
621786902 750681883 342497
677028898 240526751 324445
614581767 749614746 187302
632240438 755371049 91890
569379173 523038987 806296
641575595 762779933 70359
700176065 367378774 60027
590749857 766523409 110223
713408214 427401145 280482
601200983 782482192 15046
689695216 480895988 291105
698965115 367473238 496403
702601234 365576051 566924
641994080 234236792 693915
566834219 525013132 436495
589481863 755127693 771886
707896589 379095618 423575
706738642 481563259 729401
703966504 481676004 568971
686712532 480535743 154524
647366924 419290509 426271
616129881 748562739 704700
622877947 749674972 102736
648850930 416223259 203521
670822559 238839328 350005
560634537 886234428 1234378
729252962 460662187 338586
621454734 730099570 518928
552185920 885675425 141518
640387171 765263082 243718
730088267 87085406 613380
709606236 380497365 38276
641826437 227724073 407361
658979287 483032737 295347
613993001 471457661 612990
654316259 742080573 141627
619580510 747241928 361167
675721798 442323559 602761
731139313 87284673 125259
723716717 80868459 1467861
651668401 421158849 330993
564922465 530489429 399351
572284848 881629005 212316
687186429 181847486 1472417
679992134 259627244 176590
725255275 38437386 399665
610662547 753746142 1065433
569510757 516019970 836952
656710317 306829783 662124
774620302 41050059 448848
731464623 84829564 32955
612693903 754258993 500067
699683472 368576071 5817
766874402 54456109 355750
720830502 36571754 573987
685839082 389633258 67572
648850564 158802544 212358
641660518 226773373 98445
766775773 54076583 135220
621414798 751609007 381212
639035083 899020281 470526
655044193 217723055 785568
640608016 900529336 154974
640520472 754998015 310577
612340436 750637242 396536
628926154 748279950 128639
640043710 733674915 261173
627701949 487674717 833026
599121012 780472384 233661
629190118 750341626 309539
671811361 236532728 609060
610334208 778286760 592055
562473337 86129815 416115
581100246 148247136 247394
623768644 751045479 649705
563474158 877540254 144100
636871778 734814549 257618
621752713 753094509 67929
571706745 905518317 190395
683909921 409589245 732081
683952583 410379988 217005
630128424 749002796 306385
569480809 866202351 78102
612012724 776187128 39528
568017996 528641177 365932
550943091 112029893 20611
579517969 143701471 80707
718008827 485004272 108050
715350728 504113342 1388169
651410686 919702574 290189
649265315 157905533 431086
639049140 737128994 515746
675749563 441656629 305962
552143714 891591741 149954
652361752 742117980 729863
687194653 476052247 1649883
613330932 748566172 98765
609489950 753291834 252454
717054965 424946505 46443
638923914 899494973 450614
628569787 748818925 37756
774530764 39260255 109147
684110649 367155424 43941
613249189 772948567 1218928
707755895 52936190 787702
682058790 196981320 421134
652253878 899155699 595529
740365249 9203492 1326352
642835795 755105669 3289
564251468 103854303 1234530
639624623 224731000 834820
744082230 232478 125840
767650549 59061436 106926
724207189 84430356 389707
575431306 526335218 1184780
706561374 479928690 383158
705276984 281227410 650607
582768847 156565140 240586
553749914 886761186 59832
629273366 749435796 316242
993789621 435970785 447641
558892253 111833180 633871
574186982 517903488 14584
690817744 481582763 162809
760587193 10207407 540983
685726276 365449276 445019
562614225 83476212 1225595
582382005 145312834 336728
597622068 748003631 448317
671404864 286569325 17700
608731927 757198156 636682
564931631 532236560 477543
639725285 899458623 333037
553525459 877543774 126014
582893560 142936432 258003
689476577 482380261 477083
638288713 897276919 405259
623103082 750537666 514775
654061369 225149509 63957
718056186 422592600 681688
582299973 143883370 453659
667537562 482008359 498164
609266846 758250149 637807
659734669 484994692 849374
710166268 41508053 122280
654939038 225504257 604353
608906929 788130690 670315
616680862 751232739 134227
614279194 751080558 558043
742122145 3718952 254869
571238329 522959680 424417
571553929 516139685 17303
703944941 369151759 541016
685124007 193172103 121998
716235915 509635958 3093627
552500478 520795803 643578
599928724 749931541 222919
585874752 512191480 941633
559000141 522282794 245136
550759649 104626195 315272
707153359 485340560 155688
553452290 108548497 721484
557950186 513102001 269995
743786917 3193160 577519
708729364 53199386 724847
578223588 144484649 748823
627404299 752359326 320864
554383776 885654570 513719
552373277 112020346 780527
640882465 225922651 285393
582171635 152492304 1081298
619444062 747969345 517760
572894376 527736471 246956
643496800 226274537 441891
564533666 532841298 104305
713018143 593479428 169041
774663081 47151512 1519083
742722767 8404301 345736
766535699 7741880 35240
570456240 897418152 228603
632889199 755735820 595113
589588329 768717919 613964
560899218 103634391 179966
558214203 110732837 675782
716737986 423611248 329376
654822290 219466320 1301253
662183425 296956503 137836
641709227 763790969 235544
567712203 524662945 529121
690379548 182477639 250111
641452685 754827262 224539
643799637 788365021 850108
999167803 438584960 1479115
684275741 192559302 204984
551078510 875894112 30885
591799766 756765730 328809
673490327 438165942 284481
659907928 484007621 263389
760242852 7766575 76419
635770310 734758071 435065
598040439 750515972 349051
568857053 527865676 661671
589584349 759116726 702512
649895787 417473243 1176896
708449412 54121655 73019
584559592 512740714 957212
699522592 367752117 67956
723110742 424192766 201042
656300254 739120716 943582
636304984 895637296 612455
708094951 484640409 401975
608926190 753403937 83574
610496615 778912773 399039
646199399 227798753 224989
593592692 758573007 1608686
644673464 785977554 393569
638610338 738140501 462576
708011117 51259748 581061
707323915 281506938 785943
577745594 142024741 335520
690615276 488460937 695266
727942802 468779552 243573
565127037 916029062 1898402
643996587 235573595 446988
551076324 877022170 133927
594264221 760529018 353431
551374742 104724040 36275
550839847 110542510 999737
642775699 904403825 883092
624761680 753221525 148205
551731298 107389265 101997
641057748 762934276 11395
701163361 287751434 125238
563568140 136235943 946826
643282904 416320094 450987
690783146 365372582 1382846
718254178 483021205 217171
622336440 754116058 524022
651734301 420187505 571913
564299500 523322980 363661
596058144 750446755 172374
762686394 61929842 197305
623216382 748175260 329323
586819950 510478798 839194
671741474 237220558 418747
634779631 958054539 741619
716905556 484931091 296363
643580503 958631557 114885
647209750 232541407 531391
648779689 157885156 429960
638196932 765670632 376999
672159106 239044824 670176
771343919 48054681 273451
568777122 528799871 379577
992199722 435073849 834894
684470835 365483977 307426
600589323 783371134 38827
562327566 535945839 444333
562630179 524556971 721136
562500383 128755758 21764
569464510 880568879 889790
613110878 763669696 242141
563997902 84835592 650397
642941831 757472499 591745
557656459 128037066 766514
743501838 8078740 110166
674892748 240379270 369442
622076550 755316431 122345
762540273 63856736 153319
721019710 37661715 382913
583458424 156825351 504603
722672230 344762866 624286
620548267 748574375 450246
721205969 379966132 668963
571487302 513484234 34922
654516522 226200351 365725
705806928 479607590 596130
634097042 734387489 472400
681401040 190301651 106373
564111501 85803059 230890
652630942 960013161 388369
703225504 366070854 612071
684913964 484746431 142274
639565343 226171764 173317
659538390 473105430 295600
649481422 303639415 878961
554800290 114474043 365287
714396852 41611374 756237
684892627 372972092 517551
554981241 522925372 998447
579737254 142593923 743529
766568587 55717400 4960
732497381 83001540 778185
726470696 469237511 257127
621021035 750580224 127576
558433385 127076571 167210
627948624 749286234 226967
554729964 516441141 262409
567556594 529725752 557817
562328840 530678263 321428
626872171 752148432 182178
636743673 901587106 304895
691772024 484308213 773500
600067606 781650771 237393
613115748 752331508 293973
571544849 906361980 364603
556384315 515839042 52252
633076062 734039471 289639
565016268 877515780 973257
707673290 45731640 3868031
634695272 257219713 502726
607527874 470972655 564165
728419916 86672364 1079203
551177973 521879761 500166
613308042 766012475 872637
725172353 40425904 301676
642091586 417598724 233607
569966341 129730206 1359537
636404005 900976077 544340
629583811 754641981 574891
682170724 192800265 258990
550808883 119553306 1150792
606790829 755355580 786538
566145194 913259134 13142
644684210 418015952 134645
561832547 532178556 505432
608147225 471808470 267742
641926617 882102065 1733
641549250 756063252 192200
684065066 375661109 859468
605092215 754322084 348395
625349605 750103542 309115
676490402 444073476 140141
672223425 455258398 2357523
993595069 437153803 190153
605227124 757571894 913053
701831635 287123120 394288
561812180 527601373 7646
676780665 439884444 517315
612891247 761184673 291045
643741761 750866408 227108
642506081 734730760 106863
721639883 35385322 138207
612558191 755852146 195134
581652147 147850668 376359
623209695 754149807 241113
567230455 876632086 174204
637866751 896188406 463722
572720710 526274114 1014159
632714835 748017408 287188
721212169 38053565 75763
611802478 752817596 84996
743190631 3956250 226783
675690889 439435478 243752
673102450 287551410 1212280
703939357 366691151 468838
660619033 305705128 639981
713463144 56568757 1882193
551205482 103665771 209383
657863491 482935803 378660
691533408 489312450 883155
682797604 191136588 813606
607021751 754186074 433190
568921280 517355608 314259
568479383 526669883 454471
625988985 751271811 190993
722887924 423519977 130542
551280346 105532313 200047
687355605 493448360 721246
673020615 441210936 890795
563161111 886330288 432688
635100537 254846617 830241
621154075 747044264 240951
626541133 748596213 42529
731566710 85190146 16625
612236033 755350555 414964
550776821 892240098 816731
558340715 512315703 427591
553215514 876700237 456820
634866858 734332411 608867
729636041 82777588 221273
634669245 274539304 230019
691602067 488016917 453968
637686987 740529053 676235
601370477 748818796 631007
767340725 57946304 81823
738008742 423726530 7354
658687049 230811895 1235810
727212012 469868052 54399
655170824 741360577 673169
616588782 749720386 792428
561227809 107098225 1341443
640344198 764685599 298458
659292990 304237608 163197
652328745 902111818 225978
687415259 470015899 115193
587070667 509282483 960435
645326900 417984943 137535
699493376 368083129 182312
720633494 424814030 774878
637454177 895348070 533976
677430135 252307195 1827761
669922945 281908947 1200474
683837505 385975770 1814643
555443324 114224812 570056
641692271 782816523 369783
640500812 228584093 170698
566552408 518915190 142358
563382420 528018836 289964
569431176 901649036 1140198
739037647 506314266 1186187
741817583 3232260 368073
609754266 777419078 33047
582488440 146168353 131503
643491026 234630872 74628
720803728 40407041 508786
609253598 470788997 348517
641278463 233864576 131933
690190689 479657652 546610
603676902 754450234 350404
654489414 741695828 11540
579104150 141728767 625186
721169041 379160859 355867
677057489 265587607 73640
738465974 423674265 131630
612279722 753288050 219542
718631779 380677877 643916
622711061 748120609 397583
648423029 303942221 209482
568405970 913450848 627340
551522628 103241848 328646
699528497 366242566 97887
620702583 729401820 268652
765233411 54191416 559098
552993424 515088065 176187
607489825 777106650 1256613
726090313 469106749 353787
552514010 110903637 261187
624607671 751540995 594712
552085764 108653188 502714
641100922 902804184 852375
722218619 379171110 654910
642477061 235514477 281545
561732532 875929006 493577
554309795 886171434 365605
680751161 190021486 639666
633508645 956115501 637824
653677376 225767845 26397
767653424 55196924 161554
611093106 760865450 447796
723790685 85050727 543547
653784239 488382779 572602
722612120 339347910 1972270
625564162 752410676 12407
581874674 159059928 921448
683627393 190179768 634742
628271878 747893858 291565
612907641 755630578 182058
767152166 53729373 215447
627231909 291982495 398403
642421968 733525590 121052
556396309 126234946 711652
621042465 751092343 179930
725729178 469359627 249927
568021384 523762750 172326
591947810 767248615 667171
682990995 192306746 277447
759421061 10523778 36587
675736447 444404958 227724
657443088 739220423 989283
581653013 149164761 235111
660995585 482429041 9188
583641053 156085427 596455
705648661 279831904 630793
595731168 775993325 1134892
571325323 517156825 301844
581203772 150117862 581021
552768812 886235795 564377
648236164 300741565 1045224
681612804 190373770 36234
564763449 913168326 122142
684907962 408608892 622914
558140645 122344528 182591
629269883 740669597 1144560
552055326 119294519 424029
683826657 367231428 77532
560678274 128412217 939413
644198970 754326462 342927
629641784 748166445 187900
764985137 47988385 107649
685442341 484786197 505405
572819112 507567384 173500
703982724 282300000 327844
554973298 112782876 100976
768899785 53697487 16816
675984099 439631823 195686
673141933 239815374 190574
571218473 136474294 54047
616265389 747404901 387413
642919378 958913756 647192
691121547 482184052 13245
644686014 234446352 195157
650003676 225836865 693961
774110593 39333812 52453
558399366 105804557 453345
641785028 880941498 79451
630477535 755274712 120412
576013452 516591677 1073892
560658572 522366012 496664
724765663 423339203 195847
642466558 754449786 38991
687705976 405093253 950978
551696188 885820606 277630
598648672 763305738 625944
729699384 420996641 80751
699729405 372351308 1161868
748176996 6235 938342
705208104 482564179 391000
570397126 136571782 89079
641926174 883053934 273422
768659394 53689847 205861
582650313 148378454 723641
717099262 424223943 580393
674629838 239419074 329339
672247122 240067317 37338
641026248 227075657 166400
699441615 484246771 1218652
639878235 755177682 535357
743097356 1493969 642855
723655348 424237943 538922
555066350 122539531 1306035
599748845 781343232 120993
551035475 106808997 344270
690446268 489353779 139943
652595764 959056360 775910
689785793 182871767 325765
687354121 472859944 450224
706439856 380813157 456110
685964104 199749606 190542
563984104 886242183 419142
638472093 898840266 537453
704563169 482017650 307242
696408166 486799825 1198619
642643125 902173181 312201
644200083 785300739 275567
589440830 754078750 867225
591706083 757265373 59351
634437156 276442410 197462
672782096 238010335 260765
680723954 196069281 307171
645586073 234830641 482368
567416060 526356400 185734
707460231 480547673 382965
575937052 517766392 19508
652010133 221556051 1168892
640943746 733464102 212356
652562601 900268786 293341
688999482 367666292 1158767
651741051 223598010 372607
682402253 197582699 598909
592129072 764261384 47115
563086343 527887283 145539
611869412 756611947 451
658545087 300163191 179840
644917156 418037545 28946
556210111 143348859 228606
553372019 886975454 47455
609264999 753981048 499672
558618369 84050378 883576
691112315 194349923 141110
571041799 906003944 72853
552447529 144604368 288383
550762863 887843454 549957
657730044 742228064 1146106
719872375 379802582 263627
770942042 48029905 362918
684273011 484632875 115605
620373319 728174734 120173
607694641 437318956 1622380
723673124 40179228 731313
608825400 777479356 880650
767172425 56181946 388524
676659785 444286522 202588
621878147 754966022 16377
683920225 373012754 75277
599859909 782238243 87054
619373836 471442726 85793
566045384 529891606 431560
767173278 58346142 174184
723250663 34858444 185386
550681275 877157970 302308
689978851 482899095 515355
582124791 155319779 208174
709302974 41633638 537928
712951624 427408225 215932
725556851 39776217 138022
642658570 958143300 454070
703481586 282325545 51019
999765977 432279471 339210
704104221 368156459 846267
706427598 280290324 640737
642915581 234491145 552105
632055354 754988539 192886
599259051 781314101 362750
567234864 517330439 340716
620932919 749524858 411371
588389952 508464327 1201835
564673071 876116092 167841
568532942 531151595 1356419
720481355 380573160 341892
618601407 748445516 4337
682172992 198312562 523037
583593434 149666263 64763
724792679 34866750 629120
632933326 747526722 213076
569759866 879390857 536138
644377662 418725271 433298
759600349 7768241 184895
708605538 380745493 919392
724199264 424966024 123235
561771732 534763535 125202
567175460 518362450 124139
624404721 747721704 77909
563972864 532339661 471267
658445658 472980927 200723
550869023 520405501 475868
611047330 432756075 723892
730754147 85065254 590944
631629592 735610173 684794
673029296 238531677 482829
642460323 417816057 217205
562570385 507045212 297152
551984582 889274505 288757
606006858 756596611 640781
563693607 134099330 279344
683366582 192805645 273636
561600323 532805132 396218
654873919 224871621 32830
659770031 300112568 243793
649183894 158931277 61307
713404347 427831678 309677
633428257 956889059 656344
643774555 418384527 473499
717083400 483733486 539475
564089406 507915328 750542
689205847 194251040 898058
760810224 64007509 675521
622065411 751065367 104939
691503625 479984030 382764
737334766 461467721 779271
574311945 516791741 454910
574818506 516914534 184294
637155709 901832970 335644
631195987 734537494 246824
682313770 194366516 137828
597624308 749097352 229671
686756586 371362460 420453
598143017 780473303 931817
676980334 262604143 703212
552135454 107189773 56913
739023245 490885188 4890676
620285884 747303542 404183
660599626 296741782 218086
646802023 234554904 1069820
562191520 129215177 386696
644770924 785565486 126919
671300579 287432998 571600
656445368 742650948 358081
729287855 83655439 641748
644602997 750518662 778381
657852607 305283940 548512
614137080 784548619 982744
636285218 733381240 30455
626302588 751610403 205709
641215960 417134164 234025
684265164 483999116 304014
683875399 368287026 958400
641891535 415953158 589232
648090430 303678150 73833
739013481 504858059 330700
640968232 228252860 77396
606155079 757745173 257666
635033718 275905653 170610
567100064 879757435 563595
557976123 90884642 808574
557827999 511801641 56063
641769824 229340517 959401
682291420 195269770 553304
567834145 518366143 52736
582935726 145437620 287294
708127780 52093763 155010
614538199 748142160 633035
766901641 56677426 60893
707057937 484371042 238343
709366218 54622631 667404
613699757 755857750 710244
567388536 913662099 300559
551887047 887908875 715839
720629477 379072745 272745
568741334 882157482 637920
635713987 896929648 96023
612149862 758584482 125665
581250820 149488816 320506
582491759 142567637 46322
637500408 896914325 139205
609253115 783669523 454874
647445579 225968792 886871
635607719 734098382 343825
637018888 900779382 599706
642659805 738674913 1472938
612831994 775883481 426024
631774607 749855860 106611
767364658 57019059 157965
743138105 3489343 387020
687576318 389055612 75846
640964704 763376756 329946
611946344 751190718 288024
639601358 229912295 755145
638678569 226777096 7905
564133645 135160155 79268
774234818 38458830 739584
550981490 876809473 81643
563424879 877930674 84573
613708027 754345121 761872
551913286 107910190 266003
658718332 304552683 431545
567715247 882045766 194614
590592080 768433007 378054
574524448 517540191 26725
717196646 422752936 172370
658546782 483719834 483586
652210629 899970515 222282
659033935 473480176 181895
608399575 755332942 407693
570437988 522624503 384340
725612408 84654895 730158
653259056 741363846 96688
717454878 484644401 323094
671594847 280158312 943325
556487221 107537265 836724
643606245 736488095 1220973
697618101 479652495 820308
671959833 237969198 449194
641916578 755659633 258151
681263868 194615330 554045
642741615 761185668 848623
595131653 761253158 724950
612144365 761414360 11476
692485867 485578964 483685
706909312 379812133 150736
764801527 13196305 220597
760956509 8272914 332433
561306602 83889670 231566
614791272 749351776 95473
742035172 9310473 310392
693323922 378306394 139985
738360377 460659197 907852
684731996 365801946 304086
712907463 427768714 225542
627787291 752005775 190432
635245272 895513238 454457
570155243 517745693 322180
612314889 749729050 302634
707827853 54488166 164960
696185896 367618361 382303
581874879 148335246 4748
643402873 755190859 203649
687455749 470325990 227626
603463442 753229490 1088612
684217673 374728477 17922
639412770 740562986 395873
703852692 379038771 179889
570611001 525986184 70991
624592511 752356843 200574
595506837 747690533 570525
683887901 374646627 135348
562318667 535233536 144456
638438118 739618102 78492
641357243 763462805 106919
654812654 487577564 73306
569156596 525809595 340819
612082055 750212407 397936
644603730 226315611 513235
606152473 470594346 185400
673952492 244162827 1611397
562794985 532634248 193959
582340935 156385527 70507
642707209 783813538 120900
674729401 238276900 74770
663145553 482394928 532775
567162904 869933314 606488
617482157 750263539 367372
647002525 958425057 581
599109746 782598485 379071
638463896 740338440 605568
589467370 767335264 329492
680918556 196656857 448120
551110089 878977681 163844
639057799 895513550 435886
694556241 486697314 24039
680742916 199804806 474655
640082496 763256230 367285
641512074 755234230 111762
648713420 158442940 64615
565429504 507595749 812485
617731613 750824152 314146
708456918 485161338 136607
644802475 779744570 305382
612396933 777278296 14205
647415896 228406898 294754
669458761 458161809 306783
765997553 56554360 684734
685689227 366011923 73759
598774140 750136795 692689
557836195 127182198 107412
655035752 226155889 188951
741772473 62644 951347
643642335 901681854 447093
555422001 106194977 225221
583544791 143643287 222715
659472641 301587832 667231
765146101 56384057 74669
642818403 235299566 215369
608332719 754081009 124019
641763547 417317753 188389
558642093 124153555 181651
641818893 761929295 315856
640032281 233873868 1099455
648107778 304179283 301106
621029900 730673225 61880
631741541 754984764 281690
700669166 369893668 850277
628874233 961552440 391926
683982321 406112671 94652
768892607 52473032 260021
557411250 122758033 462686
722097497 425044192 282062
644778422 786644984 188830
774684879 40218089 48645
612051440 752104953 12604
658629466 298397617 593367
566602906 913042764 337933
624534249 755253646 721434
558755509 513201352 744345
622007754 754662048 290166
572259339 512257725 22676
642786234 226166830 342471
640670747 904451421 942883
630126867 748212029 333168
725601384 85514830 725434
566018629 525218156 152560
645047628 285882472 2339783
669283888 449544609 1003015
759696776 10027710 321988
567282622 526663007 281465
625314905 750621238 430269
609629475 766114706 140455
572412157 506862664 209552
571553688 514792095 211835
555331653 83950086 648094
641109526 957994060 764463
641584153 756389223 229571
766981506 54953681 183097
568167685 129124587 72224
639543353 898985558 299431
634621528 735026548 264629
709515347 485142978 151438
560621488 102717562 528715
774612920 51279694 485052
633072155 736517567 313615
641957638 900187307 6662
564837351 136072370 481006
683992785 484747834 137663
708209574 379822318 138590
608103877 788263271 56851
616748330 750863199 188193
687704414 389822589 527672
603742628 755339497 149233
761331704 10182500 660213
659412631 298544973 602258
606116863 754386122 95738
581958628 156038476 148790
551024894 104007025 87640
620105261 729321924 63280
632883099 755105505 429320
563068998 531349423 229442
565674497 131095044 140729
573867701 518142634 306796
641598605 227238661 321405
613522315 753362572 475301
606762438 756246425 57378
633697393 736594712 271405
634467436 909730956 907640
569794096 525870563 251117
645440789 788075249 321262
609427302 755751666 709725
647625599 958876647 47192
634436446 275824134 469942
560313556 129913890 1050437
639891962 225801890 243322
765739835 55640257 701035
722128224 423121277 436100
568077907 527383775 151504
553020681 107461447 183316
642845666 883841794 67556
583393252 148816658 137620
680872645 197294965 249186
707103652 479979186 90340
654315602 489399869 79069
990347735 436921406 1341303
722768546 423339805 67484
725545642 37338181 449937
683604889 192203727 266322
564653839 134665041 333667
641264820 783231437 159883
582477328 155736340 275609
617032079 751071246 155957
708219466 379565030 77848
590997056 767964597 167187
620780953 755580635 1001851
570295311 136464252 12635
718356989 484016245 313512
550694255 879107054 131887
698172189 481151803 133563
761138875 61180945 600258
551616332 877374080 77238
626170984 752231857 141366
607248967 769304489 2408158
681868652 196202626 481003
693442997 485723112 50123
628896715 962223313 527712
681439948 196698810 404524
742551958 7232610 539379
644270783 958090382 495676
613633072 751226977 493660
743446354 3978011 67087
676762019 260319936 93120
611232556 757897939 32785
610607044 755023004 472187
732809185 84444957 787810
595889247 749658646 380942
725706671 40558134 161805
690204211 481262974 254905
596855030 750125761 63905
634442092 226168943 250730
634941258 896236971 673913
613904609 748771912 78577
583061807 142479010 66907
612526743 471320579 10910
610598926 780825532 309085
551461238 520721700 420697
621298045 728655464 116013
641543698 757414725 288753
621838107 748271878 10056
648249186 958616891 88691
642177325 783186882 200139
582720882 143270480 20427
563030015 879267777 502376
553912704 107710481 61897
680964000 198147170 334181
645028475 418855566 510666
651788668 417704857 690720
610166200 777357875 81738
597658106 747481836 364230
691616105 481280127 248969
705002863 279845347 343244
742652916 5465832 13011
613415814 778942159 297247
761403928 11118721 810970
731693064 87215926 213313
709417267 40964326 471028
677039896 261433642 269234
676669843 442087315 1077
657416406 304528282 147764
675068409 442298950 495567
638346252 225641142 216858
570239522 525995114 122272
690512193 195036590 403653
683902390 486005497 663600
627077734 751561396 249380
680424023 259207886 122368
578117457 142358986 227815
559031209 105202519 403449
571230544 522146264 291027
639298086 226341524 182790
620940315 731096759 143572
676743365 441500937 546781
659824532 299441768 660153
644875289 787272236 143250
658631363 299300333 444039
552455818 877740346 538784
688900110 181897177 552804
680438795 259814706 319814
999031389 432646883 562901
591185539 767733004 6317
669754192 458585005 41674
592725990 765722075 526511
674710434 237150763 436041
738874887 423148894 376514
704017215 367263874 351481
597534110 750468973 356361
608487393 754849333 291195
763002797 62020593 274504
567901805 525683974 630431
610721282 757414380 100016
578308383 141418562 204823
641140255 755221885 37247
552345056 90788325 185764
651717041 224279501 504311
613704432 751745781 298100
611178849 783896769 1066743
621020668 753722598 67313
688873780 484496404 824343
555346529 144836851 158701
552288230 118749116 352182
658653264 482848720 254111
739064121 424091985 373970
660322197 482727418 588987
599663229 782481761 43999
732396221 87364628 290834
640473136 901858556 124613
685248082 483980398 566335
567287648 878433040 403883
658801633 300040971 226867
722476886 424083510 165250
580960966 146184522 136126
642821659 754321540 349884
728451099 83127056 577793
567847555 511149143 1814544
556127331 105696345 248232
725746010 39078288 323345
612527050 776792393 22181
622922395 749048400 164605
555422976 516213394 445633
624160322 750165085 187048
660506666 301405268 111684
553813443 515119824 320615
591966031 757202437 231212
704427705 379070683 391882
686271068 366258867 237070
609816168 754857013 15371
555409867 126339887 188311
641592765 881873010 229242
624382928 749393703 343178
553087958 877579978 160404
684534794 193299577 420865
631247839 962052233 674838
635766983 733319648 241701
708722751 484286155 35046
581733000 146042357 238089
583028622 143814807 326614
685983454 388910571 633916
576150785 517727674 147523
605551166 470667552 471820
624546309 754471466 536465
721622093 35603309 204849
571012917 905649539 262978
563035851 531053634 169312
622940384 751135991 258427
692328149 378429103 470254
692394435 379128856 496761
582268621 143032325 158059
607042697 753095756 360859
722624156 379905333 554627
657018130 304753611 108087
707476748 479793041 200703
618711662 747762957 57298
647992345 958024008 16779
589529780 756143710 461285
565568995 913068871 170092
709531755 380844458 217459
710796781 56575799 596454
555660783 143327750 433178
553257439 877185467 241378
606225877 754214037 12818
627458345 749263818 124039
691295017 479581859 394385
766734225 55680157 11891
551417638 102453291 299748
765494555 53510286 16504
626186666 750847964 19780
599582664 780620261 214723
640381513 899971523 261304
742322115 3455500 42003
730137998 84783132 578404
634092615 735007533 273917
690984322 195312801 423325
551203430 890118837 445197
652416476 902568227 391641
628793371 749826736 191815
572051817 134267471 117613
625906038 749634480 340972
705436177 280510722 525027
670516614 285592244 308666
623875586 747600810 321409
631580309 736423531 26486
562301942 84925080 188337
600278400 750033909 16801
657780412 304582253 63214
561544118 530368223 285859
644231442 234801415 388662
707874529 55058474 168986
622121397 755773572 435588
721470967 424922469 7347
738976892 424990043 388818
724145920 82452319 198079
717829167 482589219 181337
581996848 158044096 504141
648459918 234502188 6244
630218501 749541374 68701
629078010 751778039 11839
623138184 753408924 416659
767785864 52100046 56922
554795619 113985994 285253
612821378 751369052 64359
717034035 484402518 49119
630814530 754967343 25792
553501614 107747388 118629
695286557 366616185 489366
640698470 224667447 465822
708305591 55696559 97776
568457845 521031546 17004
556463675 516522421 455770
673875959 279967597 17720
551742556 104275016 276907
689685168 376324525 330750
612696350 777403392 199751
741798418 4612997 664621
561700974 535711792 154373
709354299 55390821 10607
642966326 756015022 341994
611640365 777501460 240402
567490032 877100135 171341
642018464 902653446 137154
643870704 958882303 34158
608704661 783040512 290183
558353399 123916203 198551
719710263 56597520 151174
681989225 198931045 70955
565175870 526838931 42207
636803612 765209947 196182
867468199 33438640 978815529
538153198 80858257 963177705
271481224 404733720 966541745
680436956 51759559 608185564
805619956 827841491 541918113
280154251 624268097 303887925
182212288 352653152 759067431
508061986 548361040 218277526
810972103 418436796 755440807
584798005 774129117 870857200
139789593 485909131 362356436
889989110 78076664 297777951
74819601 295765360 791827090
904881257 947024470 317876509
138954017 580841279 4681883
415596772 844719712 671591977
481742805 124454306 236598115
293968301 83052203 139530740
810918453 926813698 99695001
179210872 126762496 960508434
538356125 875319832 657773698
340005062 523877843 832169540
836903978 51270690 252554261
627863375 584642021 212728177
971460667 670488836 573129819
396633743 360803870 201539381
533751549 701214830 536708108
805533314 353278110 922607254
806408695 129600835 618595748
947229150 559884616 537907842
857899492 730982468 869920579
372242715 408688676 13778391
900291590 273061679 100300996
934205003 416119999 484586125
446021782 398722463 369832107
44318942 712063618 191720784
545979604 857287646 255071224
400931498 487672301 758283150
509461725 960794968 46185984
663633084 163752284 7825199
66549690 174751019 519648130
680744885 215975081 385168975
864389774 670363380 505391944
770280139 354874982 281297316
706837138 459815509 866771834
883290205 408122984 746573527
525033638 275377035 206937345
638956642 865917977 509284091
884865507 661857196 430158951
198664300 97243508 774003316
544190222 48850156 926113290
618877614 149250543 131329119
830016314 464609592 767440279
172745413 424112984 123686673
160420131 409644879 620078200
725938688 74246292 382747066
926321443 71289957 345450771
946582459 184007960 786812795
585889519 716744221 510194455
64583751 82122868 608501918
81284865 457609712 200570676
644884235 144224432 682641437
688371282 195075396 785591042
797745278 632091653 181898340
889532542 734980092 479550556
710240141 825036164 436784577
76747533 368701436 532321086
338329798 21650806 207997860
43767342 669338300 343995201
783836099 626120590 931212646
377425986 378988014 487689910
345579996 65179036 884481564
745926860 913777144 825210475
489710868 974716363 136377892
449355925 952614862 749480773
937676432 310538029 524571599
238370802 37273965 588843612
776007319 24053996 698535831
554217596 666030387 722926278
24303086 349309539 709264277
689729979 36685777 346210114
338707101 57574385 850466612
466813883 577422551 449606105
135319126 318424494 972900523
401106211 381321662 165033316
850103056 419324973 911378244
445955474 400132579 192443715
496229982 786276448 668755728
705210274 602211951 551808066
604134548 687831527 213251673
702103139 876087205 477246835
505716586 313199546 584490486
205183369 478451073 691957418
889799943 998321175 943817260
164244298 567159744 310737915
287046910 873761369 33961988
589362951 419554579 968822689
621663112 456129479 776762352
550930749 967929287 895120268
265416895 802948517 637742000
985413835 814393335 547394741
248638717 510990794 256006326
79861233 729081972 713128361
170312452 459964080 349845363
642672440 105240411 174888297
952544451 539276014 987041253
278450310 209271707 270175072
350716932 877048794 452119761
259566765 275623997 80294162
488575497 675740750 700274990
693684430 454290999 894298462
614450014 791469399 98512073
195033999 162513518 186185698
157794414 757488249 172055380
798055459 857650036 17713621
578144756 877722041 92847352
368909631 210563845 507135052
338227045 216653897 626794190
42434201 890619519 554522647
184103048 620443484 724586075
765654158 696510292 579685125
835517356 588948940 424654974
702863319 730063583 629875403
431748563 7651755 178813097
875034681 843082050 632995186
35597979 73382456 741296446
700368786 206315214 910504128
529464095 326877128 228074061
59665822 389670010 28253639
309515092 931354697 152662924
435367936 143008562 828963301
395150656 772188450 463859702
349477989 224783803 620620200
601422862 791576800 265451215
774180372 283184435 701159734
687025189 619382092 121528569
426029795 604415688 480363534
75152401 652073402 487920508
686331446 890052193 872602561
118564058 453190756 837605333
227457141 127732629 785234506
803769514 350276906 961872697
556703395 742311288 277990782
790186733 774974728 202964794
847011357 24623581 401227300
263775896 356008076 771858362
693832813 854805125 222399448
891459400 885557181 819277697
212674735 249202681 792883833
803530877 740950851 89079016
846714653 955642969 496997123
816364318 452641025 970354810
893308337 152405536 34281524
860768121 591291800 734290306
158720860 986252758 454744385
651763366 826491364 50829403
869247798 90418509 952121567
476984710 878650283 101065661
405049214 597712739 477521671
682897528 965893276 407245086
604478287 83130443 80745644
500305138 129241465 471802721
580522528 122071490 193315689
217692944 623520427 134458434
769393581 337099152 254907142
135865055 495080707 575413551
758437851 67111260 312943158
211343001 587638947 331297612
200755188 601723820 253151130
481498056 13700996 536179452
567776560 928758848 237269627
501126815 967470308 317434739
811466871 645186988 17640060
972096668 892462370 779822589
789854742 638324325 466308133
1202054 494735314 268897822
315955302 681879895 675174487
505204718 283394037 253070020
60724874 431867810 547168258
640213048 72880139 547911426
702422473 356361459 46629651
638437107 92361528 571116851
682517599 26185148 440450693
353111201 428785602 672622931
135849431 664885628 472471483
522539563 492402701 251834032
44397844 686416923 365521079
198747159 59403403 610709470
773027330 317937643 929321613
496439904 406444292 762396069
403067958 102611614 515937349
879244635 138269902 211178267
358922179 161715694 360070193
406159486 686421061 706099968
502739476 224274801 383863531
834069235 823790207 249286691
748744751 624674288 66342912
814401266 931513105 454906651
696967956 460047428 470144046
839892028 343988394 803433645
836524862 592100316 737196624
172755225 639547963 54531545
24246430 74793098 921155456
294320315 968815552 332874090
75219227 821200288 823004170
867286142 904378563 351634111
334150037 215353367 514141348
642995958 133301676 607953888
513353166 602182814 329482457
742973779 274022226 999015319
594168756 716704849 900088253
229858439 319743999 344449228
536676473 132095474 918412283
651415478 770724 388237847
985419478 677380280 561030304
477561202 876813388 360105091
542886231 233302884 888160447
354288789 765062329 908819055
143687168 421358395 986815490
692672851 580839276 199086997
660186544 296163124 89669670
960597433 456011422 332117033
727104376 219381363 347047063
982210397 879109268 251650938
735763217 872315166 655560690
351839774 157198064 750301712
516357117 383116147 286676332
78538874 676523011 799444845
427965600 318177025 580976190
389505820 22954294 806196665
788894361 783906339 753611710
836930239 18861262 32891844
194130249 359044997 894750207
194962193 427500342 811398380
668590875 621759982 145437163
26143056 617848393 835783586
158026556 362030561 413743550
135919113 620719344 651563623
110542625 331986023 127259836
483274644 326370232 257493111
35655409 533072236 646247958
659882129 510290900 811252666
149727603 583554323 327255921
489113776 565165755 113682997
608860610 277437166 668364879
54236180 896066148 415676350
678843192 122702418 755700009
496819972 103624554 739561970
628064465 667747448 740896840
532105392 62188961 586286767
292375737 451749062 623594157
34487260 218662493 397888795
652296552 881603127 852663264
289035834 516583751 635145697
526290529 785566177 738110332
990952586 988295189 337235232
731614895 852816874 370463014
660901335 645936236 718617701
854245039 121525431 559658485
825401731 31352847 886675896
970173925 510222291 189092767
153979407 709274856 690595316
883309733 416214534 622797404
281552359 95419742 19306823
275302957 958191864 17239815
180758215 309488700 413584339
586101623 699971453 357030438
464194389 131421060 490888955
417390816 402602940 882538603
845284961 197887945 567370709
588558568 135990399 440146001
119735399 150253057 19017974
25113143 450965437 420190032
629053069 922826887 716706105
328940288 4645550 728269587
129836829 678303089 119061484
14896291 938099316 102199735
169495495 953739013 891172326
209350449 194212404 895100803
823485612 370255652 804292309
438254018 862327051 959873136
54647595 586488581 992937801
402811639 799300907 823913164
598799991 496483185 571847646
361836186 974993373 80763601
531789540 816777986 537116040
927457251 659147219 53656662
475520130 549547082 727381263
94641251 593965486 545854355
790693904 714643490 99239794
644321298 958537230 650279524
35328014 745200751 876050599
578306504 230862496 312471468
371222727 478320079 415767675
652008447 437457943 507683947
968932978 208659343 694597659
901988675 93521185 360695433
974460618 816457874 501555999
47954412 219539819 468668584
813343425 459465780 439118858
