4000
4540 3064 10723
4434 6640 19040
7833 2151 876
6855 1011 37432
7699 5000 23739
4469 5517 26470
5421 430 12008
6939 7272 15439
1329 7904 11582
1402 6511 33311
6591 2662 27746
1693 1909 30725
7818 7300 40470
4755 1614 44385
2036 1658 24844
3234 3695 37424
4751 3215 47524
634 390 3465
2532 6076 44885
41 7026 22666
6966 6984 16241
4657 4821 36555
3381 1970 12769
7425 1162 26921
5041 2400 45425
7563 7618 37302
4184 848 45605
83 3651 584
1354 5301 39009
5378 5934 10251
3590 1806 20447
7384 3643 20240
2857 4686 260
6734 2330 40229
4697 7086 24929
4042 7415 12609
1964 6287 14123
1144 1000 43472
147 6577 17024
7473 6496 12104
6116 6523 37799
1727 6046 24840
3045 5130 16326
6642 1466 24381
4552 4528 10016
4438 6946 8214
1932 6698 44466
233 4037 46962
7129 5251 3750
681 7349 9387
7542 2729 748
5192 4450 32639
6266 4737 41296
381 683 41083
2392 1692 38147
6538 2971 13676
6645 92 2460
6424 6603 40382
6008 3332 13073
7043 2436 3795
299 7151 17165
7299 5917 35817
1112 3663 31083
6819 305 5015
1427 704 20011
3716 2536 19863
4049 2463 9203
4021 2069 25533
5858 2989 42918
401 6377 3882
4425 5219 47788
1239 711 5992
6246 2203 9161
2847 7076 5065
815 4353 39607
6222 2096 16720
3346 3438 9953
6787 6973 19402
4302 949 20531
1864 7523 22306
6756 4776 28841
3143 1344 43081
1576 883 5832
6073 718 16616
560 125 36252
7762 3518 16116
6593 2862 22808
5015 3958 28572
5652 1022 34759
1099 5872 45796
4801 1578 275
105 6078 36383
607 7469 11670
3393 4637 22685
3345 4881 8338
1430 7629 5508
5963 3596 27456
6931 827 12273
4985 2072 41052
1368 1940 19158
6971 1246 10896
2757 130 24658
2384 7327 5381
2747 7574 4893
1033 194 9899
3736 2467 2758
7891 4425 8903
1535 2784 41437
7530 1252 45445
5228 3552 12893
1655 1301 4383
2572 6067 44689
5702 172 41975
436 2018 10781
6427 1499 8518
3027 3258 30879
1846 6469 35968
6213 6025 25891
4141 2669 22965
1143 2719 45449
5359 2825 1337
3322 2597 46330
4529 3650 3775
1294 4766 46092
174 7157 39427
3564 3041 41279
7108 3288 22544
1432 2058 18861
5123 4798 15517
950 7579 41983
4780 1648 5918
7323 3188 44921
6790 1122 28556
6178 5662 19560
1735 412 37313
2330 1459 42872
2401 4701 24953
1150 5570 10711
2286 1124 9816
4761 1580 21438
7715 7324 39217
4645 185 26741
6 4575 41535
2881 6869 29358
7576 2040 3206
6493 3780 8019
5175 346 34001
2913 2112 20687
4046 740 28545
4599 5551 27131
3980 2095 8056
7557 3884 6369
1798 4313 20404
4060 33 8044
3960 5362 35195
7174 7875 27650
6444 1736 11983
1168 6570 26399
2649 7876 45948
977 1231 30572
5097 7050 5636
5497 3108 25387
5048 1120 24039
5214 3734 23723
3146 1280 23677
5951 7452 44687
32 4189 26534
30 7824 3203
3271 4202 23763
5112 7609 23467
3925 3712 36983
1071 972 8388
1614 1825 9113
576 930 24789
2475 5126 11272
591 2071 19962
2038 2228 32657
692 4475 25832
1688 1271 5596
4983 7534 20619
4990 2479 10548
549 4759 29106
5560 4658 12880
159 1530 6978
3774 4961 17740
7468 2918 8202
6856 3007 8689
1042 5094 39448
4020 5915 40500
7149 405 22938
1219 2116 37675
1972 4581 35328
122 3965 31495
4656 2861 43754
6103 614 14012
5945 2312 6426
1974 3927 44283
3655 985 12629
1209 5227 32723
7886 66 23460
5267 2365 32516
613 6248 22700
717 5580 203
469 5158 32715
3073 7346 35779
2895 1015 15073
685 7030 44431
6991 5192 38411
7205 1821 18811
4123 3218 43203
6911 1469 33022
5208 1693 7658
5331 3838 19482
3398 5423 20396
3832 5118 9905
34 5823 13102
95 5706 7804
7353 1145 5638
5803 4073 5455
3416 5356 43088
5360 1528 10875
1370 25 20458
6248 3906 3388
4724 5966 25963
5682 4216 31610
2638 4722 33742
4974 3271 25521
1748 2089 2956
1600 7206 13307
6658 6084 31937
3857 5202 1135
7480 4133 17552
1305 5191 29734
4313 1071 6823
6608 98 31110
2758 1667 37530
7534 2311 33461
6182 2754 47149
3339 5587 11692
3003 3463 18604
7500 6678 25691
3591 1954 7976
2003 6743 2480
7078 4395 10754
6121 3070 14143
6915 7614 9010
6458 3111 10332
5018 1816 20190
3224 4373 23598
662 3312 44390
1164 926 14203
5547 2857 455
6311 170 19180
3128 6023 606
3005 2517 44659
2435 966 5961
454 2675 8251
4496 5235 12902
7064 6669 37170
4165 277 21379
6105 6593 5557
547 5986 34206
3015 3562 26840
2166 6814 38692
7860 2135 18391
1480 256 10170
6097 5819 8627
4041 4090 4270
6306 3716 6792
6833 3407 10065
2261 5509 2535
4544 3334 33154
7768 37 44142
4849 7450 1031
1763 1668 35016
114 1561 14160
1745 6082 7934
4109 1500 33457
4129 3969 44728
3778 7045 20083
6712 2808 36688
1979 1269 10363
6869 3582 42049
5222 6842 38740
5843 7741 26558
4487 4364 40437
5790 5176 32006
7171 5087 36885
6480 1171 9252
577 5284 32781
3691 2054 18567
470 5831 33698
6590 4905 13663
6474 7540 9991
6279 1255 38148
4264 3336 3008
4380 761 15602
5734 1788 30393
2053 7715 38915
5782 3290 6773
2128 1425 37856
5363 3875 45294
5536 6357 29434
5364 1790 17065
7984 7572 16963
4750 224 5558
806 899 10567
1674 513 43640
512 7141 33438
1788 187 41737
1118 3374 11077
2990 3303 14562
5424 3398 10259
4387 7961 15183
4156 3242 17213
4195 5770 33533
183 5303 36395
425 1298 28724
6224 1744 26952
4616 3165 39548
2081 7312 468
3357 5138 17227
4620 739 20582
4998 7704 21926
5899 954 38305
360 4327 11585
849 4323 5986
6689 622 9393
3259 347 28863
1649 4067 34096
5681 3460 14966
1240 3957 3688
3161 7200 26753
567 7847 47742
5935 4223 36700
3745 4644 21816
6075 5199 16569
2103 2823 20995
5130 378 1639
7044 7683 24154
4680 7186 38735
6758 7056 1106
4704 6624 47028
7001 278 17833
4454 7107 24558
4462 7399 28753
4171 8 19805
7821 3284 19696
7246 917 18218
145 1715 20563
7527 2161 12321
3513 4250 38286
5466 7158 25948
449 6042 35910
1682 360 15515
5865 4626 26512
4790 2428 7996
7005 3955 45981
7243 7948 5732
1260 6066 26454
5706 1589 14866
931 3166 13297
6488 445 32856
5570 6895 42261
1602 988 24369
522 1036 36488
6697 5510 17861
1268 4175 16424
7095 1551 13416
7343 3176 38718
4754 1408 46985
4853 1974 7538
2024 6133 29856
4350 4354 25233
2486 1006 22191
6654 3094 711
7603 1590 8098
3220 4690 6846
1021 1674 29804
3987 3207 6085
6917 3341 29156
5789 6597 12758
2175 308 35698
5330 82 45998
7272 2156 4451
3932 4880 32098
3912 5636 46706
5531 6331 41016
5508 1023 45183
4757 5982 34557
4865 6531 7648
7960 3714 7548
1865 1923 31787
7061 1407 4238
1950 1963 15806
6139 6437 37128
1415 6265 4148
3853 72 8374
1035 1556 31119
156 2551 3342
713 6738 5005
5354 1877 7856
1267 225 24748
2216 76 24850
7063 7882 9043
3743 6488 24023
5454 2142 40702
2157 2987 31655
2781 3834 35344
3757 3146 18328
7104 7487 10001
6143 7528 43122
7184 4578 34216
741 2554 43445
4250 3938 5410
654 4220 8157
6275 2322 26491
7772 181 43954
1128 5338 33781
920 6703 26320
6297 3195 23007
1888 4933 44463
1806 6682 45768
3142 2572 44395
3198 2939 11796
1612 2499 4650
4643 7082 7457
5727 6979 5360
1365 3383 42631
5740 4960 47199
2829 5623 11097
3100 7128 11783
7085 5659 33148
4309 7789 11546
3297 1833 26310
821 1680 46737
194 3991 27477
209 7471 16986
4590 1512 38405
2699 4420 41149
1913 6522 3847
4339 2813 30593
3917 561 30111
5902 7412 1367
1133 4572 13457
2816 1253 1997
6514 4616 26133
7009 7645 33655
786 5535 11000
690 2575 23772
3275 958 31441
2195 1168 34804
7558 4084 6699
7463 3470 27409
7432 1967 5926
6151 6358 13161
1754 3923 3929
5474 6327 36768
2159 587 20420
6227 3871 16978
5915 4466 13494
2885 927 14757
463 1194 18617
55 152 17329
6414 5670 9171
6653 4384 35145
1644 619 11902
4346 2204 43706
5764 7793 14359
1377 2106 4524
1885 757 10230
867 7582 1350
5540 6518 11784
2272 5033 47235
5303 6937 6272
3476 4683 25972
6690 7667 37124
6242 1675 33537
223 5343 28195
4477 3727 19218
1740 737 38000
6174 83 5653
6047 5152 14014
1673 2599 17473
4579 3364 43027
2010 75 12681
6226 3065 11914
7082 835 45052
4074 6114 26207
7077 4943 34202
4880 7950 45072
2902 3444 47273
566 4439 27961
1322 7268 5670
5745 669 47790
3343 3533 34568
7391 4345 17286
3439 7958 42193
3328 3335 20021
5397 3614 16401
7731 2596 3519
7986 3847 42012
6040 2731 19274
6101 3886 22576
2980 5667 16159
7870 6220 28631
115 6206 8291
3425 2336 42145
2508 468 17704
5236 4341 17293
3040 485 34442
7508 3944 47907
3456 5047 47912
1339 4971 2301
199 7081 32600
1563 1876 4151
5714 5230 11972
7668 2653 26965
1779 6866 29800
4086 5002 46982
855 7917 37649
6238 3903 41651
120 4493 26083
7915 2 7752
420 6148 772
7188 3021 20933
1990 2262 38699
6277 5210 24596
1835 1565 43190
2441 2406 20442
3138 840 13729
4637 5849 2615
2626 6903 42817
5751 2200 47424
4572 5093 2611
7858 999 36260
7027 3422 45090
69 3293 40572
6829 5758 12354
3637 4229 10759
7619 3783 6174
1392 1688 46538
4160 885 21313
7256 1757 44580
6727 934 16943
5319 2657 13394
870 2005 17147
7800 6214 10141
5328 1753 846
1474 4925 4199
2071 4316 30227
2154 3722 8938
4644 137 26640
500 3337 21640
3059 1919 28405
7653 1895 17675
6148 6996 3214
5511 5040 45862
6374 3266 16988
3938 3922 40114
7564 5786 41915
1570 5734 23681
4114 3768 37789
4739 105 1168
1308 1165 21759
3946 2407 12837
418 5413 43998
953 3476 11419
3694 981 37079
7786 4830 26330
3265 3925 8708
865 7431 6458
6800 1150 36278
4491 4986 30235
3202 1787 42456
3789 73 19194
7565 6696 15361
526 7749 123
3207 2246 37552
3194 1382 18244
2612 4181 44218
4358 1059 23357
777 2510 37577
1037 1800 31660
7257 4495 45806
2850 6887 14306
5032 6725 35476
4326 5629 24122
5122 5703 4857
3424 2764 30286
254 2644 36562
3502 7331 22248
707 1992 9706
1598 3563 11574
5867 7111 10310
5703 3657 10221
2460 4994 12443
5672 666 16461
5161 7294 42141
5026 1505 8874
5832 1208 36485
1594 2171 33010
5582 5681 33845
2601 6484 27695
625 6062 35651
7650 856 41691
4357 1328 13301
1912 7197 33593
1251 2188 2011
6651 2942 35709
5948 1912 8426
1302 5234 7069
2416 4329 21806
4439 2063 19203
7347 6482 17318
6361 4464 34503
93 6591 22996
3652 2305 25228
1680 2449 24060
1708 2038 38339
7390 2242 41842
6042 7156 7307
7922 6567 7664
5268 6774 35453
5770 7724 1282
7947 2901 46431
7692 3049 8966
2694 3830 6893
4916 2080 8279
1205 1184 10732
6946 6402 43582
2444 797 3055
2317 551 39259
7102 3220 3796
4967 4060 23808
7794 1238 35522
5225 7015 19362
6527 6608 116
4289 4053 12673
5532 5571 42449
1093 620 23334
1194 1946 20370
7829 1918 12808
4237 2941 39132
4479 7382 3324
4804 2828 44220
7197 6442 8095
4938 7032 15359
6344 1671 14348
2647 6270 11138
4122 7717 14540
2905 555 34343
2028 6684 15120
875 7553 6029
5389 2398 23147
5301 2720 22743
3700 2699 11033
6322 6063 16578
2253 4252 32849
7959 7884 45102
3324 7531 1754
7727 6406 42656
36 6559 17097
5034 6295 19384
6621 6059 27706
2093 6383 22116
57 6297 17887
2833 4288 24868
2918 6083 31194
4958 420 19953
5997 3298 14570
7606 4191 41438
6719 4287 40320
61 4027 15978
101 6504 32089
7351 1289 12675
2541 1682 26398
5285 6355 42911
3731 933 36534
2012 3581 31118
5588 5544 15858
6310 2963 31244
1526 1370 17909
35 4727 8660
387 3084 37117
7282 2455 11950
3448 714 28849
4890 570 19231
1773 5115 32241
2965 1051 24884
1076 5836 40694
4003 3985 9059
7261 4393 42588
3274 3914 7400
226 2687 46089
2169 4100 15934
4683 7359 30263
4700 470 15868
6125 9 25198
3822 2550 5458
6684 2134 22690
7366 5082 11584
6196 4800 34490
4955 6280 10290
2576 1091 47794
3818 1423 26930
2079 807 15294
6664 7833 24089
5164 2043 31575
7640 2503 29672
2240 2029 16932
7489 7473 7893
2651 7731 11065
4206 7650 25060
1420 7743 1179
5957 1472 42471
3993 2417 34382
6929 6805 35135
298 3852 17164
4687 2958 33058
7739 1711 10880
2298 838 24894
938 6543 46161
7398 3279 38350
1203 3937 9372
7470 1450 43091
118 6035 9511
3495 6530 30406
7609 266 28281
423 7835 10806
4294 1164 44835
4669 2532 26791
4996 5906 44109
3896 3392 34814
757 5022 24893
704 1786 6097
3085 1663 10000
5889 2781 1998
276 2737 2930
2188 2976 19422
323 3794 8851
5147 3534 21413
4091 2130 27689
3950 5269 1194
5201 7219 15237
4099 7914 3986
1126 3066 29388
3997 4917 24311
1768 759 19493
573 1653 43399
2266 5318 1767
1521 7777 36933
4062 2357 10130
7853 333 23353
2665 4906 47366
2297 973 27404
4898 1018 16892
6100 6572 18664
157 5014 14001
2211 588 28680
7024 4452 10391
6067 3686 39554
6326 935 33564
4145 3660 41121
3113 2090 24864
2245 5421 45187
4608 2869 46087
7190 1867 26683
1524 6575 29198
3263 7075 17951
7675 3291 43990
1493 5585 23757
5353 6945 23572
2334 4055 25732
5518 657 37389
5676 3593 26914
1414 143 10770
1334 6876 41197
2656 63 17426
7137 6245 45202
5754 2490 15747
2978 1338 14889
7831 7364 24531
3668 2952 8189
4427 4003 20251
6883 4378 22526
5766 6989 10679
4356 3110 523
6570 5765 41517
1058 2948 8899
382 1218 26006
2825 565 13079
5541 2609 22459
4959 4711 1291
6785 5271 33140
4417 7565 4743
4460 4517 33586
2662 4930 14589
1492 4833 39085
1066 946 19749
2296 18 13891
3218 4512 34144
33 6827 40092
5231 1616 12224
5419 3486 31593
2477 1646 29259
3408 6521 5658
5837 2397 26141
7206 862 20910
3499 292 14471
4378 4494 24287
4753 1317 17890
402 5913 3474
3610 4799 44186
7196 7164 5394
2142 4091 23373
629 5532 43596
4344 1430 5265
7230 4751 35978
44 7236 47757
4711 5594 38158
3454 1067 35223
7702 7963 20498
6733 959 15338
6837 909 3494
6544 4775 46126
7407 6296 6906
3555 7773 41771
4376 5060 46246
2305 6566 15962
7985 6139 33449
5481 3674 12170
6338 150 38490
5279 3468 15699
4367 151 11893
4450 6109 16526
705 509 32877
6937 5011 16
3674 2914 37268
2264 6425 39245
7585 716 36875
4830 576 10968
2344 5232 12505
3908 3789 34132
2646 4109 41772
295 6547 19459
651 1727 2098
4445 5911 34985
5091 3637 43544
6818 7706 32722
2281 2393 9561
7142 5039 27311
6051 4705 28706
172 6857 22346
6646 7083 41191
5562 6802 34795
5223 342 32769
1176 3850 39858
4903 4715 42013
2184 4919 15104
372 4295 32681
989 6905 1597
4291 4433 7471
3172 6884 31895
1672 3238 7820
6483 3841 29721
5804 3601 4277
3323 5677 19506
6453 3089 8347
7771 3147 21391
4602 4884 41690
7924 512 16985
6864 4309 27757
4304 3605 3723
7416 1754 40279
2815 6291 37158
5163 6433 20557
6751 7337 24245
3444 5815 26165
647 2851 41026
4481 242 46159
3482 6794 41305
6120 7223 36001
367 1760 45646
7497 5393 33072
5665 7042 9107
7362 5122 37886
6141 2247 10217
3314 3608 36554
7379 1860 35966
3231 3553 25080
7399 4463 16762
5548 5567 7837
1836 2185 23462
7101 4349 47376
6024 6264 28775
3012 7383 7683
6401 7562 41424
218 7212 10927
4436 1025 46121
3212 1743 5605
3348 690 2340
1088 5436 25219
3114 7772 25349
1408 3063 31981
974 1027 3876
5947 6875 38938
6976 3861 31711
3474 3378 43173
5261 979 19495
1290 4604 14555
7092 7110 22436
7076 7745 13266
7426 4504 7672
6781 2747 20032
3868 147 3736
6739 684 22282
6405 1534 32007
108 6499 14342
7486 4661 41949
4980 725 46608
6622 7627 33259
2471 2032 24234
2768 6713 42909
2312 4367 27206
4831 5054 37156
1404 7959 29714
4595 5926 32265
2573 592 17468
529 2415 33712
7185 2394 7923
4423 2646 24186
1348 1378 14364
2872 7888 8671
4292 3171 6971
5809 3843 8083
1009 4939 39068
3813 4936 15290
1669 7681 36331
6038 5084 17671
6231 3221 39608
2396 645 44416
6803 477 27645
5881 1958 19576
1366 536 2192
5746 3915 40187
7191 6007 15167
5069 500 6952
3376 6366 30887
6524 5253 8979
1470 1250 19317
5533 3744 35625
3766 5884 21194
3410 794 4960
1303 5858 23291
7680 5444 29148
4977 2835 8852
7369 3538 15271
1662 694 38462
3407 869 16807
351 5381 9734
6510 1897 44234
232 7378 9166
1951 611 26208
5402 35 24560
3871 5367 3410
376 6677 36452
4988 3456 17556
1837 4796 36049
7746 2495 44608
2198 689 7374
5898 4839 47866
2420 2996 44824
4010 1496 27215
5057 2849 998
1623 2507 17868
5846 6537 46445
3948 4893 31262
7823 947 30589
7166 1200 22192
5209 2253 12424
664 1136 16804
1369 4714 35931
1984 5526 33957
3685 843 25094
4580 1392 14848
4858 5184 33720
2668 1117 360
85 5262 27358
6753 2260 45354
5922 5803 23608
686 1719 21400
5968 1840 23864
7311 5921 38579
6438 1966 29562
3618 4149 21015
6808 7640 20187
655 1009 35234
6804 4878 21200
3035 7091 12846
5277 3357 43375
2366 3228 15364
5472 4011 32969
7374 6768 36176
5720 4853 9284
3962 419 29550
5696 2864 18616
1395 7581 1163
6857 5466 14876
2750 7770 38725
3361 4941 47904
3281 980 38663
5050 2676 36872
959 1185 6283
930 712 26193
4362 5797 45692
972 4032 23259
7305 21 28816
3178 743 281
37 7008 16319
136 938 42138
1131 2408 44776
1270 6372 46427
1029 5086 40984
2129 5652 23141
40 5871 35602
2285 1388 20500
6825 5545 22122
2553 2368 33075
7879 6864 17412
571 1981 40533
4399 6329 42659
3719 1836 30202
7575 6631 30729
466 638 17047
222 2445 11452
5058 6981 47613
297 3673 19499
4186 6618 35960
3006 5941 21388
4805 4126 11438
3765 4137 37998
7701 1435 22923
7079 2947 2603
2019 7413 38384
6698 6715 25560
4675 1776 20794
6647 4445 33225
5053 1891 30473
6092 3140 21149
3670 4928 22014
4359 5641 9695
2217 5834 25558
6877 3072 10175
2537 2370 10669
6983 4668 3701
2226 545 36878
3897 380 2425
1412 7525 31704
415 6375 38172
5239 1550 45418
890 4956 2408
6838 2155 28400
2571 3086 1756
1868 11 26290
3796 4157 9001
5505 7142 33131
2233 2521 10603
267 1587 34833
6842 4256 9173
957 7730 306
7490 950 7818
3458 5798 3618
3815 4040 22906
1062 5078 13306
190 3778 7497
2451 210 15875
6233 6356 75
2756 3916 45987
2550 2347 12753
5258 1654 29893
3214 2485 32796
2459 2363 11061
2150 7711 1592
410 7068 29719
3596 5957 21969
3632 3499 19925
162 7498 21428
7911 5228 10028
7846 5904 24508
6378 7138 11095
3921 3542 6020
264 6502 40814
1320 6407 9580
1841 3173 4130
5151 578 17516
7042 5254 36265
787 7338 27870
3873 3278 224
5546 1173 20211
3682 4400 2832
7510 2790 38478
2777 7404 682
926 5432 2232
3321 4217 29104
4484 4320 16674
411 2123 47236
4069 2923 42186
3806 7401 35157
1992 646 28570
2440 199 28792
2500 5215 40962
5700 67 43792
5382 2409 43781
2077 6179 41971
6752 2366 1849
3344 6541 35863
775 7637 16022
5583 2974 24157
2864 3314 3807
6440 7625 24178
140 3733 14337
1477 2026 25116
5381 3706 15526
2866 1085 19791
885 5688 32636
4767 1647 1037
2000 4887 37720
1198 3655 2747
5007 6416 38133
594 3033 37386
1552 4092 26935
7121 3386 5659
346 13 23590
6827 4511 46499
2873 2859 24373
6366 2284 13078
6426 290 11403
1091 2570 37053
395 2966 7815
524 5151 37605
2065 3450 30945
1761 4366 23101
319 603 35391
1277 200 6242
2953 5276 46689
5880 6552 143
3617 6317 5645
2433 4005 16379
2095 5761 6081
6460 5079 47847
838 870 18190
7116 5672 21674
6214 967 18193
3856 6226 33243
4330 119 12305
1226 2034 35776
6301 4934 36031
7259 101 39359
2667 1700 32656
303 3492 586
2663 7169 29078
7964 2014 1008
3684 4321 8579
4562 1209 7590
6685 6773 9523
6216 1659 5824
1512 1327 38791
583 4577 20020
7019 7177 5640
5290 1046 14923
3168 2369 34779
4089 3280 9311
2943 7850 28739
2427 7889 31164
7224 2745 2246
5482 4266 35144
4781 5194 29773
1621 2111 4248
1013 4291 42387
7656 1223 39791
723 4747 4295
6638 1863 12973
3803 3813 26020
3958 4024 5527
6495 2109 20940
6049 1529 29722
2304 5838 15373
4285 5208 46492
7525 1741 11038
6086 2220 21735
258 5135 26566
4782 2178 38563
241 3036 41267
3200 1004 30323
4769 697 29398
7393 6184 43775
7447 6235 30581
3609 7734 36442
973 4949 30017
533 6072 13110
5512 401 46049
4056 320 9346
2670 2292 15655
5868 2491 9154
7250 567 32922
7750 5245 927
2744 6503 31900
7117 2015 7673
1892 1214 19785
2351 7751 34210
7679 59 23223
7308 1112 9039
2341 7555 18988
597 5805 47523
912 3423 23149
1132 12 19154
6198 744 2651
813 7396 46326
2014 97 31353
391 4969 6841
7664 1016 22054
5916 4750 23370
244 5195 17363
6672 6230 46267
2082 7456 29169
2017 6131 18305
7093 549 14597
2798 6 5856
7764 4708 43374
3969 1827 15734
7240 6473 21894
1548 7674 43710
1882 6815 3958
1341 3035 6728
5143 4699 5603
131 220 38460
1331 4190 17734
5977 2793 6313
2640 6784 45727
7431 7403 38838
5068 6307 34437
1314 6680 20903
5346 1236 3010
1311 4945 16765
2156 4277 43782
5784 2844 47342
7652 5951 28944
6065 2904 30123
3157 5674 45173
1288 3003 29404
3761 159 42630
4615 2320 15444
4532 91 26967
7570 4465 30143
3988 5622 6918
3185 4260 23918
452 304 3460
4475 1985 7913
7477 6726 5946
4097 2772 26907
1047 2593 39078
7055 6563 4327
3317 6658 6420
7992 7039 3811
4031 1406 6877
6613 5914 47000
1256 3600 18599
884 1137 43590
7214 3413 33471
7090 3488 21630
2319 6621 2872
992 1438 3278
6029 3750 22319
5271 1553 7088
7802 4748 3591
2686 5924 34372
5666 6379 24274
149 1413 38301
1309 4078 24292
998 5615 22687
3994 2489 1553
7434 4365 5240
2104 4835 10719
5755 3908 2589
4854 7519 18197
1849 7615 29174
4412 6867 46379
7215 3256 46888
1791 581 2509
2190 3346 40
4894 7028 10822
3160 6427 14137
3877 7666 37638
1188 5927 42515
3785 3981 37796
2307 4227 17505
6525 14 43517
1519 6196 2713
135 5521 83
1787 1899 16783
2795 7119 44535
3052 1847 44044
954 6985 35464
863 5366 47257
5851 3013 16413
5442 1229 19370
7026 2303 18058
2545 2196 36389
5543 3975 19733
5823 5825 35663
1373 3814 34800
730 2494 18304
2132 1281 2777
5173 5519 1520
7547 1313 7131
5077 3257 27847
1955 1570 17212
1572 7792 15155
1856 1871 39249
592 1058 15943
4559 6529 1380
3662 1792 34686
5785 4072 8984
5155 4654 18070
7264 2693 6802
4718 7193 2007
3892 4703 29891
4558 4965 9380
4483 6557 31051
4115 3709 41782
1359 3597 30491
5216 495 46838
4702 3810 13095
4325 2180 7910
615 2025 19078
18 274 1440
3050 1579 25864
7598 2281 39323
2631 4631 38047
4946 3857 19718
3588 7898 20669
1385 944 10293
3840 554 10320
4217 747 13064
4149 2267 32090
7096 6600 44235
6875 1650 26885
5525 4120 26943
7673 7161 26624
3145 1853 638
2232 662 7376
5316 296 42144
4905 4607 11182
534 5653 37956
6699 5731 47156
7454 6822 41251
643 36 17310
6600 5700 14943
7222 3738 28522
6501 165 42703
6831 6049 18678
4363 606 36060
7930 2256 24652
3870 928 44929
5556 1386 4691
5349 6047 35957
141 5160 35929
4617 71 37306
1304 3008 11135
6484 4142 38984
3771 1088 14702
5035 1197 26457
359 2255 13389
5465 7690 38113
7920 3381 37178
5573 7896 3562
4951 163 4883
4092 997 4746
2214 7841 40293
4119 3259 6214
646 2618 27891
3170 932 47249
7034 3548 44344
4839 3098 501
7714 7048 16713
2099 176 41035
4392 5937 24224
5488 1804 33697
3854 6474 38315
3371 1424 32225
5991 1359 454
6187 1308 23176
2749 7765 24725
6381 2874 1866
1008 5327 30933
3580 3062 14809
6000 6960 45626
7751 1257 45872
4672 5705 40695
3467 6837 17732
4653 2648 14969
6087 4824 7108
5895 5178 25545
7730 1044 13070
1789 6820 20528
2911 5351 26245
772 5886 16843
158 4344 46059
4935 462 31978
1808 878 20039
1054 2243 5501
6764 6058 5672
3566 7357 35725
1298 7205 6645
6447 518 15997
722 6974 24400
1174 7281 4928
6136 338 47297
6806 2323 23474
6631 5955 23645
7681 4500 5556
2050 226 38285
7682 1685 11644
175 5841 20477
2133 7848 7323
2810 2713 16844
7312 1514 35666
6821 610 16070
4677 3602 5414
5589 6238 31334
2481 4589 45495
1122 4539 23629
3362 4664 45221
251 4858 25277
2677 3297 20561
1800 4920 7065
5441 3370 10994
5141 7131 34328
6738 831 17646
2287 1383 7584
5603 7481 1475
1878 3443 43335
1211 5638 23501
1316 5312 23219
5098 2420 6727
3865 764 16011
3664 3998 34342
737 6796 45149
7420 3077 5583
840 7319 45813
3388 6212 18673
3920 5717 31809
7475 2272 6077
2514 1720 35296
1451 795 21752
934 3235 37102
3711 3000 1360
5278 7684 39152
3529 4079 29693
3627 263 17731
5207 6739 36354
2840 4757 16525
1895 1997 28430
4950 7533 7356
1781 4070 19176
5453 2338 23339
3140 5121 30194
5009 1130 43390
5557 2915 6540
5086 4574 13432
1180 2448 26998
3538 5891 46667
3775 3704 45846
3235 4841 39780
173 2770 10545
5885 1539 35386
6932 6337 28835
4825 3123 47590
4869 4281 45647
4382 2840 33329
1635 7433 11317
7502 7953 365
1813 2986 33069
6736 2426 4455
1479 1188 1845
1774 5606 10350
6203 2425 27727
1587 6365 40329
6539 875 9559
2858 4521 18608
3656 171 10911
6247 7448 28335
2322 2404 17517
3909 4447 13295
7123 7074 34109
4108 5345 29065
7776 855 16290
2899 3860 18470
4414 6710 5147
3875 4430 9817
388 5 35938
7443 3478 10926
3243 7055 85
1582 2356 10580
6422 7510 37244
7030 51 33070
1431 4760 21637
4921 5265 1835
3982 5379 17415
809 2545 23135
1039 5136 20521
2494 6118 44646
559 5919 16294
2 6298 7298
1696 936 43370
4219 1779 21099
3991 7112 39294
3213 6668 1101
4205 7563 10408
4085 4112 39305
3816 1535 8308
7105 7113 31770
6930 7692 23130
888 2519 32576
2868 777 15153
2574 2325 22857
2107 3984 44197
2861 3757 39061
6611 3496 22555
5507 449 2240
7545 5812 44968
1489 3611 26533
6128 5945 13986
5087 1207 45838
6309 193 25013
364 2205 23106
5697 1729 8841
7157 40 24599
7400 3869 7273
2293 3583 20065
7482 1063 25802
7345 1797 38237
5810 3440 39761
1697 597 46603
7 1862 17334
5178 5774 41386
2323 64 1357
1906 1138 11908
1466 4815 27743
3373 4529 32655
1475 7554 7914
3497 3574 24333
4057 5543 26150
3829 3701 18520
5896 7689 21829
320 1401 7420
6494 4429 32428
4597 6256 10714
4322 5408 30090
3176 1673 16628
3347 6087 40673
2917 3469 41166
2955 6995 15969
1038 715 31506
966 4499 44204
7469 6601 15619
6924 4241 46345
7636 7063 32986
7236 2019 1055
5854 4332 38067
7774 7274 1906
2520 136 3611
4982 2060 11293
378 7078 13032
511 2789 6521
7067 4553 23690
1485 6779 43106
3365 5392 10358
2162 4643 20581
2740 2530 22748
224 2055 23275
823 2087 3698
2855 4780 17575
6890 5196 743
7728 782 40019
2719 6839 34525
2231 3177 40210
733 3401 4932
7700 455 23680
7313 1103 43414
3070 2673 8490
7441 58 26331
4286 4359 39436
7945 5698 40973
1904 3315 10884
4432 3557 8827
4329 4058 43748
1549 3825 46044
6863 7244 39435
3838 2845 6661
5090 5498 19305
897 459 26711
6628 4322 40542
1363 2044 34772
1117 6615 14746
2598 208 47763
4138 894 41146
7643 4328 24496
2836 6919 42257
3415 1613 34953
5886 4857 23703
3013 771 35588
4860 7620 40304
4299 7047 31880
1224 7634 42996
6469 6288 23274
3867 4808 852
3048 6145 38690
6335 1195 37641
4676 2152 11929
6918 5850 37940
783 6156 15482
1389 6741 7863
4791 7585 684
7799 3894 4296
5275 5172 20302
5609 7445 12560
2243 7560 18795
214 7786 7574
2018 2215 45805
1310 5239 33195
4537 4442 27308
1717 7018 2047
7474 2815 17342
3489 4557 45476
6980 1010 1013
4150 5134 1784
6885 4745 7454
4409 5029 47705
5901 3532 27888
5828 6382 2524
7402 402 45
1874 4723 7428
6543 99 42411
451 1803 41583
1394 5868 46983
6919 1633 27152
3153 7486 34793
5205 5179 15200
6572 7340 46792
5260 895 34293
4863 3002 42235
750 5804 7168
6043 5385 24604
2084 4374 27276
3933 5073 19318
4239 719 11593
5003 6032 14055
2673 799 1588
2981 3178 34242
4883 6411 8432
6909 6637 40550
7273 5806 44038
6880 6930 36405
6848 3457 2686
4117 2006 43372
2542 4044 2816
5243 5967 39043
7446 4263 27182
3492 6127 24317
1577 2871 4703
2370 5877 20292
3129 4298 33295
2321 6282 29222
1638 5206 31375
48 6465 19259
1894 284 36596
4452 6517 12857
4744 2712 47336
2090 1509 47053
1722 7798 24816
7499 1640 43426
3759 1537 35460
6542 3137 9452
5999 7699 40450
2547 6112 23900
1401 1341 23261
6798 1567 23898
7624 4155 6997
3445 3352 10260
5082 557 9880
2568 5164 27185
3412 2898 5770
1321 5549 11021
3634 1698 42510
328 3576 6343
2555 6551 3787
7748 4208 30706
7035 1704 20574
2488 810 33679
3729 2143 1681
834 2654 27148
65 4068 2465
5877 4647 10729
2683 3042 1937
7183 1504 29881
6352 3855 35516
3709 3819 18226
1661 6673 171
3616 5715 32299
1534 6957 18854
1610 6108 24417
3433 1143 27162
257 5145 35558
4970 4106 31073
4456 55 35676
4202 2327 47744
7283 6619 3405
6171 2039 40480
1737 3835 20692
4293 6146 33656
5927 6999 41920
6811 484 24947
7761 1870 42688
2882 7577 497
3751 3416 26599
4968 2492 8355
910 3071 24097
3603 7505 21784
7376 695 4310
1633 2254 16131
2434 3940 45355
2453 5781 27664
7999 6699 36061
4187 760 44818
2619 7668 30847
2708 3405 42796
2530 6299 43702
499 6115 8662
128 7279 4175
7977 7306 22236
188 6632 30305
6772 4659 47475
1676 1569 33415
414 7769 3067
472 7837 15877
925 5820 27495
4587 4414 2992
2393 4784 18465
2072 4438 35936
1528 3543 33967
3266 4635 43726
748 1213 35534
7220 6306 36211
2489 4453 7949
3396 1175 13027
4170 388 27956
2373 4638 35030
3199 184 41349
2701 2439 32246
645 643 4514
3984 4381 12486
1704 2346 13665
4571 4066 3343
6549 6171 89
5874 3572 8033
676 4118 1479
4181 3124 26069
3878 2316 45324
7241 1998 6837
795 6767 9890
6221 5733 5213
5873 6289 24242
7881 88 44251
1915 609 27925
6889 2969 34530
1595 1547 30733
4492 4818 16144
6978 1 43669
4746 1282 7047
1775 463 20155
5408 3913 46423
5783 3933 22342
3975 1347 47836
4569 667 25784
4263 1395 16523
5538 2147 17249
4733 6826 45477
6643 6471 26132
4252 6418 19507
5134 4651 41922
2869 7672 32807
2659 815 11824
6547 4533 42956
7623 2187 43350
3164 3796 38069
5051 6335 32437
2283 4725 25721
3378 502 18849
2819 2681 27265
56 6376 46354
5638 5026 45196
6567 4161 11848
7194 7459 36065
7010 4253 38865
5418 3725 26233
847 4704 31726
3518 7863 2202
6175 6742 38593
2654 2692 18591
5158 5584 34311
5613 3143 45452
3434 6398 7957
5348 5322 19526
7318 3630 28462
5565 1638 3848
6106 3870 46820
653 1690 34381
4229 5405 24584
2610 7350 7614
4478 2765 8315
4661 4228 27602
6179 4468 9630
1954 4482 2474
274 5316 12428
6443 6642 5756
4178 2239 8158
2187 7276 5887
622 3356 2983
5391 1956 35714
7991 5824 8435
2006 6645 19674
1659 4437 41290
380 7070 1541
3223 3211 37120
163 2301 23561
4257 5843 40137
7689 3598 41852
5233 2537 19124
6088 2442 17323
4613 4609 24680
3258 243 42895
3669 4251 37981
658 569 39372
6084 1111 1548
3316 1581 36069
1461 2290 7265
5221 5901 37722
2608 6964 30347
2206 2633 11636
1223 2621 29352
7380 5523 26042
1383 2432 21525
7932 2607 43574
7449 5340 29071
3557 6310 14276
5756 7280 3014
924 7949 19341
2345 1623 8270
2791 6641 5027
6022 2991 2854
7013 3430 31475
5081 4543 29581
5921 429 10435
2976 2568 20846
7504 636 1858
2691 6692 36290
3257 3253 9453
3336 1953 29394
7560 3410 43381
7906 990 4255
2997 4461 43759
336 1480 34322
1490 3300 32818
4418 1077 14423
2915 3448 40548
1755 5268 42054
1086 4954 10444
5618 2179 10647
1491 5644 27837
3663 5169 30510
3435 5388 4815
6562 3633 12026
3472 6650 18946
1111 6116 17826
7349 641 16867
1419 7713 14972
3024 4269 3201
4543 6691 24499
7461 5377 27103
7577 7648 19639
4055 3464 3000
2121 2867 45530
3102 1573 45215
6770 6690 25850
2589 5826 36255
7016 7192 5352
5066 1331 17906
5165 367 30272
5317 3798 3176
2554 5668 43197
2369 7227 25125
1390 2718 45877
6584 4001 7311
1873 3880 30385
3978 2458 34932
6239 3579 45696
3970 595 40411
3060 4405 16591
3880 1284 25928
5179 5960 27021
5775 3404 43153
7913 1944 4752
20 7712 44784
3514 2919 36183
2611 4308 15059
208 7495 21891
7020 6625 1953
5137 3821 41109
422 375 21627
895 5273 17406
3630 1270 22933
3171 6609 14932
2180 1288 36585
1645 3255 7395
4847 4931 9442
4862 3566 15068
474 1789 40715
983 7103 388
153 724 4642
805 2744 37717
7498 3459 25765
2618 1232 19548
5017 2423 28134
3937 285 8002
6161 7334 47478
5986 2349 44686
6717 3537 45481
1455 6323 3173
4051 3715 20028
3443 7740 44268
6299 5687 38796
759 3585 37235
2153 2093 31443
54 6441 9196
7148 5516 15371
7637 7659 19622
1640 1798 22431
4249 5726 24616
5188 3949 1808
6278 3371 4891
2141 1501 22335
2496 4973 28770
546 4866 32941
6597 3647 21951
4429 6542 8271
1438 166 3622
2754 6106 43214
405 1354 15799
614 6239 27364
3062 7651 36647
4163 2606 35186
7111 3361 40652
6091 6707 15340
1230 5502 17702
891 2865 23518
1911 2818 20793
6317 4170 42083
1982 4862 8894
4852 1470 6330
3021 1538 42593
1553 6897 26650
1567 6311 23303
1753 3719 6784
6481 3731 9671
5464 1689 32452
5914 3467 16455
4851 6787 34700
4095 4749 21810
7152 365 7373
1115 1492 31367
4828 6361 47986
1120 6257 40472
4135 4596 16466
6648 6548 4221
3931 722 31528
1797 6804 46705
6927 4279 27240
6369 3681 8792
4721 5226 4485
2822 464 30805
4918 858 12912
2947 1705 17560
5103 6486 11107
6659 2403 8034
5817 5473 35547
851 5944 34625
2592 7191 5864
5651 6516 6102
3094 162 2245
4474 2768 9528
5253 3950 44879
7099 2282 45789
6050 2424 23489
333 6983 44383
6389 2847 41851
3095 1801 29985
6167 7468 1800
6262 2984 44839
1232 5847 10296
1098 7004 41728
5311 2082 17135
7086 5779 29964
6454 4754 12300
3390 5530 33080
2372 7902 5801
580 140 44356
6318 4667 46039
7819 350 26638
6212 992 16214
2604 7217 23123
3890 7545 22845
4223 361 44690
7135 4982 41354
3421 6514 2407
5093 5956 10377
3983 5012 33585
2841 5541 18935
3989 6616 6037
3653 2438 7123
6513 2881 9885
5251 6610 19886
2637 6590 37451
490 654 41540
4542 7479 17313
3025 3967 6708
688 7768 38199
2284 7635 17345
4819 494 19578
1074 5602 31449
6114 748 34544
6859 5394 13878
2672 7929 3668
5527 6745 12363
5460 4950 31957
498 7071 40848
5930 6069 26380
3452 6344 9021
6948 3126 29328
5232 3525 5270
6408 4713 36153
2727 5496 4646
6505 3590 12732
2971 905 23444
7060 2304 34789
871 4441 19891
4937 5358 43846
799 4290 29663
5140 5259 12036
3329 532 44811
1731 6899 40618
4300 6588 38011
3367 5370 44727
2707 4832 26627
3308 122 44579
2101 1005 33354
2796 3521 44161
1043 6479 21593
1989 1258 14580
642 2615 1951
2074 1115 39992
696 6965 16831
6033 6687 23819
6706 1158 33719
7387 1888 29795
6063 6100 12600
7724 6874 31633
2356 7321 13850
6290 5177 30280
3111 4872 32413
2152 7165 2119
801 4094 42429
4072 5696 9140
6425 1524 24480
2381 2235 11495
5712 6670 41810
5282 4081 32566
6823 2418 4900
2525 270 39666
1872 7707 45009
2930 6093 42689
4464 1934 37405
5773 1047 39130
893 7289 43192
3859 3570 23822
656 7250 13160
7274 5880 7647
4872 1544 35369
3332 5019 30467
3758 7491 41641
7226 1193 45843
6313 915 29393
2925 2493 37311
42 6233 40911
4776 5308 38432
553 5714 12198
5624 3902 35366
182 1014 10584
5423 465 31763
1374 1696 24766
6586 4564 5290
3370 6991 45214
1405 5959 26275
5300 769 21596
5917 1941 1730
956 5808 5486
3303 3529 27125
2413 7406 38186
2358 7606 28472
5675 4423 43175
6519 6144 12764
3193 7035 11626
4233 3455 43768
2994 7682 34389
856 3005 46837
556 7441 15026
7878 6103 115
5506 898 34945
913 5106 44613
7511 5586 32342
3713 43 24767
7869 4811 46470
7939 7886 3337
796 6037 21857
2149 583 40028
2524 2470 22254
587 2041 17414
3080 1740 31785
7732 2283 14604
1259 301 27080
2729 1758 18050
5399 5504 13552
7616 6970 40237
7275 2697 35003
5284 3993 44546
2172 7005 31321
3299 1608 11867
1998 188 34872
5698 2981 38990
7835 1309 926
4636 3024 26091
947 791 22604
59 3379 11404
3906 2855 12034
3289 4874 20103
5852 821 14232
3843 3047 24811
4526 4732 34409
6794 3125 33150
6602 4015 22273
4867 4407 34191
564 6412 33434
4130 5813 35932
365 5772 2123
371 612 47410
3760 2617 31196
883 4692 38656
1880 2482 47654
4808 4125 11580
6518 198 8051
4646 1893 44209
278 6653 18086
1871 4545 2899
6691 7317 33636
4307 7089 2772
7908 867 25901
6351 5635 20842
4266 7117 5084
6021 5973 10229
6700 7846 41675
3363 1521 1768
2402 3286 12933
1886 5291 30374
3400 2046 29869
2391 4110 24667
4844 5693 20438
6502 3594 29839
4723 1931 17340
7276 4434 10793
5732 331 1728
5056 7928 24258
3500 260 39982
7165 1739 20664
4451 752 18092
7083 7543 24314
5716 5399 24445
7618 5290 42751
6612 2698 14618
2765 2508 11478
4835 7187 33540
5875 5286 36963
52 5485 37461
7388 6138 23392
6710 2241 26013
7383 7245 9582
6118 3006 8100
106 5221 23709
5125 2972 30162
632 890 42295
5759 2722 36673
7867 5150 18314
4629 2042 18204
3581 2385 10132
915 7358 34094
4155 7149 36163
5721 5156 40821
7694 2509 47375
5117 2022 25829
7955 5970 22536
4024 3388 32476
7792 3996 42290
243 50 5464
4098 1163 8012
248 3483 7429
641 7395 27454
965 5879 28271
1973 3547 36763
5503 1920 35892
5304 264 528
6504 228 745
5572 1100 23773
6183 7397 44582
6812 3742 31054
1933 644 40827
502 6809 26854
5283 4566 42995
7773 5457 12543
5135 2028 28959
2890 3762 19142
357 1554 33699
2946 4558 38950
2113 521 25825
3515 3832 43683
7378 250 35786
1815 7025 9513
4391 3989 40957
7998 3535 5492
6729 1132 4639
1012 888 41368
6429 1419 43656
7551 4913 31964
6479 3696 20655
7848 2769 22759
4147 7402 30321
3963 3163 47715
2875 6250 21689
6102 7019 44406
7670 6675 3751
7147 6314 35403
6434 1678 37604
4666 1098 13848
1051 4416 40889
5597 2559 14071
1409 1360 17718
4269 5874 25999
976 1525 24221
2355 1087 35325
5226 1146 2264
2456 2237 25054
3959 1681 46315
2062 1960 7322
4633 6346 39782
5487 4937 37944
460 1410 46407
2735 4859 14837
4889 4707 4363
6243 5101 20248
2100 3180 40822
7918 7189 11919
2695 2623 42478
7352 7871 7844
3133 783 32520
5089 2383 10348
1530 4915 16754
6265 1418 4931
2213 5612 16295
6606 5193 14363
3799 3829 15442
7722 3454 5236
6765 221 35749
6413 3292 42868
424 6081 28827
363 504 11056
5276 6249 41001
1543 3018 12295
1376 349 700
6080 7139 11945
2280 601 2879
7553 5045 29236
4856 1159 13303
261 4730 9095
2786 7058 6042
5649 3324 9178
204 5089 2948
7946 6685 41434
3689 1935 40139
2022 7670 36048
5129 7722 40053
3635 6490 2391
964 7451 18538
1769 6596 33794
6240 2170 27909
9 4075 6766
2769 3169 31418
798 7657 28872
2146 7497 2645
4259 3225 8504
5393 3777 23858
3144 2379 17506
2457 5743 2784
4253 3573 26363
7874 5157 44994
578 3429 20334
6094 6073 32683
3147 5144 41107
3999 5520 44447
7068 6033 26687
4224 158 7128
7031 4247 18799
7217 2600 32113
6599 6860 15703
3849 7675 5637
2013 1884 5041
5263 746 20827
7917 3030 9261
4557 6136 33110
7667 4501 24668
6019 1774 37644
6034 7384 30932
2067 3604 45310
5626 1090 45031
6870 2541 40999
6071 4648 9742
1956 3275 45017
4836 2807 3316
2252 5782 1952
5825 5720 347
3926 5127 36641
6393 4902 27928
3496 7775 11173
2642 5467 26402
1739 1400 14026
2111 5600 20085
6963 4370 7004
1726 7067 37801
7562 3900 42609
66 7880 37331
1423 5802 46640
1353 2796 25834
6298 1746 32035
4876 7036 10928
5127 7303 47796
4437 5441 26956
6451 1632 22202
2324 3684 39036
3687 2875 27828
5247 3994 10365
4692 7971 22548
6202 3184 19269
1978 2779 17192
2697 5119 18500
6264 1656 28861
1094 6958 36086
1171 7529 16608
1850 7874 10345
5289 7550 44982
5566 3791 4887
7141 7735 27686
7221 4955 20666
6332 7532 41070
7448 328 10255
1938 6029 3322
2725 4741 44661
4126 6254 36454
756 3399 35995
5574 593 15235
936 5123 44181
738 4535 44719
7740 7561 20047
523 3634 44674
2627 4219 26972
4814 5471 17879
7365 7999 38955
601 6428 39783
1714 473 8571
5168 7044 26961
2347 1442 29019
5337 4958 30332
1263 7536 5576
3595 3223 9803
3696 7436 45320
2241 2174 33402
7178 7739 10342
2332 148 46707
4927 7823 1959
2790 6386 27513
1044 600 21780
5707 3495 17841
7676 2162 38704
5494 4523 16703
1784 812 12822
7919 876 44461
5818 1762 32836
1249 2565 40771
7903 7224 17672
1154 3685 27284
1794 6709 39467
6498 7183 23660
4512 4342 28376
1786 3055 9712
2921 7552 958
7136 585 21507
7972 5614 17023
4895 467 30064
6315 7144 42704
2158 4605 22578
247 7893 8797
6032 5201 1645
6726 5321 42504
4473 2956 26066
294 1770 42822
6975 755 10052
803 5375 5994
4467 5028 37659
7216 5247 22709
4449 2371 22467
7693 6158 18922
4785 6045 4056
4655 5468 35438
902 2099 20971
5210 4932 35390
5145 3199 12767
5456 6644 21523
3534 6936 4267
2088 4103 45562
5049 1440 11568
4886 5777 6125
1778 5990 1656
1861 3987 25099
7686 7623 17493
4942 6634 31332
3839 7524 14533
6448 3688 38503
2989 5613 11211
6058 2086 26263
4247 227 33614
6551 7426 47818
7863 4877 22484
6786 1285 5095
1747 3936 2870
3293 4167 1661
2849 2547 7306
6897 4968 11315
4444 7145 12385
5176 7642 38642
2092 5167 19227
1498 4411 38435
2776 7506 45222
5013 2632 46043
609 213 29027
5998 6749 6293
3141 2478 32108
6165 4083 9148
1052 2730 33710
430 4505 26803
5171 6027 470
5913 880 34778
3598 2903 24431
292 682 29576
7476 6920 34325
4497 5588 36862
6954 790 36313
7605 670 5518
2898 708 31146
302 820 14608
2306 2165 43608
5398 637 22764
5174 3219 14119
6826 4665 38767
1716 7785 10538
1262 2353 19244
2353 1782 33531
3556 586 23143
4273 6213 18094
1611 4865 20311
3532 4271 25515
7614 818 10048
210 5238 4713
4899 2121 25326
7072 120 10559
3964 4614 33465
6030 6166 45061
1592 2074 29941
5047 7921 13282
2497 2133 23272
1355 7220 3418
3726 701 22753
285 2900 15156
5308 3482 11528
6744 3442 4399
5699 7940 35569
2715 3876 27903
697 358 7740
2389 5001 41506
6516 811 36388
2179 6893 18784
318 3301 7511
6137 5387 11207
2854 6988 33057
3913 7181 22216
7507 1357 22146
3823 5395 13146
1443 4496 855
6070 128 47554
5500 6190 43679
1573 4736 19663
670 4731 26779
6650 1737 33548
6692 6367 43396
3888 6870 36616
990 3390 25352
1983 5853 15559
2650 6217 32477
6157 3265 9472
3038 3209 19911
6715 5409 27245
2734 7085 12252
7321 340 19926
2933 4806 20402
4674 2175 22919
7566 5326 11450
2826 4709 6804
691 4188 43038
794 1167 23571
1055 7737 28712
2294 6478 38631
4118 3930 856
6252 5994 34100
2004 4823 47670
5417 1679 19065
5551 1110 41018
1631 7129 19347
7385 3747 20554
2753 3759 41119
5831 5314 41845
7358 408 22300
3942 7890 1445
2415 2294 29133
2469 3250 36944
1608 265 30861
4312 4547 10611
773 4380 4378
3401 2885 322
4699 5839 22032
259 6141 18370
6649 6181 20899
5679 952 40299
532 5484 14914
6236 2233 5563
280 7167 46290
6853 3155 47635
7403 5411 13281
7811 2184 43237
3519 3014 21942
1152 5876 40853
1710 7216 45403
5946 2603 45536
3720 5932 4629
2762 6391 17838
1403 4275 43671
5552 1980 20753
1944 4296 2355
7451 6852 23063
6670 6748 18018
4838 4597 21485
6319 2084 2799
4763 5784 3702
6327 6661 42157
2148 3139 43879
5029 4168 8947
538 7942 5520
5471 4836 29353
2408 3254 33274
6431 2372 20466
7161 3204 8987
5199 2558 13069
7642 5283 5991
341 7854 20576
7988 4786 45432
1502 5938 47920
6512 5173 27104
1507 2110 28013
2314 6829 5280
5630 4883 7043
7003 7343 46318
3783 2456 1051
6986 3307 33871
1139 4257 3925
3645 6189 28445
5978 4205 40059
5787 291 47776
6281 7978 7435
1629 2723 23374
2397 6764 14883
5040 2643 6819
5894 2649 5853
4703 5928 30065
1398 4226 5644
7966 4204 15812
7115 4675 37570
5395 174 12333
3530 4098 7547
6400 428 25109
1901 5248 25135
2044 1072 29190
4017 354 17958
1947 5250 5705
1632 368 27578
6013 4788 37453
5724 3642 47844
7436 123 36344
7081 5568 7968
1084 6326 17424
2903 4071 41170
4383 6655 43265
6364 314 29584
4561 5342 33442
196 7122 47133
4431 7892 23694
877 5361 45996
1040 1402 44711
354 6209 18622
3051 5909 35494
2417 322 11410
2761 2916 14594
4044 5712 6871
943 6509 33514
4741 2659 11984
4936 1520 32315
1910 7865 28079
1907 6813 7111
5124 1964 44336
7131 5187 29264
3851 2081 5719
2546 2553 21311
7087 971 34145
516 7944 8168
3136 5690 17737
416 3805 3675
6604 3243 13596
7050 1881 36380
4837 5996 22898
1718 2035 3766
5781 3088 30163
1771 5565 41168
3239 2244 11556
2788 5553 19215
1024 3658 15782
5157 7551 9386
1424 61 21382
3834 6510 16662
6126 4230 15697
1801 4571 46268
2487 3824 1426
5819 7094 2985
6257 3260 44665
4604 796 7237
1050 2451 39643
7456 984 14565
5022 4008 33510
3283 7758 25798
7783 7644 19751
1005 7857 17912
4385 5718 40447
4843 3672 3634
2209 5376 46947
4607 298 47237
2690 7894 29862
169 7006 18749
5186 6801 9060
4654 5446 4789
5323 3776 20610
5133 7849 30723
4809 1127 5118
5704 7496 65
724 6847 16504
3295 2036 18079
791 7278 33947
102 1490 6332
2151 2795 4662
6077 1748 11062
4415 6399 10585
2760 1176 10785
5341 3264 39237
3493 6364 33350
3473 499 7684
4142 7817 27688
3150 1221 3022
3730 678 34666
3695 6113 13786
4353 7264 41629
2988 6733 34935
2549 758 31178
3182 1153 46710
743 4724 189
3604 5297 22207
4241 1722 37168
2015 7414 39920
3139 1634 41481
504 6258 40072
103 5258 28084
7666 4238 44787
6108 6900 21595
3279 6097 34290
4176 6720 29437
2218 839 45553
4893 195 28286
2789 945 43606
6735 5110 5771
4554 5007 46742
4308 7934 33310
545 3273 31624
7014 1216 29354
3648 5161 1265
3089 2050 31097
7549 6859 17873
6732 3023 43003
5731 2488 26852
317 2927 32434
4125 5675 13905
370 2860 8835
2201 564 39529
3032 5292 45725
201 7628 41566
946 2462 27917
19 1397 37957
1729 2824 1140
7287 4262 46826
3 793 46624
1986 2910 14331
4199 6324 37365
2737 7867 19059
7360 618 12066
3337 5875 5543
7327 828 16310
3965 861 10196
3679 4856 880
7938 6901 14343
6696 7256 16678
3042 4088 27841
4240 4721 37322
5960 2010 43950
3624 4790 5308
3511 2270 45332
4194 218 33872
4422 4793 46355
574 6947 20288
829 4387 6996
7850 2504 46051
7859 1831 41513
2041 7184 35077
1014 5749 19703
2778 6908 10984
7234 6836 25886
3724 6846 42348
426 2631 27242
7429 6363 45619
2613 3804 7596
1129 448 44760
3549 2257 3749
1421 7926 47714
215 3058 40175
7495 353 10381
1544 6005 27373
5458 7430 32269
5430 6262 11885
4373 7995 24167
3968 1433 12888
283 5188 42256
844 6969 2761
2713 6219 29731
4499 3344 37379
4324 7807 30843
836 1968 43650
4691 6240 12157
5710 7584 39831
75 5738 2653
3174 3846 24683
1667 1582 15297
5344 5890 19139
2935 3403 15464
1170 4176 27018
7843 7033 25741
2251 4882 21597
3805 652 43295
2874 1583 21960
3795 941 19798
1751 2738 40625
6721 355 29320
4107 234 30948
6828 6354 8815
6961 6353 45706
4534 7253 8699
1108 2288 3741
6147 6022 35794
409 4491 1528
7948 2306 22383
6399 2498 13016
5448 3751 34298
2644 596 3692
6180 2159 5712
1613 1118 27563
2929 1772 27340
1449 3697 31753
4984 7908 35075
6149 4827 38044
2772 1302 38382
7707 2852 1777
4818 2062 10045
260 6966 44572
2852 4693 3110
5619 3882 6886
7685 6916 13316
305 6693 1813
5729 6982 33444
4504 5811 21643
3076 3785 8067
6865 60 3558
6337 3764 7049
781 5930 45062
5370 45 31426
575 3342 747
6550 5048 17682
6902 2809 8143
923 6231 8241
4272 7010 2923
2219 7952 14731
3690 703 31989
1977 1943 12391
7756 7839 18436
4943 751 1302
5265 70 16969
979 7507 46291
1589 5072 230
7899 3849 41646
2666 4970 583
4596 5660 2489
2499 7311 25569
2521 672 8457
3814 62 9621
2119 4863 47645
6603 2714 3963
6936 4215 36747
4242 6828 4737
5227 1962 21732
3409 7701 34208
839 5894 31520
6563 780 21093
1328 4549 45145
3484 7410 29511
3469 6766 8400
7993 4789 9187
5834 3877 23687
4043 1718 46664
5366 2804 4322
768 2997 28781
5033 1796 3663
2026 5354 42678
7252 582 2307
4800 2890 25276
5443 4372 5094
1810 6401 19323
6634 5035 6040
3203 5347 43564
2511 5866 38960
412 1785 36296
7472 7923 23714
5871 7941 23078
3294 3043 41353
7596 2137 35711
1276 7422 20048
3383 2826 28760
5107 6732 6053
2063 6154 27730
2967 7600 43545
3615 7885 42974
5938 4203 6387
2783 7542 10613
4389 6623 30767
1509 1778 23187
1923 4951 32893
6531 6224 34252
7941 2728 2794
3924 4656 9637
6810 443 42925
4290 3536 24322
5864 2328 45165
3646 2097 35880
383 2144 6276
6259 3807 7588
495 7172 46834
5830 169 35274
928 5143 38103
2474 4995 16544
6760 3145 41546
638 7698 28168
2033 7738 18301
911 1240 5098
7882 813 42793
368 1541 16933
2923 2079 22810
3392 5412 34344
4671 1343 6541
189 1105 36648
3951 1474 4380
6044 219 12848
3101 1713 8375
4611 3372 38448
7931 7818 29050
2949 763 32206
2991 3689 3499
349 6854 36906
5633 7638 33670
6626 7283 34671
5264 3788 18879
7801 3677 5510
316 6751 36645
5435 3091 34616
3705 7658 12700
7765 1187 40555
7140 5378 32965
2688 522 21024
6409 841 24878
6662 7121 11726
2607 4897 36951
1225 5590 47651
5845 56 14225
6996 4592 13108
3382 939 20937
6346 7269 13162
1496 311 19238
7983 6582 14846
2742 1239 37574
5510 1201 1554
1097 1702 7582
7319 3226 23834
2414 4299 30348
3692 1457 26747
6506 1622 14522
7029 6695 32030
5575 3208 2886
13 6555 29138
5332 5114 21954
7158 4240 15109
3282 968 45673
5659 5492 30204
7769 244 10285
2506 2117 36839
510 604 3471
397 7467 28624
256 514 24450
1709 1945 44685
6761 1677 4472
7784 756 44126
4173 1548 44899
225 6341 13672
4314 156 5285
5411 5846 30078
4689 262 22060
554 3868 1571
1968 4590 19334
1007 7398 2496
2423 845 28925
6582 4520 35170
5376 2674 2406
5979 4140 46093
3671 4560 3678
6249 558 46896
5941 872 33700
2602 5460 34535
2032 6717 7832
6940 5038 31342
3715 533 35748
312 2704 9826
3334 4270 9242
820 5240 19409
2207 2166 6513
7808 6388 35624
5326 6790 47264
727 3150 19174
2254 2561 9846
155 1511 11460
5937 5442 18331
6583 6338 34077
2944 1557 17217
5044 4627 12387
3230 5925 24264
6585 4156 8295
4866 4035 32837
485 4540 37686
4394 3883 30098
70 2326 41774
1017 7072 45281
816 2787 19314
6470 5465 18868
7889 7093 7703
6655 3820 34526
4105 5561 8523
980 425 46462
7658 6438 28332
2164 1577 15940
5016 6807 20590
3910 1875 29715
7726 519 40666
1201 6440 479
5019 1020 43524
4743 2472 35026
5774 5042 3527
4519 3116 9910
5689 5655 22292
4879 2391 11011
6052 1429 32063
6005 503 30105
2196 5430 35029
740 3425 27180
5544 3351 23845
6620 3632 9690
3074 3885 24501
1445 3083 14946
1862 1339 15981
3734 2382 7150
999 7632 34215
191 2480 16898
1291 2231 13817
2430 7702 21791
603 508 19275
2130 7825 45144
5777 4885 35364
5956 7251 36908
6336 4294 4757
1181 553 29905
3737 2950 27354
1006 6260 17255
5757 2591 37767
6545 7782 2727
6517 639 21680
788 5162 19708
3310 2287 19840
3273 3626 16769
4303 5004 13648
4821 444 6743
5128 2686 12544
406 5525 37349
3120 6091 38808
6552 3135 42243
3290 3620 1738
4729 5341 20439
1514 118 45675
7873 2977 39399
379 1564 4038
7249 6890 42660
6523 1320 32129
3621 7064 20352
3998 1096 35396
3584 48 32080
1759 3105 47587
7320 2666 34332
3116 6201 23197
2682 4402 758
171 788 1620
994 7881 36638
4975 4599 7476
6934 3793 40660
489 447 20510
7718 4225 32860
5367 2678 11255
825 3136 30708
3804 4742 31510
932 2198 47481
4994 4688 43013
802 7767 4259
4405 6605 14916
6442 2447 42311
552 1588 26276
521 3046 37000
429 1858 46131
4403 4338 20644
2125 3792 12166
5182 7126 33260
6305 3836 12796
5281 3749 21483
758 6791 45132
7496 5601 30334
4710 3348 44902
2476 4879 40282
2035 3239 18789
7788 7314 30115
1193 5793 21441
535 4541 45979
5462 7883 40648
6988 4530 18932
4871 5257 44908
4260 1369 9418
5708 5461 21733
1504 2761 26229
6914 2091 827
5857 6172 3069
7124 2195 30528
1417 7905 44376
7491 983 42662
4143 3053 33535
2349 4214 15780
5961 2308 11324
464 1819 1319
6010 7453 15590
4810 832 47656
5621 1655 9707
1966 6816 16448
1169 527 39358
2999 1426 9179
5763 5790 13670
1897 5809 21511
7970 3477 17124
1063 6694 484
1371 7284 16255
2529 1880 24211
439 3186 11579
5449 5270 15796
5730 4700 40493
4991 7351 2860
4690 830 38483
852 1936 27003
3640 2933 18726
2386 1866 5194
6964 3026 35612
3887 5999 43515
4262 7556 16737
1241 3343 22637
2289 3971 7851
5024 6558 6926
841 144 8151
2595 3723 44439
2325 4891 39789
4009 1220 35827
6796 4554 23956
3237 5500 7899
2112 6054 27506
997 2902 23827
1138 5493 28679
869 5958 19009
4649 7787 13600
5958 1235 12941
7661 6183 27693
617 3708 43030
2552 2342 32561
7796 2909 6587
7923 3773 23087
4296 3992 22875
1032 874 15543
6997 5439 34107
5725 2842 36073
1272 488 30970
2270 2168 14754
4907 3526 34272
7464 5030 41972
311 7757 24519
4232 4509 25821
699 1069 1322
1146 6445 42795
6035 3561 22380
2924 5856 32717
2728 1630 8747
3608 3774 44655
1995 6581 10415
5904 1558 27138
6385 3075 22953
7193 5003 5901
7100 7810 22440
4546 1362 26323
2424 4390 5309
2664 1604 274
2599 6987 24324
2741 2567 3834
3291 2201 27937
6420 3172 29162
2069 4772 26851
5502 1476 7919
4541 6622 37923
3432 5628 23034
3802 3074 7967
1173 4199 47806
7647 3664 33692
7736 1293 40558
1639 6301 9875
6956 3676 21290
2679 3951 18934
2282 4820 10915
144 3893 24777
5587 4573 15842
2615 3121 42687
3480 3675 20721
5218 3310 39095
7671 6883 26618
5401 5243 43946
3740 3662 39670
5910 1078 6251
4673 6944 9477
4001 4570 31758
1300 4355 20757
4725 3623 18921
5080 4456 11399
606 2002 9398
4087 3435 44772
5491 2831 23780
205 317 8039
1686 1315 14913
2275 5455 32207
5847 3786 34308
4720 3311 27434
7266 2749 27381
6661 2077 23484
5650 7856 24763
5654 2056 21494
3301 3837 18054
4144 6500 10956
7413 2481 43961
87 779 35980
5126 3720 1538
29 2636 9737
3023 5488 235
116 2003 41057
1564 4325 10908
3732 4034 23453
5615 4382 20264
3981 2783 25933
562 2733 3168
5748 2771 22144
1875 38 34087
5455 7376 32144
3545 3231 22795
6693 7916 5489
4036 5723 43009
7856 5435 26547
6820 6252 3346
3733 5771 22284
6683 608 8335
2248 4009 6870
2964 1126 44966
955 4002 21832
7325 4305 17166
650 5531 39112
1214 4209 46229
5923 2138 46098
792 7939 1921
896 2213 1215
1161 7002 20756
4495 2107 30569
6140 3281 4342
5984 4998 24698
5202 2148 25377
5336 3763 7500
7207 4239 5398
5792 6173 8866
5486 5369 22799
4221 3134 9474
1030 2557 32347
6995 7641 5827
6288 6781 17492
332 6285 13071
1859 7911 20991
6241 7330 30721
6694 6374 32395
2087 877 31243
7094 6208 10978
3824 6560 2026
7607 1599 45769
1542 4787 17004
7317 3506 29046
6530 1926 17711
7091 1907 29802
4102 4972 9785
5692 817 25715
582 1889 25637
5468 3156 18838
5248 3327 40968
6619 7989 6680
5690 6879 20480
4022 117 33016
5374 34 8045
701 2232 35194
3835 2992 11884
2068 633 16120
5926 4016 28237
6892 5410 21057
7295 5006 19081
3658 7604 41003
5942 3073 6703
2338 1368 26632
2049 5391 29571
868 7676 31728
5162 4331 31929
7775 5873 7877
5632 5979 24016
1692 4375 34283
7914 241 23745
4208 1516 7811
5645 7864 28720
7386 1292 13608
7674 303 40969
2809 4243 41693
7535 1294 3619
3241 286 27069
6062 4702 43303
7615 1515 36406
2374 1387 28722
277 1428 417
4997 7016 42891
4598 5372 35362
6138 2065 10496
5969 7990 43774
3702 5640 11807
5479 5992 15961
2313 3501 37501
4662 3241 40880
2797 1454 30477
3836 2763 15650
7704 6700 45383
2884 3360 43971
1604 1921 6849
7602 5965 23659
1654 5474 46989
2860 5747 4053
623 2985 8264
942 3554 24343
2909 4082 17405
7935 3646 45124
1792 3854 34079
6907 5462 33273
1149 2024 27217
4960 5845 21548
579 441 41396
7494 6925 11934
4065 1391 7177
2901 4892 38887
4349 3050 35762
6557 2119 26232
2478 3541 9851
2442 5860 14551
438 2690 11085
6874 28 46907
5988 5810 31834
7297 721 21989
2658 7499 6243
5992 2829 23341
488 6026 38232
2586 6200 467
6095 5952 1798
2383 7512 15972
6521 2590 23010
6296 5579 37104
2429 4584 36229
4933 3192 15992
5333 7920 42094
3352 4326 39753
3029 4273 11977
1671 356 29726
3697 659 33458
2832 767 36521
4845 6679 30523
1105 5487 9894
5888 1371 19006
7593 6817 13937
138 7573 40268
2375 5780 17869
602 4803 6027
3941 6014 21714
7578 7974 3134
6633 374 13251
3794 627 36558
7805 4918 26903
3377 3190 9210
790 4343 25471
4592 7796 2659
4694 1784 4991
3423 4716 15863
4301 466 12359
3677 993 45970
3748 7182 20323
3688 3365 33107
3558 7992 27690
752 4938 14240
5581 7679 40178
338 313 22129
26 2075 26204
4101 3052 16186
5612 3898 46328
2249 7049 31954
4705 6928 15065
1236 487 30103
4298 5657 11739
4103 2145 1812
7582 1342 22999
58 7678 33688
6994 736 12215
1557 7490 12859
6973 691 41632
6053 7267 24380
4564 1540 25456
3088 7204 40483
749 5267 8777
5322 1211 40197
3673 1695 39864
184 4849 41913
1323 589 37116
1826 1172 40583
4513 3329 28199
4374 5214 36737
481 6470 21788
170 3505 37283
2559 1885 37465
3221 7897 33501
300 955 46930
4355 7729 21727
5644 7309 36829
6155 3325 40278
4797 351 20176
4784 1794 41402
3654 575 21543
2616 7080 42602
4902 6775 43538
2579 4946 24109
4594 1125 38572
5906 1443 8635
4792 1735 19985
5601 6912 37514
2340 2506 22979
5760 439 7144
635 6972 27388
3607 2066 724
2916 2126 42474
1539 3113 11650
1936 5116 22806
4220 2951 32760
1975 4940 2685
1210 2352 15058
2996 3154 42040
4892 4087 27671
1527 5940 21983
185 849 8824
7610 2011 33588
5671 1217 47254
3562 4469 24503
6780 5459 26359
6423 6263 20855
7822 6544 32228
4447 3888 607
1593 7022 37603
3599 4233 11778
1135 1101 19442
593 3787 9321
657 3489 17413
3622 3340 32185
7654 7827 6312
5204 3863 15303
984 2626 35735
6807 1591 1169
3792 6159 42333
6681 1699 15273
404 6628 47076
4428 432 30442
6054 3889 26971
7457 943 12123
4360 3743 7485
455 7870 15106
7877 6704 37087
2712 5287 22428
859 7812 2883
6200 6761 46045
4180 1225 40619
3644 1549 20409
343 3519 31965
5670 6532 8354
2343 6218 9396
5327 7720 33411
2047 4691 43259
7543 3890 21961
143 3129 5193
5805 6635 16923
4372 2973 21602
1952 6387 45340
3364 177 22026
1252 1969 13431
887 4761 31227
5526 4408 702
3672 252 41299
3313 2076 1413
249 2427 47089
7211 3728 26642
427 1625 37376
6211 7419 43528
63 3414 14088
2492 4404 30940
7639 4318 4166
2364 7671 3188
6533 4746 25317
5815 660 18049
1628 4127 46358
7533 6187 15562
1484 1381 47505
7857 249 1814
6391 7721 27438
1222 923 30056
2919 5533 30814
127 3032 9466
4335 5910 33825
3807 5764 13490
721 4107 36248
6503 7955 23621
3902 2297 21051
7854 4158 44972
5490 1427 491
5590 2433 11751
698 5673 8808
396 6194 482
530 853 28643
4522 7815 24537
5663 3179 27280
2406 497 34936
6307 1355 23276
3957 7938 37648
7412 2310 9845
1442 3705 28179
2409 2970 20060
4906 4681 46199
6158 7986 9176
4498 6780 38933
6873 829 31187
5305 1283 31683
2565 1977 2609
113 2527 30086
4774 2251 24813
3953 1373 45564
6490 2688 9076
866 6016 23307
3009 2390 22297
7921 2102 22879
1668 3067 3637
4157 550 31715
4589 5741 33956
5189 3245 34570
2037 2355 42849
6589 3408 11047
5625 2533 9053
4730 6351 43807
2958 4410 16925
7492 1021 13594
1827 3069 35154
1945 5829 559
4817 5908 29433
4201 6095 43271
6477 6648 46310
7847 3428 28152
1313 3941 4173
1227 3011 26609
385 3661 18320
5691 1602 5568
1664 6328 26552
4827 4172 30744
2057 4628 14566
2684 1151 25774
1782 7261 26119
2225 2872 35071
7401 5862 16681
7641 7802 30159
3810 1089 18987
2357 3420 37872
2577 2486 39819
6609 7221 38241
4082 6491 24865
2950 2454 26776
3498 6111 24781
91 7747 19981
5437 5923 47695
3036 461 34782
1842 4069 29058
1666 4406 29418
7271 6939 19084
4878 3831 34061
4295 6464 4139
5200 1651 16946
7967 7155 32303
1647 6215 8410
5584 1170 37898
3894 6480 5155
1130 5621 30495
7052 6556 8855
837 1358 2698
6871 7988 6840
3097 196 39277
7415 4608 11515
5350 2546 14723
7364 4050 38119
7781 7435 10201
6536 4817 28551
6406 5066 8957
3974 4184 41132
3242 4726 14495
3979 7226 1805
3985 438 21361
6452 418 38770
7852 2078 2688
3115 2001 37090
4829 2892 19309
3788 1483 887
1499 6130 24228
1622 5859 35202
5829 5522 27118
5717 6149 24554
1344 5288 4530
348 3839 35536
2692 5632 2683
6992 1075 22433
5037 1706 21720
1 1399 29307
3043 5458 25867
1083 3206 42700
6402 245 47423
7541 517 21105
447 6735 10375
3903 2882 36287
154 4249 17190
3707 39 15420
4014 3402 36242
5217 4868 44346
845 383 14950
1605 2651 46698
2817 423 26468
4007 5120 31902
5604 1892 9944
5092 2944 45561
4255 1978 34854
4146 5197 5318
5014 6689 47853
4025 2435 13811
7520 5324 30062
7995 6962 9417
5485 2799 1389
1379 6125 21424
7936 1793 33372
6014 3167 46069
2560 7931 2396
6193 5827 15288
2239 7140 44219
2352 6362 46451
2745 6345 12718
2986 7778 12231
4679 2299 22849
6217 3262 37733
1425 6752 18013
637 6924 35318
1996 2226 43758
2904 5534 5990
2382 3276 3345
3131 4352 6056
2194 190 24350
2301 696 26396
2147 4212 30557
3453 1683 21772
2830 2652 18285
1140 1276 17723
7629 3559 9773
2704 3511 47443
7795 6290 39737
5071 6880 37434
6879 410 44496
1360 7607 43287
7989 3968 34195
6957 7106 7661
2724 6672 42969
5554 7123 28726
1914 2227 21856
4190 370 36067
7968 5476 26309
5495 2696 40085
2336 5760 43653
1650 3308 17876
7743 6667 41412
2045 4985 10410
5655 4193 26629
878 3523 8293
6134 1064 6811
5965 7594 11494
6598 114 41084
1916 7299 11378
4083 4102 28526
817 16 38899
4084 4123 14546
4648 4302 24404
3876 2207 4841
2594 1060 14734
3064 4733 11541
5154 4997 32327
6872 5407 38531
542 808 43391
6184 649 36293
3306 1043 36597
7753 5573 32443
1963 602 36306
2048 616 27326
4476 1750 5900
6223 5962 6570
7341 1330 16090
1585 3724 25175
5931 1241 3023
3928 1610 17783
2534 2053 27484
7192 2598 3328
25 5091 40945
467 7631 23498
2844 469 32858
5404 6447 46738
413 7546 29990
7627 3509 42430
3678 3205 12967
2995 251 40749
1758 4567 35132
4167 3823 5189
7253 5320 24819
3571 6923 17848
7633 7034 30813
4881 2009 25480
2446 1131 43557
4736 3781 26886
5967 4898 47293
4015 4171 12584
5964 6099 4090
2645 7257 31667
5438 5170 218
1615 2177 10487
6201 628 16085
4377 6195 46708
7613 5083 15023
6218 2497 43858
253 631 30026
6302 5053 33371
2792 1038 14536
6515 1707 14272
4976 1594 7226
719 2164 40154
5776 5617 9130
4660 6394 42055
1231 6448 32741
4601 4289 38559
1946 6540 33815
3850 1745 42391
880 19 29272
5109 7135 41578
3773 3746 10923
3572 4999 18427
5802 7652 27942
384 1447 43777
5596 3367 2284
4832 4023 29787
6104 6057 42916
84 1444 13547
1166 4169 12373
7907 2263 23435
2078 3076 32559
4641 3934 4379
4511 4198 30063
11 4017 21414
2853 5437 45734
3628 5540 40954
2378 7925 27262
2912 3181 27304
687 2775 20388
3010 1097 42188
6709 6110 3809
5075 7315 728
7265 7647 7039
4443 2070 19825
4352 6505 45339
4904 4207 2663
4137 1644 13318
4133 4019 31284
3612 3982 32065
4713 1068 35409
7824 5334 20117
6891 1993 37786
5431 7665 20579
1121 2955 37272
6894 3319 36347
3559 7907 28786
7735 2194 24027
2259 1603 11551
2257 6169 5110
7244 2605 33843
4517 6818 12266
6635 3617 46235
6124 318 29494
1962 5987 35193
356 7753 30294
5255 2068 41441
6852 1612 3627
3463 297 6028
3330 2741 20873
6526 5736 24600
6950 5980 28532
1559 3956 26087
6680 6877 42378
4515 7060 35235
513 6980 15775
7169 2949 5488
5586 5603 39011
5749 5727 34809
5610 2634 36720
2212 2879 37277
4663 4976 25084
1020 6129 26981
3927 2189 2730
1137 3513 8298
4651 2880 27486
7442 7922 18418
398 7339 6392
1720 5709 19915
1817 4185 13514
6731 6325 45241
1077 6036 31532
843 44 33054
1465 3376 7173
2774 4909 29466
5685 3309 4392
5470 4431 30069
7071 2564 14007
6830 1932 11369
3318 1869 20000
7018 2411 13302
4570 5329 20180
3485 3919 14352
7298 6553 29409
3600 6737 29362
4471 3624 2401
3491 3321 13344
2685 1670 27654
889 4474 30839
5920 4672 703
1863 1522 24173
7408 4679 5235
3420 5438 2143
286 32 30223
1804 3017 33527
3449 7909 8481
4949 1542 18350
235 3931 9948
3252 7766 14976
6677 3844 9230
7934 6107 22398
7501 7386 5223
450 5428 39959
3002 4916 15103
7348 3874 12107
853 5776 9399
4826 4146 4952
5542 6594 12517
2931 534 40463
3162 7092 36453
3536 6434 45087
4758 4195 963
1513 454 21098
148 7061 16222
6941 887 41226
1104 902 14267
693 4618 40503
2326 4514 9067
3008 5998 21211
7355 4980 4732
7199 5711 9850
6960 7752 621
2526 7215 38195
5451 3283 25617
4726 5528 35784
6893 4246 2253
6687 3061 2314
5357 3833 13869
5642 4440 29928
6208 7548 3104
7279 2249 32585
584 2317 33312
1900 7781 20289
3413 6122 7617
1725 1230 46612
3217 6917 41393
515 4903 42190
1106 3619 574
968 178 28865
5153 563 24459
4762 4507 12515
5622 4460 37334
4321 2329 46160
6573 161 26337
2655 625 38636
1505 1243 28123
1575 1121 11377
7688 1062 6275
5160 116 9360
4521 3997 12030
6817 4770 25613
3973 2639 18777
7173 6633 27644
2040 6986 41360
1332 3806 47294
1847 437 10768
1506 529 36536
5478 7462 46340
1919 2580 478
6017 7593 32071
6334 1055 22573
6491 3517 14509
3311 7973 13832
1634 2929 34150
2730 5256 38294
5791 4163 38698
3380 4537 29768
1141 786 43430
86 4028 27896
1255 7595 27741
5994 4130 47349
1809 364 23004
3312 5995 38423
2539 4942 759
2380 2757 44243
7127 1813 10706
7335 4580 44244
5890 7998 7448
373 655 12154
2192 2450 35689
2432 6193 28231
4939 3384 20219
5318 5348 47491
1752 580 8529
2705 2384 24750
6809 3921 22742
4465 3976 5275
2229 1938 3135
2197 1296 20332
4411 6885 6474
1732 2222 24837
7260 2957 38715
5212 7275 2475
2009 1498 37332
6492 2959 42163
6031 515 11157
5475 738 7437
7466 332 26810
7620 1295 5621
5844 6657 23250
6048 7405 41449
666 7695 43812
5415 3158 11184
1157 5878 18554
7524 5818 32431
1439 471 3607
6970 991 9963
2883 5332 9719
2502 95 10712
7058 573 37794
4500 1486 27775
3900 7013 19025
6286 1652 45703
4924 6519 16425
6194 2377 29978
3072 3539 24626
6489 6211 28276
5061 7726 33984
7837 2999 39793
2493 5799 36080
7338 5085 37865
98 7616 24689
1257 630 32729
7766 3031 9714
7160 4534 12201
6219 2271 12938
5801 6776 42829
2131 1332 38517
1019 3157 31695
216 5598 23980
949 387 43218
2023 5025 9969
5433 4284 18676
