1000
9520
9150
3376
9393
8154
4816
5012
2779
4486
9342
8366
539
1152
7636
5368
6091
8852
791
3256
654
7457
5042
2854
5529
6616
8931
4265
1581
3081
327
4458
814
2341
6658
4107
3404
8281
8887
3685
7250
3341
1977
5809
6064
5097
2558
4193
5025
1218
9520
4704
502
9286
8531
7357
7653
5150
9089
9579
1320
4302
3124
872
421
3181
530
3335
9961
419
457
7683
3037
6270
1546
9457
3479
5122
1758
3329
8082
8970
50
2583
3442
7953
4786
3999
3054
3942
5852
6075
3369
707
8231
7654
8936
598
2093
8160
5346
9038
2595
3094
1507
6879
1022
4913
5431
2801
2109
4690
9336
5200
9144
9811
6471
2302
7035
677
4213
4545
8953
2752
1663
5671
434
9618
373
5062
6141
8320
9595
1635
5533
72
2954
9973
5767
1332
7260
2768
7780
7579
5547
5174
7951
9326
9980
1748
221
7339
42
4559
8063
4866
4245
4748
9715
4744
5398
1990
2107
6533
9963
9050
1759
9349
7238
8152
8534
4268
7039
9184
1793
5945
163
3547
2673
4655
6042
8945
9703
6252
9522
7040
4012
404
7220
7307
2294
6937
573
1846
4388
9928
7201
2459
1671
1322
5638
8923
4366
5545
4459
33
1951
3490
36
9190
1286
6361
1543
506
4389
67
6525
9042
1757
4074
4410
2555
3999
8076
9127
6258
5762
8797
2204
9596
2319
1968
5474
8325
2570
5045
3954
1111
2793
9791
9487
8394
1519
5369
8827
1625
6940
2087
8615
6577
8243
3823
1086
8660
9537
8478
4659
202
6145
6149
3086
109
6421
5577
1720
6159
5879
1189
6933
6482
8948
9709
6138
7612
7367
9832
3237
3336
3838
1417
2007
8479
9513
4885
7644
9931
623
3549
4150
1946
6611
3668
9972
4933
5229
309
9325
1682
9011
2595
6231
2929
6000
1898
1172
4456
382
8418
2577
2386
5810
5156
4813
9208
587
8616
163
4947
1878
1700
7974
2663
6730
7751
1818
1159
8715
4568
1224
3014
7163
6176
7464
3865
5940
2194
3376
5420
4508
7145
5934
8383
5013
3078
9805
3165
8552
3796
6273
2837
7409
4049
5290
3713
4376
4397
5797
3910
22
3468
8739
8179
3195
3390
2709
878
7775
4559
5189
9109
101
9122
6262
8660
9623
132
4546
7876
6974
6265
1974
6434
7825
4185
3
6416
4140
3000
9701
6282
6881
3311
7796
3910
101
145
6418
5972
9487
757
4679
5375
4325
3683
3169
4288
4489
3092
9270
6706
7085
6729
6587
2131
5857
7629
9331
7648
9778
7240
3852
1437
3022
481
4034
4634
8699
2638
3200
9561
8025
5841
78
9075
625
4670
2781
5306
7708
1038
7031
6735
4474
9008
8569
3539
1308
9927
464
7968
7469
6236
1829
2582
5973
1407
7595
7806
80
3525
2448
1496
2623
6599
2762
3330
4382
3476
7732
5487
8206
9352
9996
7134
333
1705
8942
221
4167
2629
9132
6593
6588
1549
8921
4698
5084
1750
4601
8006
656
5744
1100
1378
9890
5504
4536
4056
5496
7921
2528
7054
4632
4898
5901
5344
221
9400
2016
9150
5807
5273
349
852
4877
2544
1750
5994
5001
2060
7133
649
8678
1461
5405
3441
8493
7880
8862
7685
2441
56
1124
8907
990
3800
2298
4734
2558
6619
3657
9678
4136
6728
1741
3541
1928
6047
6885
2557
1389
3458
7773
2159
388
4432
2717
6162
6455
4635
263
1102
2539
5187
2782
9912
9751
7344
6988
7289
7347
8195
8858
4819
749
2086
9685
5805
5011
268
3309
1045
8244
2145
7231
1183
6021
1746
7666
4213
6941
3684
6131
7883
1666
4450
5459
3494
8917
885
9264
5240
3975
4135
1662
796
2264
9318
6213
9949
5381
2794
1710
6821
1009
1413
3969
4170
7814
4494
5907
7210
3668
9260
855
7780
5650
8069
1470
9889
121
8484
2843
615
7341
8224
4149
5613
6518
8628
1537
1680
5040
1152
3347
438
4752
2734
9802
9713
7930
729
5002
6832
7969
2230
9413
2750
2511
2911
4508
7281
2056
2192
3584
3634
7823
5096
3449
8162
2115
9706
1264
2450
2261
4083
2955
5585
398
2431
3392
744
8658
5161
942
6338
1488
8542
5810
7371
4413
1584
1326
9715
7411
5307
2118
3941
9146
9940
2577
8890
8
7749
9551
4357
1772
6903
3643
9180
5758
6234
8405
9631
626
5533
4810
4501
8215
9478
5466
1672
749
534
9808
9773
3773
1621
5406
843
9294
313
4473
1572
8294
413
7510
7245
3640
267
552
4606
7711
8908
1189
7270
8071
2212
8766
8761
7712
3607
1834
393
7128
2201
33
3542
2911
5290
7786
8328
5114
4291
3736
354
1644
5579
3741
6778
7259
3030
2779
5462
2211
8480
7551
4930
7180
7505
8265
7906
2603
8315
2657
6856
8210
8617
2182
8969
6161
3281
3490
1277
2540
9560
6216
5584
6361
9977
8998
7932
4819
7386
3704
3293
9395
1833
5405
9835
3364
7906
5776
7849
6390
6157
6188
5542
9619
8253
7107
8434
8443
2907
8793
1232
8991
3171
3304
3158
5001
2067
2177
8046
6295
4971
3491
562
7561
5714
8710
9746
7512
618
8925
1513
1908
824
1495
4130
5676
2993
957
9847
7523
7163
5078
6352
8277
5875
5267
7864
6338
5442
5166
2034
6469
1667
2422
1242
8671
9659
8313
3803
5559
2299
3392
5695
6463
4243
2947
4736
8955
5155
389
1118
7403
8270
2774
9484
8603
9484
9305
4893
626
1162
6668
8500
3443
8317
3479
7021
6382
7368
2862
9632
4502
6125
6089
4742
3798
5839
3249
1453
9220
9315
6746
7398
7003
8414
6759
9894
8193
7389
3538
9575
6848
5322
8852
1268
1351
580
1233
8275
6395
2076
6365
6566
7891
2805
3049
1589
7016
5160
9025
9431
5252
734
9008
1124
903
568
648
8034
9247
8120
3333
4615
8151
3737
7418
5061
6315
5567
1717
4789
8293
9294
9177
9657
4117
5413
7232
92
2691
5920
8719
7075
5530
750
3608
3494
9714
3625
6084
719
6123
5977
7245
8897
3892
8628
3257
2604
2312
466
1842
7559
1221
3373
3952
