1000
0 -16
1 -8
1 -6
2 75
3 -8
5 53
3 -17
5 -50
3 96
5 -75
3 -15
7 -50
11 44
4 31
9 -88
15 -35
9 -48
5 -85
9 -66
16 -59
6 16
16 35
1 -4
12 78
23 28
1 -36
4 -5
21 -3
24 -67
20 -21
21 -70
9 12
31 5
8 -49
4 54
35 98
19 -81
26 -78
36 100
27 73
24 -20
24 -43
11 -23
13 -45
27 -24
40 67
20 -20
5 -16
44 -51
28 18
30 68
36 42
37 -78
6 46
22 -36
28 -31
7 65
48 29
8 -23
57 -37
29 37
37 -24
2 -74
14 88
63 -82
59 1
17 91
27 100
52 -1
69 -77
57 -71
27 78
55 46
68 -91
69 72
42 73
54 -35
40 -14
47 89
24 98
37 -1
18 -99
47 88
47 67
67 87
21 76
11 -50
40 65
29 10
9 36
42 38
23 100
52 91
90 -97
5 40
71 30
91 43
12 58
16 36
52 -49
35 55
76 -49
96 92
38 71
93 56
98 -71
17 -13
76 -100
82 -93
43 52
93 -34
50 42
61 -4
33 -85
54 25
88 66
3 -67
40 -30
53 -74
104 0
25 -100
117 76
57 -100
56 89
42 -80
54 55
11 -2
122 -21
40 78
100 -43
102 98
88 -43
59 -39
55 -34
60 31
118 92
24 100
135 95
98 -20
40 -65
52 24
131 -25
74 -9
65 15
67 16
88 -23
97 94
63 41
25 25
53 12
94 87
140 61
52 -62
122 4
151 43
39 48
65 -7
99 44
13 -68
50 19
111 81
81 27
29 -66
100 -73
34 83
18 81
132 -76
36 -19
1 -67
62 -27
8 90
97 38
133 10
134 100
156 7
163 -68
7 -71
170 57
19 45
177 -5
33 26
3 93
156 34
4 -23
148 60
16 -72
127 -37
28 -79
147 48
98 17
18 77
66 -36
94 -48
14 -85
23 -60
90 -88
92 -32
126 -43
114 -97
130 61
113 -68
108 -61
129 32
80 52
99 47
110 -8
132 -33
25 98
89 -79
64 -100
52 -18
166 -1
87 -18
166 39
92 34
85 33
211 -29
183 -88
216 -36
153 39
131 -60
116 -29
54 33
14 15
156 -59
42 -21
110 -51
103 -3
3 8
75 -76
125 -19
150 -28
63 -90
159 10
13 -29
63 95
12 27
197 38
186 -80
24 -17
9 -84
78 -58
232 42
127 67
243 -91
178 60
234 21
170 40
104 0
170 86
105 0
160 -72
60 47
89 -63
182 -97
51 64
87 54
241 -60
118 -64
100 -43
56 -96
131 97
244 97
214 -71
147 97
231 -64
132 -60
22 2
151 -9
129 13
24 78
209 24
136 84
83 98
210 34
71 -57
26 -56
207 50
156 -71
215 72
59 49
161 -78
24 -70
152 99
272 31
16 81
285 76
285 77
128 29
83 -95
108 99
216 84
12 60
9 -35
128 -77
233 -62
21 75
2 11
223 32
193 42
60 73
81 10
114 -68
179 -27
84 -68
229 -44
270 99
254 9
114 -89
176 -94
76 -74
83 59
116 -77
297 -21
249 45
146 31
142 -73
67 -96
291 -70
138 74
40 -20
316 40
186 -63
213 -36
37 -87
282 44
300 -15
176 -79
77 -59
90 -59
318 1
140 86
143 -86
332 -23
74 93
246 22
111 91
101 -56
98 75
149 43
41 99
157 -35
193 -88
71 -100
123 15
62 -56
94 -58
265 37
343 -70
99 77
135 54
303 39
30 -6
244 11
128 -44
53 -24
161 -39
186 -14
36 -61
27 -89
27 70
226 -22
272 27
180 97
25 42
350 -31
241 -71
36 -68
200 81
262 98
90 22
113 -49
98 -2
243 38
121 87
250 -61
329 -54
123 -96
11 -74
182 -81
261 54
174 -41
248 65
177 73
2 92
371 45
231 25
17 -53
79 69
194 2
189 19
268 53
319 -64
214 -40
243 -58
138 -20
256 98
169 -33
60 -16
249 -72
383 -82
343 49
351 24
153 2
177 58
16 20
78 -33
142 -62
132 36
305 -83
51 16
71 -42
117 45
302 56
368 10
75 75
404 -93
57 -10
103 49
374 29
7 57
179 -99
388 38
264 17
378 -84
178 76
200 -84
151 88
9 -9
22 -48
154 -6
91 -95
228 -84
127 -81
403 82
359 82
258 -5
154 60
179 34
227 -66
358 17
308 -46
394 12
301 -99
172 15
32 -78
333 -88
435 27
404 -25
335 97
445 58
120 -29
65 47
433 43
71 -37
267 -16
355 -63
189 27
158 66
173 1
409 61
85 -4
147 22
390 47
327 -46
347 -14
272 -11
446 -42
437 77
36 91
283 71
385 99
397 73
382 -53
464 81
454 19
325 87
140 37
344 -13
361 99
450 30
333 -40
426 3
261 -25
321 22
233 93
249 43
307 81
457 -61
429 -33
430 8
361 -42
235 48
158 -85
16 7
195 59
424 13
461 2
359 -94
443 7
438 -94
375 -82
10 88
65 -99
131 87
14 54
455 -99
451 -80
436 -58
499 -18
99 -28
15 3
216 -80
377 25
495 17
64 1
284 -6
105 50
23 -1
346 -17
262 10
389 42
139 95
121 60
139 -65
130 -14
15 71
89 -92
8 -85
346 -19
411 -42
87 50
310 -74
8 34
134 87
480 4
199 99
30 -16
119 21
536 -16
240 -1
236 -5
118 69
425 -72
9 84
436 -52
124 89
106 -66
172 -9
103 87
268 -12
12 -64
401 -24
312 -54
215 51
61 -26
261 -59
366 69
446 -8
22 36
437 -15
378 -54
416 83
483 57
415 35
302 76
153 -97
469 54
305 -69
166 -61
273 -24
523 53
272 -67
388 -78
542 89
119 73
353 -65
197 84
1 98
465 -79
271 -100
441 44
525 64
39 79
90 0
307 99
439 -30
141 -83
45 86
271 52
62 87
167 22
81 -84
416 90
137 0
367 12
459 11
80 65
316 10
72 93
1 23
225 -91
334 76
331 -16
509 76
354 -55
81 78
134 94
136 20
136 69
2 65
268 -84
331 27
611 -6
366 14
102 36
450 57
71 69
128 35
325 -16
39 -37
452 5
95 -43
15 -82
107 -43
287 46
73 45
609 -8
169 -46
137 -55
100 68
440 -72
256 -27
283 43
146 94
326 73
300 18
186 -40
560 -13
406 -79
413 -80
633 83
461 60
198 -13
98 67
260 68
6 -50
306 -78
31 52
33 23
212 -60
29 -2
388 -21
31 89
221 55
455 -59
467 -52
542 -70
622 55
434 99
385 38
272 -8
3 65
271 -77
476 58
490 -84
584 30
619 -25
542 79
254 26
362 19
426 86
224 -10
349 -90
479 -24
283 -66
639 -12
311 -63
198 -36
56 -44
491 21
624 85
672 -16
660 -76
114 48
533 87
144 -5
679 81
249 36
566 81
28 76
534 66
447 -24
228 78
559 -9
549 -63
679 -4
423 77
621 80
665 59
21 -67
488 -26
56 -75
329 4
81 35
416 -28
626 -32
465 -70
150 -73
402 -30
237 -51
577 42
148 -72
311 50
707 65
116 -58
211 -96
496 47
378 96
471 -84
701 88
328 -79
135 81
552 25
275 -56
624 53
667 -2
312 38
415 92
639 -9
245 -37
202 -3
683 60
453 -21
220 27
481 27
656 -32
8 17
374 -53
549 -93
656 -1
345 -63
341 -22
506 -44
724 37
318 74
4 -100
143 30
726 -19
711 -22
180 -77
203 51
319 -23
44 89
589 -3
269 -72
577 -76
253 -11
563 -46
146 -75
358 -29
191 -37
416 -24
426 -51
23 -9
536 41
612 -11
736 56
317 -79
132 -27
584 93
246 74
43 -82
245 39
693 -53
360 -97
570 -66
622 62
102 -98
429 -34
694 -7
87 71
548 53
301 -47
255 25
489 11
35 51
142 -60
9 57
31 -13
5 -76
513 65
619 -44
584 -98
787 43
615 29
601 33
164 -66
442 -38
50 68
409 -81
293 70
500 -74
353 -77
252 78
628 -58
62 86
638 -67
486 75
286 78
807 63
535 89
225 84
658 -27
249 -15
195 15
190 -41
747 10
37 70
356 87
320 -47
556 -5
779 -45
71 -18
446 -26
435 -81
622 -13
409 54
365 -54
664 65
740 -66
691 -50
99 -28
219 12
362 -2
628 83
68 51
235 -69
110 -31
261 66
552 84
296 16
667 60
782 20
387 40
132 -70
697 39
108 -79
203 83
628 -41
227 99
754 -28
537 -26
220 83
576 -77
56 78
399 -49
161 76
97 -33
638 47
763 41
154 -58
97 -1
159 -47
570 -29
708 -76
744 -66
478 43
766 45
476 -35
730 -44
252 35
736 23
714 -20
174 -32
251 53
674 68
525 -64
323 -11
471 80
613 -97
853 10
645 34
620 -42
467 68
469 -5
72 -48
72 -56
223 -45
578 -59
808 -29
535 57
459 25
701 14
291 -67
488 -47
704 -97
897 53
484 -5
598 77
670 77
154 8
141 -23
590 41
583 -29
598 83
225 87
350 97
711 -76
45 52
246 84
91 64
734 84
909 22
795 61
838 -54
624 76
681 99
361 82
742 -95
844 -91
642 -19
322 -31
846 -15
918 79
548 -92
626 -17
561 26
84 81
851 85
597 56
166 -94
732 52
701 -39
312 42
671 -36
923 -37
341 44
110 79
144 -7
835 -80
724 -71
431 60
263 24
933 -58
370 17
268 -41
598 35
683 93
40 -95
608 -39
576 -91
288 -39
886 -17
353 90
924 -71
618 -66
844 100
833 -79
732 35
278 72
467 -22
101 -68
283 37
176 64
277 -83
840 61
114 49
838 44
513 -27
132 20
477 -14
184 -21
172 -97
708 -21
394 52
715 -25
229 84
156 -27
38 84
285 -1
976 51
576 42
598 -61
713 -29
893 67
797 0
614 40
445 -36
718 -77
414 -87
328 -67
390 59
960 47
800 88
288 50
570 0
492 16
797 73
356 -12
