2500 2500 400
470 167 399
1360 1160 937
1522 1561 904
2154 1034 1257
2342 1437 1754
852 2470 311
1315 1657 1857
848 1142 572
2436 929 1682
1628 1790 1377
126 998 93
2268 1824 173
648 28 527
1595 1374 353
2255 1073 1918
138 1958 1617
361 630 829
2199 312 837
1772 1233 290
1794 1120 1744
112 2225 36
1563 1522 895
1176 2328 366
29 2121 1001
1669 1666 439
2471 639 1345
1807 1504 1122
1605 393 355
1017 109 1676
1827 89 1900
2276 1686 634
1144 346 1622
1574 1716 56
1166 1278 907
1955 2462 763
1030 1673 1272
1227 613 561
937 2357 247
1224 24 1529
897 1506 358
2061 2127 407
973 2485 1355
199 1932 772
757 2245 826
1908 1727 222
968 1105 985
209 389 1698
2095 2401 952
1555 221 1583
656 1028 1087
376 666 1121
1468 794 158
1827 2450 1885
2197 2170 625
1206 2441 1495
323 2168 898
701 1150 1062
1362 2041 1118
2488 1728 1115
353 764 1663
751 1836 724
1956 1736 1080
1994 484 991
896 1330 591
891 169 615
1994 484 762
1922 887 1481
1288 1243 979
2129 978 1702
1039 740 362
974 1750 34
1348 1928 414
651 1396 269
2438 2323 514
1630 1311 738
1012 2310 1324
1994 484 1661
825 2326 1299
2103 1611 1785
1691 1744 745
1972 1653 908
1688 2037 1105
1703 1997 410
1497 233 559
220 1957 1387
633 610 249
474 1052 458
1599 693 564
296 701 1808
343 1666 1842
1469 859 520
468 2232 611
1038 1883 1206
262 1037 558
1569 2192 279
1734 992 1506
1341 8 314
1714 1413 736
1784 2116 100
2052 282 1410
1429 1924 1214
1701 2093 159
1193 840 506
1833 1418 226
1995 1936 1282
198 968 1055
204 243 574
2080 2374 1315
1522 1968 1948
1705 321 1075
1000 1868 514
2186 190 710
553 2005 1355
29 1774 844
1870 568 938
1637 1005 1532
935 2421 93
2441 951 107
1834 1607 1307
125 2351 1539
1271 1637 1232
2435 1165 1185
200 1728 167
790 2486 1351
44 70 373
529 89 1381
1215 1574 1793
982 2491 1384
1199 673 1465
1806 755 1849
1761 2094 279
789 1110 599
1111 2429 1485
1155 1525 1379
519 2154 1224
2279 928 1579
1093 438 910
83 35 385
2114 1100 1426
494 534 1034
1263 1494 450
839 127 1559
2086 1209 1236
118 290 359
1644 846 1533
1897 1104 1231
1519 1664 472
1855 1889 361
186 952 201
1684 466 1553
663 467 1001
1646 626 1649
2089 1248 1967
1264 2195 1490
2393 1625 987
2039 1791 1109
2001 1453 1348
1514 1898 1993
1132 145 1013
1061 258 1226
570 393 1519
1910 1876 1909
1785 2082 215
346 2137 1252
1156 2116 806
1764 2380 1700
1242 1167 744
1735 1008 935
1348 2291 390
273 736 1571
674 176 1162
2227 707 545
60 1729 1848
2195 62 1825
1587 1501 1872
1954 1379 1043
1655 849 539
1341 1258 92
734 905 985
843 1029 434
1452 1294 1501
1651 2458 886
2410 1813 1580
176 829 907
1467 628 930
1694 1015 1540
1747 1268 682
1325 1304 159
1227 1927 1378
1153 331 645
216 184 1893
2442 655 82
309 1173 520
829 400 1190
330 131 70
2002 1331 1786
1511 2471 417
1725 879 1681
1640 2230 1014
1020 1675 1013
81 418 958
1609 95 1481
1323 2236 759
1921 1029 761
2330 1383 1968
487 1506 925
1048 778 416
2319 1924 909
725 1791 520
2202 1713 1892
434 633 494
1445 1988 1893
723 1150 1813
1224 1162 1554
440 2088 1832
1281 610 1428
1569 1241 802
373 81 1116
65 1337 340
139 977 123
1123 489 1391
537 1513 48
178 1064 863
308 1308 908
594 121 709
397 1125 1226
2046 1573 950
1580 1479 1533
2023 1441 1241
719 447 1617
1803 1141 1848
1054 270 1342
915 537 219
2381 1871 297
719 938 1636
836 167 761
2340 2152 1669
991 1441 226
1454 739 1407
68 1044 1210
2042 1801 1528
620 629 1745
1921 708 1609
1862 1971 1226
2364 1731 217
582 1695 1169
2467 346 1184
1473 1174 1596
1650 617 628
687 1106 464
1057 754 1645
712 2474 1790
392 1322 284
990 1410 1717
348 1925 833
1617 2316 1067
1730 261 478
691 915 1156
2269 2182 1946
1098 1297 1462
285 151 1249
652 2454 1614
769 998 806
1742 840 1373
1729 2372 69
227 2455 691
853 1248 1668
791 2416 1485
2150 29 427
849 311 212
409 391 823
1132 998 1600
846 354 1275
310 1360 429
1040 2498 205
1738 819 674
707 449 1362
1613 121 289
1852 1341 1702
932 1029 1420
1455 1281 663
479 1142 636
1026 1115 1862
455 1219 310
457 474 48
1718 1310 956
1295 1265 40
854 999 216
1676 2320 1794
790 1626 1910
1077 381 1318
668 361 485
888 715 467
1064 1226 541
384 545 966
1327 1786 1084
1814 906 616
1212 1781 224
2156 1708 1700
524 695 782
1211 1693 1814
1325 1607 983
1506 451 963
1311 625 827
307 1779 596
419 1726 816
1928 2131 627
1406 2428 1786
2011 1137 1673
736 1870 1367
1458 1458 1281
1234 2295 210
1135 1404 74
2113 1623 192
2002 1328 1373
1888 2034 1615
1572 1493 135
2451 509 517
2171 1798 1863
1567 1712 1077
617 2423 1293
758 1141 1388
1787 98 1942
479 530 1217
2028 2361 85
1413 1626 555
2112 1663 1684
1771 1595 1149
718 1285 489
743 192 1957
806 592 114
1214 899 1306
1234 925 264
1618 2102 815
2360 2008 1395
2030 1981 121
2325 143 1562
326 843 329
1801 1820 920
130 2206 969
1687 2302 605
766 896 1133
837 195 568
1744 1803 1046
2156 789 1929
1919 1323 217
1880 2208 573
61 2028 662
1922 1317 550
598 155 1204
1500 1053 1844
1593 1879 640
1870 618 1844
1133 1441 1717
989 276 1579
1342 1197 1612
926 1894 1497
485 2065 853
1668 2007 273
1148 1967 1602
2423 253 676
1497 566 1877
1768 1917 713
1188 487 1058
1100 1189 1141
1215 481 963
837 1962 1036
2312 1172 247
1157 370 680
519 441 1909
2442 2258 947
1308 2382 859
1008 1176 705
646 808 1386
2060 551 1454
2424 480 296
2013 1406 278
2200 471 810
1426 863 1554
431 2134 1131
2440 2363 122
470 90 1206
2102 1736 1994
1438 241 1254
2268 1247 1868
2016 523 1198
2469 1410 656
662 425 372
1570 867 416
1922 2126 884
552 2045 148
404 2354 1115
607 310 1968
2347 1501 1780
979 1424 1478
325 1329 914
2116 556 594
1601 2132 433
1214 404 1241
450 203 357
