2500 3000 800
2313 594 1904
568 860 625
875 2774 1397
2362 2566 939
1726 914 643
1527 2543 390
332 765 1032
1911 1382 643
1682 464 747
1615 2558 1926
647 2803 532
1034 660 405
383 2134 1647
83 369 17
1004 1675 1356
11 2744 1646
1708 2576 797
1532 740 335
82 874 1159
485 89 353
465 2774 1529
1705 468 859
1318 2721 1801
1297 793 1089
995 2131 649
2308 1541 1911
296 865 60
785 2830 962
844 265 1827
1179 2040 1142
2139 1891 1931
2187 2325 826
2309 1174 764
816 1953 359
763 2097 1521
2275 1038 1681
2484 179 1940
699 2210 296
1807 2163 1039
230 2985 1343
1094 2401 914
785 2938 1155
1594 1941 835
1533 226 1356
655 2224 889
450 266 340
797 1855 760
655 2224 1954
10 1666 592
1341 2333 394
655 2224 155
1261 2479 1660
1195 2389 919
1308 906 1097
101 1843 276
2179 736 788
1914 712 83
2066 2104 1469
888 768 1903
1035 840 98
1122 1701 1410
755 1061 1225
2264 464 1728
1342 798 1955
2370 1913 1205
1730 439 1843
528 2044 295
1086 996 1335
2291 2606 211
1881 334 1444
498 1606 1003
222 2534 1285
222 2534 1197
1578 1416 553
2240 2985 982
222 2534 1663
1039 2575 1149
2273 747 850
518 1574 540
2197 864 1620
969 2417 1591
1492 1316 1501
603 2475 830
638 1836 66
1444 2598 1984
1518 1413 1341
1942 2901 1266
1403 2950 1044
199 212 1155
558 2121 429
626 839 842
1031 563 872
1722 2622 1134
2010 2874 1656
574 136 1281
501 1734 578
869 1416 453
124 2064 724
1080 1690 1241
47 427 816
1343 598 1821
474 1491 1648
60 1040 309
962 2328 1557
1677 48 1380
1062 2276 1297
897 2248 450
293 652 1524
2234 1909 303
2031 589 1597
1461 1490 192
1731 1839 708
1602 1845 1779
1041 1360 176
810 51 107
1469 2117 1507
1024 2455 1733
754 837 186
2158 74 1415
422 38 322
943 1658 1524
2417 2434 648
714 2481 1278
173 2033 1842
1431 1118 955
2193 2412 1980
1461 422 1166
1617 2592 991
472 95 1443
522 916 846
2190 306 907
409 561 505
1119 2768 1554
847 1947 1339
2269 330 1153
1400 2969 1335
1970 2936 1015
524 913 1800
618 1776 772
1471 1328 303
134 1705 297
2110 2812 994
872 384 1682
2118 2382 1979
1561 2649 1170
2197 836 983
1372 237 1226
1108 1924 1494
745 1899 334
1136 1586 982
317 510 1120
817 368 708
2069 1894 1659
2306 2076 1738
2169 384 1311
972 2098 1311
1638 104 1618
291 1906 419
2027 1145 1071
1993 140 1129
1593 1931 953
984 1116 381
2005 1435 824
431 159 422
2210 2425 991
2378 199 1291
1861 1480 1804
1643 1051 1563
2064 2336 1285
1587 1834 430
1985 2143 198
1015 1342 218
340 2331 579
890 2926 586
1605 1726 650
1931 827 1802
1805 2480 1776
2244 412 1705
2147 2996 1707
2172 62 318
1977 2598 378
603 1839 418
195 571 1344
1234 1369 730
2066 276 51
2045 1698 1693
54 1813 880
407 1462 561
2492 913 1815
2288 1856 1933
44 1313 512
2496 1431 12
1690 388 1494
1742 1368 181
1082 2322 1649
2095 1296 1304
207 334 1178
1253 2237 221
773 674 85
1830 46 665
2332 2294 1991
311 1357 1977
2073 379 882
1618 324 1920
2347 57 354
1508 448 909
1424 1649 1791
127 1897 1868
214 2099 701
643 2620 590
2321 917 15
2245 704 1772
2053 1386 47
835 1306 1575
1881 2667 1991
1087 2759 1890
2410 128 1593
1861 2564 1991
1355 2395 43
2179 20 1359
527 424 1224
671 475 1332
676 783 1145
1963 1019 428
2477 1659 143
463 1257 1686
1443 2159 359
1330 1161 1632
170 1888 969
826 2799 894
2016 2999 374
64 1645 1961
2478 1779 221
1896 467 854
168 1980 417
1516 113 150
478 1168 1805
622 2231 1506
1207 2220 1586
2457 210 1594
553 1909 618
749 1442 1042
1414 2304 1314
1359 809 1359
1367 1402 172
1945 697 1919
2122 205 1744
377 410 1107
611 2014 1841
311 2821 1265
1137 79 605
62 1947 137
965 2731 1760
577 1431 1787
1458 2104 731
234 2509 1374
2461 2990 848
390 798 31
1658 71 624
1268 1655 157
1911 427 669
1698 105 1781
2206 1006 1151
759 524 1599
1622 2259 949
656 1759 206
1635 2158 1840
1323 2592 1206
613 95 1081
1835 1681 98
1079 1756 1288
1262 2585 779
860 2755 1214
765 305 1210
1111 2954 1542
2387 546 454
1455 794 291
2230 832 684
773 1950 471
1618 800 629
1849 2201 643
1144 1816 1591
743 1136 190
422 82 1335
541 2624 970
873 1425 287
796 1127 1798
2489 1715 1588
2384 1869 930
1210 348 1533
854 1748 1639
1639 1455 672
773 117 1455
2291 1754 1898
1444 96 1614
193 2511 190
226 164 1092
165 847 1092
1124 319 739
521 2949 760
846 1944 35
583 2910 780
1465 1965 1604
1043 1040 1479
1820 2674 1030
1948 1302 1776
561 551 1580
1139 1688 1926
133 2793 939
1090 407 985
945 2335 820
2033 2091 964
745 2872 1927
1492 140 762
276 919 1083
1225 2749 1919
1907 2397 207
1464 2790 1546
1302 1599 246
754 2369 901
2487 1879 982
1312 37 1838
2013 1337 739
1131 951 574
981 1055 133
243 1164 1880
817 1643 861
1659 1399 512
953 1199 1812
1794 2418 427
990 2337 96
2448 2746 1550
2166 2385 747
211 2905 739
881 2742 1266
423 1604 25
9 2789 44
700 1244 362
1475 373 1135
1362 2930 1992
1580 271 1972
660 241 556
1513 1200 1031
1761 2534 698
920 2275 106
48 32 769
2047 1316 1443
880 175 1794
1657 884 1456
1091 928 838
289 1303 1836
2007 1739 297
1800 156 464
1759 489 211
1509 2058 1089
1264 1202 1076
2395 1876 1743
746 144 1755
2345 1540 216
1078 2136 157
236 356 1178
1122 668 659
742 2238 794
1583 2710 986
97 1330 157
989 2414 52
1367 1055 607
361 235 1889
652 1426 991
1294 2689 1884
2373 364 1613
279 1142 1385
1854 2392 938
645 289 742
794 2247 543
1323 984 587
1464 1378 253
857 1515 652
2278 2294 1757
1493 15 1137
560 2152 221
617 1338 383
1098 1045 874
1200 602 1503
1740 632 592
1852 32 278
1002 424 1389
528 689 582
1639 2021 594
1022 1810 1912
1796 87 1962
637 535 1769
1537 1023 276
1843 744 1937
103 1039 1996
1504 2707 126
1093 2097 329
97 1633 85
849 2502 677
1376 227 517
2247 744 210
1093 2889 1622
1408 1506 1167
2220 2190 1507
2207 2611 1684
724 1623 1592
536 1267 1353
1253 1938 1888
606 2085 987
43 2162 1526
1318 47 37
321 1600 1504
2215 2365 35
948 881 467
602 2002 1815
40 2214 685
2054 2744 1468
1060 1773 1252
246 2931 991
1593 533 1872
1531 1304 112
133 1862 1400
1862 12 1459
2169 875 1101
1387 1424 1726
1074 58 1660
1947 1041 1201
2471 2426 1326
713 1322 978
1571 1901 440
429 568 1427
1015 1042 836
1221 1198 914
1285 2167 1240
1046 1556 842
1314 697 1833
97 85 520
2223 2098 340
2326 223 2
12 2494 347
2074 2327 869
2262 309 729
1937 321 1428
335 1200 1189
347 302 563
1718 912 1412
1337 1116 241
2398 841 789
2275 675 651
99 612 821
1372 2450 852
1346 1713 13
918 1246 1600
1304 1091 1807
1771 837 761
1966 732 846
2208 1566 1537
337 1677 1506
384 1501 1872
1193 1925 1603
1204 2934 1105
2420 2749 607
1657 1290 281
2205 392 729
1248 2225 1377
535 1055 392
1215 1312 529
39 452 1276
1902 1229 988
579 2985 141
1243 197 1129
739 676 284
1478 2443 1981
2050 2661 1178
621 2537 1612
1442 1307 669
2445 2058 1244
401 8 1694
1079 1819 1745
2479 1182 897
1298 2287 1772
2424 2002 1806
1875 1670 1477
1762 1453 1445
1339 2505 1245
2409 1580 1039
1251 1445 1320
252 763 1963
1409 2426 56
574 1622 1911
304 1538 99
1409 392 845
1966 668 1928
462 451 1273
1995 2124 1025
1378 1646 107
621 1209 368
1515 1623 765
2230 1943 1636
1223 1086 1323
2066 348 186
964 2907 381
2499 1899 1157
1961 2446 1869
2130 111 414
2474 1955 1954
671 367 1184
1467 1885 1834
1651 865 1705
1586 2331 132
475 2421 745
1756 888 1485
815 684 854
1120 1684 127
2318 141 1893
1534 1652 1263
2182 2760 1997
1326 2455 501
770 2215 614
2152 2612 819
561 1929 1169
490 1739 875
2004 154 1396
363 2796 677
503 148 722
505 269 1275
43 2180 1274
298 2600 1550
971 2352 1178
1447 2483 997
1752 2809 1142
1963 1138 679
1791 710 1277
403 2335 658
163 1908 1454
199 2486 1320
210 2854 549
2431 2263 1373
951 2992 399
113 1481 971
1704 2437 692
2141 2086 309
844 2220 761
244 1796 1138
212 1135 715
2076 2334 889
1375 2162 1162
1648 2878 1573
626 1082 988
1788 727 1023
2287 1591 1528
1730 2728 1590
314 457 670
1570 1119 249
2398 1655 278
1215 2152 621
77 747 1973
697 1695 1338
624 1998 110
1933 28 1082
572 2223 686
858 2223 1480
1504 2466 1404
1439 983 308
2462 808 892
1706 214 277
321 1180 186
2112 1352 219
2430 2568 144
1554 1217 1033
1282 1858 13
144 250 87
2257 2661 968
2235 753 1181
1247 482 79
370 901 284
484 1741 599
1451 1604 253
1666 1003 389
1383 345 1814
649 1206 484
2186 2950 1355
103 1334 474
1052 1857 838
1064 1324 792
470 2707 1035
1273 1681 591
2420 1333 1380
2023 763 1193
689 770 150
583 303 1219
2373 1975 1432
2360 85 277
339 588 1814
1166 2401 83
2043 2755 682
717 1710 1024
1527 2782 808
605 1309 1574
942 2420 4
1042 1267 1843
1863 1709 158
1791 131 1535
1504 1725 1734
778 2742 1699
1971 2758 1463
451 2300 524
962 1549 1434
1453 1850 1350
2088 1468 818
1179 668 669
1329 2578 1829
210 924 218
1160 1031 268
1208 1660 351
703 1463 726
488 1346 81
1569 1306 1225
1085 1766 1568
905 2894 824
414 1308 16
2149 265 1426
548 2216 207
1261 2823 1446
1222 2196 1540
1172 1995 1311
2268 1049 1948
28 206 282
1568 1501 722
1443 2299 1706
2022 874 366
2174 1321 1303
829 2843 1043
1214 1055 1499
1182 431 437
1739 1687 205
1478 1245 711
2362 2133 528
2109 1058 1507
1094 2509 1441
1456 2452 868
1085 854 1954
1043 2376 1322
1910 1865 1310
2159 654 1541
1762 2313 1627
1520 818 405
1936 474 1701
823 1871 1412
1026 2288 958
2411 2215 836
468 1985 1239
594 1936 469
1998 1493 959
2300 1668 1877
1491 2736 280
1733 1248 1821
664 1007 334
2111 1600 133
2336 2378 1356
226 2675 980
2326 1464 43
433 2324 1546
813 2421 273
324 14 129
932 1839 1356
2146 1572 128
918 2441 1107
2485 1937 640
1785 1850 327
2417 2602 1741
1194 242 1774
147 623 1695
194 398 1632
1996 2935 448
26 1417 680
412 1158 1483
1176 2400 424
2214 170 355
2467 1492 565
712 1251 1356
2472 1414 1113
1154 1044 611
16 205 1747
2451 2357 799
1673 2534 1689
2161 2250 1260
1762 798 269
1848 1917 447
297 250 1887
2463 1948 707
1808 311 340
830 2344 1402
408 276 1512
281 827 486
2095 1699 343
2024 79 1238
1827 2928 1415
802 2988 945
931 590 1909
1210 2671 1663
1403 44 560
183 1083 791
2014 1296 297
1534 1910 424
1933 2600 1078
227 2699 581
90 334 69
835 964 648
1846 238 221
1169 2466 17
356 2632 1974
1092 415 111
209 2747 544
1461 1501 1428
1461 1600 978
1491 349 1635
2387 1967 1002
180 2164 157
1155 1985 1404
71 1100 415
2166 2176 419
1796 527 1565
1944 1987 338
1454 2923 467
1055 2185 1283
1504 1011 493
1376 95 937
685 2371 1112
1668 296 787
1189 911 767
587 45 1313
1457 1896 660
689 516 793
1371 925 716
637 127 563
1679 2465 890
1455 2120 1356
2057 1535 1597
96 1256 821
2080 2680 1994
2099 809 1551
398 600 1234
648 2983 1474
2493 92 280
1620 455 206
2370 2757 448
126 1892 1742
1253 2083 1927
2343 2631 971
494 619 1852
1704 2065 252
666 1352 912
1989 1327 699
640 2241 1142
1953 575 392
1502 1478 759
1133 2680 1267
1907 598 1698
23 1599 1269
893 456 1720
2158 157 40
341 1332 1014
414 1191 1824
309 2199 1207
140 1672 373
1424 275 878
600 1464 333
2160 1600 324
1852 1122 182
544 888 72
1300 100 1336
739 337 1212
921 2287 1250
360 227 913
892 836 242
1962 2005 480
1550 621 1450
340 236 1216
1019 1901 1085
1586 1042 913
1472 2952 138
1900 2668 560
1552 311 1839
1355 2944 1534
997 436 1875
199 1107 324
849 1990 630
2140 1871 332
1022 1241 579
839 1530 1484
2200 1782 519
316 1409 1434
1096 2832 97
1236 1557 778
1951 2222 1444
519 712 645
1200 2787 1397
861 1495 880
1728 969 888
