2500 3000 1000
694 2859 2051
1417 2650 1579
1870 417 890
1112 2531 2080
1698 1363 1352
2143 590 58
2182 609 770
2 183 1232
2347 2224 1320
901 490 628
1657 1747 1753
1177 898 359
365 788 552
942 1296 824
1966 1680 1617
47 7 1850
1799 1568 2344
337 52 899
448 1428 1839
2494 2532 742
461 242 2059
2055 1685 2310
1627 573 1450
144 652 949
984 1089 647
656 1581 1917
365 457 636
2432 891 2499
295 1101 55
1918 1562 391
1487 2104 746
943 270 1960
2421 2513 1076
2254 176 2239
1428 2163 174
1125 2136 674
2381 667 1672
1574 2068 1359
1726 1455 2466
1631 2228 1350
228 70 251
1447 2078 60
2453 58 2418
853 152 15
2294 396 1060
677 301 1173
1478 2705 991
2362 611 161
1554 356 1121
1253 1411 2423
1813 465 473
637 1800 2210
1063 821 815
1352 643 1610
1081 469 1269
2157 2676 1008
330 786 2200
331 803 1973
2039 92 1520
1589 2964 695
947 792 2450
449 2332 1443
1754 159 315
847 2281 218
1491 2228 680
1508 375 1345
1861 2391 911
1565 2692 2384
285 1457 2289
613 663 359
1233 2683 2266
1851 290 374
346 2470 2445
2240 470 411
793 730 445
1667 1365 108
805 1614 1741
454 722 453
2198 2868 1959
990 797 441
1285 250 103
669 875 836
1883 2646 62
1802 43 817
1493 2233 1376
2205 950 813
1438 2811 2157
1900 1094 721
1429 72 903
616 2893 1150
1947 2075 867
921 370 469
2157 2368 851
367 2269 1710
1030 1131 1300
1033 1535 337
2094 596 1700
2072 872 1234
1686 2614 364
374 2189 1089
991 1735 60
1407 1070 2186
1557 1519 1749
1099 1229 67
259 1730 1410
2350 1411 1101
2132 656 1299
2225 93 67
2485 729 2176
1666 460 1728
141 2523 1330
1577 1135 2044
878 860 1423
1466 2174 2147
823 1715 1199
233 806 1562
953 2489 989
1215 2675 1503
853 207 1396
2499 45 2183
2352 2100 1999
973 2806 1220
1984 1341 1990
1740 1055 379
1538 1040 2394
929 261 2100
677 2662 1732
155 2429 1893
428 378 1713
862 1323 289
819 1666 1274
1485 820 2238
1787 2472 1493
610 2126 1279
1847 1829 2276
457 2707 2120
2260 1277 409
1981 1516 2424
442 1118 1163
122 1355 2059
2075 347 28
1017 765 2390
45 2773 671
597 502 1634
1828 1226 1352
1461 2595 1237
1250 496 1338
1227 1853 956
424 444 102
721 668 1088
1807 2584 2218
765 1862 1078
402 1225 2150
1861 2307 1742
2025 1594 273
1461 1140 1098
300 280 710
205 272 2185
1068 2069 983
1927 2597 1665
2440 1821 2181
1761 2689 946
744 1677 263
2241 813 1268
2487 2611 733
1914 324 2092
1358 353 713
1372 59 1464
2228 2901 2173
1971 0 2031
2008 1392 1720
1624 2443 1172
2014 192 1124
335 2421 24
2384 2508 1728
9 2951 1030
1325 1086 922
950 89 947
284 923 2241
338 570 1944
2479 1853 698
172 2634 526
2046 865 1975
436 2574 1153
14 885 339
153 2750 987
1542 533 745
1457 2619 6
946 1760 1039
1289 217 549
2355 2863 5
1652 1290 1113
727 1286 647
576 463 1470
2384 1474 2481
1087 204 647
1459 2290 582
1751 1461 2497
965 1843 651
1394 151 1375
1888 2098 1653
1242 1033 1466
2304 1309 2261
873 2988 825
881 439 1284
1993 218 402
1968 2470 113
290 500 2320
341 2545 999
2019 2530 1427
2260 2318 839
2089 1552 2353
2348 2074 1697
254 117 1442
746 1080 1413
1116 1630 1021
84 1467 513
1269 1525 924
1067 1732 2415
1589 1157 2143
589 1129 1101
1416 1099 768
341 33 571
1551 2411 1887
1933 2087 316
1274 1523 453
2432 901 1496
1109 1182 535
2481 1706 1209
803 1918 1912
1011 1512 155
770 2316 2353
1157 2883 607
318 1882 919
939 1345 400
643 2771 1329
1003 1999 1100
1122 2533 1317
2393 1893 2
2369 1066 2089
992 291 1610
1795 619 674
1363 730 758
100 1329 704
1419 863 2178
2214 1063 107
475 1589 333
707 2151 1886
997 1434 1911
601 1868 2077
2440 810 1119
1676 1335 537
2106 1499 428
1776 789 63
960 481 1343
930 1086 46
2315 2740 662
540 1483 1996
552 350 38
1677 250 1295
886 95 2371
655 1095 618
1107 2012 170
1281 664 2471
2303 2031 554
57 269 119
1758 1582 275
1007 922 2337
2369 1416 1518
1699 396 249
2304 1595 689
564 376 347
1980 2242 761
1186 1551 200
213 1195 381
1759 1509 2169
534 734 800
284 2776 635
1636 932 145
1798 2503 1335
1903 1768 560
131 2108 900
2303 2460 853
854 1792 1501
1917 2271 2458
351 1060 309
1362 2319 1849
2436 1385 2317
917 563 1001
2462 2079 1170
1290 2399 2391
487 2523 1048
1839 1038 1488
754 1111 1023
971 614 1523
1351 1536 1849
365 375 2100
1248 2307 1157
990 506 1433
2359 776 1426
1055 1446 868
1682 329 1768
1409 1518 855
415 2891 2359
586 1252 243
845 50 2008
1981 2959 462
1918 2041 1289
1945 1789 1161
563 2629 1714
2181 784 1890
255 1824 2125
1725 631 916
311 1101 1162
1687 1968 1998
1620 2951 387
2217 277 44
1194 1464 1562
1287 20 1275
602 196 696
974 1400 1992
1171 88 700
853 159 134
292 2987 1849
569 2167 1559
297 1026 1913
2288 2441 615
541 2735 1210
527 1933 1019
1880 2439 1149
1592 2225 1876
1855 2955 911
1985 1766 924
796 1398 1103
2393 1436 1182
1069 1049 232
908 1441 2457
1770 1354 380
1746 498 702
2172 2793 1015
1583 252 2214
1725 2860 486
586 1702 687
751 263 2068
2071 1779 1233
582 2742 1912
284 1505 1739
566 656 971
660 425 2067
2369 2557 869
541 2531 2109
1407 2102 2248
793 495 1310
2474 192 877
2028 712 2354
1637 1903 1569
2160 2405 1597
1019 2552 987
170 1525 2358
1652 1353 1563
926 606 1145
999 1392 860
89 1897 707
1277 153 827
2388 1251 890
544 743 1603
1668 2138 1852
2016 1806 760
2325 1982 1156
1497 1855 2332
1238 2457 770
467 2275 227
2118 955 1023
2378 53 1162
802 796 972
599 1071 297
2407 91 1892
851 2829 2153
1741 2701 1118
730 1774 1990
2125 6 2434
1361 2009 2114
264 2965 1531
2117 2121 2230
941 611 2166
2297 2975 695
1584 2419 120
1515 476 544
1120 2083 20
725 674 1298
2228 2578 619
181 2572 923
2076 2242 414
525 1593 2111
625 2797 262
1404 471 2380
2410 1611 778
1685 2021 38
2416 2374 2196
291 997 322
1392 702 652
2146 1234 1634
731 1808 784
611 1978 1992
46 1084 1684
2482 523 807
2074 1038 1525
2435 868 1660
358 1371 1474
523 1076 1056
69 1975 440
1278 1508 588
984 2117 2310
1071 2975 1111
653 1003 472
1108 1129 158
382 125 701
105 2550 835
893 179 2153
1052 2468 2109
1101 2668 1594
1751 1878 409
1144 817 948
732 1293 1157
2034 838 875
2215 117 2186
552 1647 450
1509 2601 2454
301 219 1469
2307 1253 1925
1782 125 92
512 1933 1817
1167 2452 2150
146 1874 24
2436 391 2214
224 1308 2315
1303 434 1444
2312 2122 323
13 2861 1915
1556 2826 1862
1466 1790 2343
1455 209 1632
49 2765 669
1861 1815 344
1762 2808 532
883 2791 237
2161 2375 1044
2257 804 1774
2292 915 1903
1645 2948 1090
793 281 735
1815 1912 983
1915 1303 1054
2086 629 2359
515 1656 1752
1414 2662 855
1648 1337 481
145 2386 1434
1000 126 1558
296 2328 1204
2078 690 953
167 1253 2442
827 1385 557
1247 115 504
2493 774 2018
201 1448 1492
1290 1614 891
1421 2962 2324
939 221 196
1621 619 2329
2403 2782 2190
60 147 160
1398 1878 458
2317 1264 2117
2258 1201 167
1541 2118 2329
2194 2687 1634
1492 2805 59
569 2924 147
1099 318 1914
362 1752 238
380 2621 2110
1199 139 2133
279 2299 593
2120 2518 2472
2335 1333 1707
533 2105 531
1732 2508 178
1733 2521 712
1895 760 968
582 2823 1211
1756 1450 454
1109 1818 1919
122 148 1078
2033 2275 452
1954 199 35
484 2431 1236
1282 843 2419
2486 72 834
2462 156 850
1646 1776 2274
2107 206 1806
880 941 1683
1547 828 1786
1433 843 1263
1240 1743 2481
800 1308 1722
1214 858 1838
503 2652 1438
2401 740 2276
552 85 2139
1598 1030 1053
1981 2292 2228
2481 586 968
1262 103 523
1860 256 2373
2369 1801 1307
179 513 1764
111 801 2241
1904 2027 2170
1816 1068 1407
970 478 2275
769 1533 490
2000 2772 1085
1853 264 2047
1458 29 454
162 2368 366
2235 1541 2068
2398 198 392
1302 974 141
1851 727 2372
1033 198 1072
1781 1752 47
2460 1050 339
1745 302 969
2161 414 210
1373 2982 293
2428 1684 399
448 165 585
2338 578 83
650 1321 662
1909 103 280
2251 1899 2398
671 2168 746
760 1871 2352
2073 2017 415
903 2490 1699
601 2169 719
2400 187 810
1394 1698 495
1537 2186 593
407 2793 1764
2360 336 2399
1261 1568 1496
1987 2730 1166
1909 1276 2431
1078 924 1453
1506 961 1692
844 2641 532
546 2269 17
161 1854 2078
691 1485 1373
2234 627 1108
272 995 1553
1993 2755 1621
313 2935 924
937 129 1353
1854 1840 1040
1575 972 873
821 1774 340
1952 639 1904
1744 815 966
1758 2951 75
2350 2183 2162
794 1296 378
827 398 1249
2369 2841 2300
1454 2285 1096
1182 2326 469
1829 541 777
931 2687 1526
1979 2199 1387
306 158 2022
550 1854 2456
2265 994 2305
1784 1671 1936
846 2854 985
28 1907 893
534 1132 1208
875 801 609
2222 2827 282
1885 2542 726
2174 1599 2352
40 2950 690
2481 2094 914
2445 1124 59
320 2498 1184
491 222 2142
1325 2480 816
2353 2368 495
881 2493 1552
283 1060 1204
921 1774 1004
2432 1783 1919
2286 337 1307
1789 2461 2139
2341 2115 1587
2178 18 365
1783 1375 1793
1818 887 2380
204 1546 2233
2208 2502 796
1745 1416 27
1433 1090 788
1665 1035 1726
710 2344 340
1722 1530 313
2231 2100 951
1356 1972 1156
2064 1537 1084
996 2938 1323
1804 1120 184
2258 1879 811
311 475 203
1616 484 2
574 1899 1100
357 1350 565
2274 2134 390
506 1572 2422
738 2768 701
2392 2591 1350
321 575 563
817 849 117
71 1724 542
2353 2328 23
678 373 1393
2343 2406 1325
957 1021 1054
1468 2157 293
2073 2338 114
1112 2282 1523
1792 1257 1761
434 1897 2199
69 342 2477
914 771 867
1621 326 746
1271 1902 1580
1092 1115 2442
973 601 14
1075 328 674
428 1423 1895
188 2777 1105
578 2646 863
1760 1707 322
450 902 1088
1809 1672 946
2112 2905 2450
1209 2356 1151
48 1828 2216
1210 1855 1361
1569 1912 976
1543 1949 1734
1719 65 1247
1472 2745 2337
1865 2201 443
1145 274 1317
2163 135 1949
2460 494 334
2268 1334 2299
1936 2935 1123
204 2170 1819
1861 2614 1540
1089 1747 28
1281 1035 2440
2062 2429 2462
1533 1501 31
1224 914 1333
318 1820 281
621 2119 2281
1859 565 1481
1351 706 993
1706 235 1984
1774 178 127
1673 412 1333
1349 1365 134
632 1240 2394
82 228 940
275 2328 282
2169 1413 1343
2176 1065 1582
2386 2054 1984
599 2205 1449
235 253 2427
1489 233 1014
338 878 2170
2304 2634 840
2324 487 1702
1851 1594 300
64 1564 1449
97 1896 407
866 1171 1029
756 1157 1549
770 2924 124
1960 94 1686
1038 1331 1701
928 486 2051
2360 2008 1701
1169 433 6
1612 1943 2157
1511 2879 2271
262 1545 1271
2253 1732 643
2310 1795 1881
2025 1013 769
1641 2942 1337
714 2108 1925
1258 1272 1956
1022 2601 2289
1693 1110 949
828 1635 1230
436 2072 373
1279 99 2396
2089 2092 1786
1921 1372 586
983 2104 450
1069 1794 2492
2217 2469 532
2478 1393 2048
578 1814 438
2433 1723 764
2060 1429 296
2287 1781 2263
2207 400 282
920 1254 2294
2151 42 494
33 786 268
2437 114 1582
1094 1829 962
1841 950 586
1427 2691 362
2259 1017 2455
1673 2071 556
1453 2845 1190
730 2711 508
1057 2322 626
972 94 379
848 2708 1207
1047 2806 2398
660 2153 778
1288 1237 1891
158 96 958
662 1558 849
2040 1727 215
1835 145 1566
224 442 1323
339 969 337
1677 2481 1016
1581 1431 1182
729 596 2227
1454 1094 1032
2073 1658 1485
2054 712 757
530 365 2409
377 2717 1341
2106 2070 1878
96 2390 2012
1844 209 247
977 2021 773
103 2889 287
91 2512 2091
248 968 1236
880 2291 951
868 102 2141
1759 1658 1585
1915 1876 222
448 1241 1507
2301 1849 881
477 2837 1902
47 2727 1476
1755 1851 1610
1256 1008 1295
1816 181 1229
1538 1736 1013
1510 125 210
1188 383 544
668 607 1051
1430 0 329
2232 568 2326
83 579 432
1368 1115 335
102 337 1246
1725 1478 742
2110 1814 110
1587 828 532
2466 1417 1181
372 2137 599
375 826 369
1829 2789 391
1761 1234 566
1345 1718 280
2202 2740 784
280 1529 1560
337 2974 1724
2134 2744 2212
1206 558 2485
2001 2164 2005
817 199 249
25 2231 2113
115 2088 2244
609 934 1746
892 1252 540
829 2176 676
1005 587 1984
327 2225 2443
515 584 664
1356 2511 1025
1404 322 1908
2055 2698 1899
852 30 524
1532 2832 1300
1651 1839 211
2323 769 2181
689 2701 1947
1137 2794 1747
1233 130 1738
1479 2961 746
1342 1982 1413
2198 1341 1892
877 2316 1545
1927 593 1899
2112 778 208
1464 1769 1510
1267 1653 2481
1626 1936 1192
1718 1399 2395
1448 1480 1960
1441 1617 2426
1732 2461 596
2487 1071 880
277 2057 349
2371 2785 1031
1016 2196 1325
1058 2824 1354
2331 498 1074
1488 1010 50
781 2535 1939
1933 2393 41
424 1213 949
322 2566 200
34 2671 2326
553 752 2238
979 2056 1677
2464 1381 148
2069 1228 251
1298 1822 2052
295 1541 285
1729 65 15
855 1180 2295
604 615 2406
96 2639 27
1097 1945 566
976 548 71
224 1497 1693
1459 1638 984
1793 812 2222
2353 1049 1960
1470 1214 2494
702 1519 480
9 68 57
534 577 1439
1225 2557 977
2460 1348 366
1041 836 1975
2015 1958 897
571 1392 372
2078 303 960
239 2008 1197
766 2065 1526
2099 1565 1333
2239 1845 1928
867 1759 2457
1560 2049 1816
2322 1081 2386
1366 1281 473
1020 702 353
1935 599 90
1790 576 2137
1085 578 1724
897 1598 333
2006 1583 3
667 379 2493
1320 1612 166
2009 216 1590
2448 1879 1170
165 2996 1627
2341 1627 635
434 2157 2399
618 2925 171
938 1578 890
2291 1688 89
124 869 1906
79 551 315
761 2710 1343
1193 819 1626
1099 1424 1444
749 2585 2330
1066 982 1833
317 1367 587
1373 1869 378
1921 1131 1959
1130 1117 2202
2030 358 213
1084 2653 1630
1914 640 1520
921 366 2439
1764 2768 2281
1894 272 1239
1526 2780 2163
2317 1938 351
1420 2473 1764
741 1940 1998
1504 2049 1473
1532 1898 1166
2114 2513 957
989 1401 1266
593 2753 2102
2005 286 2274
1706 31 90
168 828 264
1271 372 1893
899 1055 254
2383 1126 1727
868 608 1595
1232 1051 1467
436 2672 1930
761 74 28
1845 151 1658
982 2633 681
1880 1605 1966
2224 1466 1205
280 1722 2225
2459 1952 2055
1189 505 626
1912 2343 112
1960 1153 289
728 957 1872
1524 407 1536
1490 1510 1366
998 2103 1034
1154 619 2481
2183 1929 2187
2035 248 586
1422 2986 1555
860 1268 1514
1832 1957 2147
2434 335 1521
684 498 77
306 1681 2203
278 197 480
1785 2155 427
1394 1582 2485
40 16 268
2025 1333 1379
2297 926 612
2361 1285 2467
889 2984 1258
1332 1010 413
2390 1378 2164
610 1990 761
791 531 1517
1116 1333 1535
2310 1780 1309
502 1717 462
1621 2258 821
108 808 1031
1739 2612 1388
2358 1303 2380
1673 417 1527
2351 2794 1803
926 1102 2178
1303 1604 2138
2477 330 302
1306 453 2383
49 2534 2026
851 1987 352
2484 162 1724
1331 2948 1661
264 2664 415
2202 372 2389
1728 1126 2078
1608 121 933
1790 1891 449
1981 2780 2485
211 2972 279
1538 810 991
1613 1557 1920
1576 2824 921
2408 593 2277
1760 53 289
1821 1071 1442
