2500 3000 1000
2204 2207 1726
843 936 70
1037 143 2226
61 187 1192
129 47 2123
158 1054 2697
1223 2776 1383
415 2298 2987
56 775 2963
1714 1711 1757
977 1268 2745
1667 1809 236
282 2512 2924
849 1377 1960
609 1438 643
276 684 648
1651 157 637
469 2438 2641
245 846 2997
693 1555 281
909 253 175
1593 1612 2474
1639 1200 1346
1878 2386 2779
1491 169 2247
119 1113 2597
241 353 2479
316 16 2094
1579 1694 1711
2418 2851 1644
526 1951 860
2348 1117 1096
2168 1644 2837
643 821 621
2039 1915 469
1008 861 1355
835 277 122
493 769 1097
1886 2365 1952
785 1663 1902
1383 1024 2166
1191 2623 1292
278 2241 2066
652 2125 1576
2442 2492 2063
1662 2343 242
2289 1805 72
1464 1487 959
1254 2894 2010
2331 489 2589
1672 1953 2142
2188 193 1172
286 1405 122
1954 818 2801
301 1167 2098
903 2289 1996
1317 838 2246
1034 1696 475
1780 1064 1758
1127 2834 429
1005 2369 2927
864 511 1197
1690 1973 2912
94 2369 1872
314 2389 587
1773 2654 617
2498 283 2819
872 1363 892
1401 1921 298
1935 226 553
855 2393 552
1955 311 874
1266 83 94
2394 1569 1270
862 1433 1388
746 1261 2344
989 1589 2420
1940 2154 1367
1803 1124 950
463 2662 2234
1953 2758 352
949 1745 1996
394 707 2600
1272 2408 1873
2005 2622 1771
2285 2660 2414
1895 487 2113
384 810 1975
2450 1038 1878
467 1875 2562
2161 1976 1639
990 1088 887
2220 2029 1532
2065 168 789
1323 427 1700
1236 2395 2555
494 1735 1954
2277 46 232
891 1361 2150
937 2032 2129
20 2049 905
894 863 988
1660 2610 743
1543 2662 2671
2250 2593 1206
679 1031 1751
243 1933 2580
1742 2089 1115
2099 751 180
754 2172 985
478 1045 466
1350 1253 1007
1600 772 277
1117 215 641
87 2084 2365
1894 2023 2302
29 636 1127
1550 2239 2993
1429 2886 1921
1212 228 1023
1652 378 1581
681 1023 2806
2071 2004 1499
815 2558 643
2181 1098 1659
905 1414 2360
377 2167 2071
2380 1017 566
1140 1497 1810
2494 532 2133
1967 404 838
1888 694 75
2455 2312 180
1032 1262 743
636 1068 183
2303 720 1810
953 1262 145
63 2220 2035
537 769 2427
2360 1451 1940
391 938 1477
822 2335 53
2301 104 246
71 950 1284
2450 1483 2339
2011 123 742
2187 1564 477
1199 2944 2754
2099 554 2531
2366 2697 879
1124 1056 938
1806 911 421
1 935 633
1299 2779 353
1413 1651 1610
1707 1510 878
1142 479 2093
58 1242 2190
1800 2962 1115
1979 805 1691
482 1429 2756
957 1249 2213
1849 2492 834
1709 581 319
271 144 2572
1904 1936 2625
1382 1629 1276
894 2826 1256
1779 2720 2089
2172 886 855
2435 279 2790
1610 2496 2458
956 536 507
1650 1513 2897
1585 604 1649
1573 2093 279
2193 2727 115
830 1078 359
39 2269 1072
1016 1968 1987
1443 321 1876
537 2353 1783
1668 1618 939
2058 2109 1635
1820 1214 280
1673 2586 432
1523 2871 2087
89 2374 1737
244 1844 299
1280 2663 579
320 1747 2297
1846 861 2249
2202 2401 1351
1614 757 528
2058 1462 2498
842 870 777
2077 132 842
518 2719 2439
137 259 2016
857 2537 2161
769 1965 1061
2408 1088 1373
90 320 2524
1700 2082 681
1650 2771 2025
715 716 1667
1088 436 1072
2141 1344 2547
2288 764 1511
2452 2901 2371
1592 903 2712
2184 426 2240
1490 1280 114
1920 124 2215
2208 2028 229
1511 2375 2808
397 104 156
142 260 914
1622 2310 1936
623 930 2489
1831 834 2068
1734 2675 2554
338 1000 2962
2383 1506 2978
1005 2024 2976
2441 1919 257
2435 2141 1297
413 2509 1891
591 699 83
568 546 2643
2247 111 96
2216 1227 2924
2264 2054 1397
1393 192 2208
407 2432 1716
901 2519 1643
1413 2162 668
701 2757 2143
652 2790 720
2393 42 2829
71 2286 651
1141 1113 1505
534 2175 2293
2272 379 2054
771 2517 953
1493 922 1780
1016 1292 859
2211 1972 2912
1347 1131 552
1055 1336 570
466 2175 1126
1154 1417 1678
1386 1425 822
799 18 1956
152 1001 769
79 795 797
240 595 307
1186 2248 1485
170 1313 672
2377 2906 349
134 2840 728
1281 2207 2444
1014 2531 2526
2230 2146 865
74 1755 755
607 441 608
1206 839 747
1708 884 2254
1277 1103 110
48 958 1924
1272 510 1757
2072 428 2364
1137 681 580
1901 425 100
1096 1851 1163
1575 1550 1529
221 1657 2402
2444 879 2040
341 1973 312
643 2653 206
696 820 1032
926 2991 2195
1104 2718 1829
2307 1293 2771
2044 1501 2953
1861 2155 2794
984 1096 2619
276 2981 853
2113 2297 440
718 236 2662
1114 248 1639
1269 1936 1200
1147 1896 178
729 1752 2120
1738 1870 2666
921 2297 472
199 722 1241
217 2157 2498
957 764 1736
376 2618 1204
2187 2030 2845
953 2906 267
2466 2803 1835
2072 1272 2504
2149 464 2322
835 758 958
787 2733 1096
288 382 2135
2106 2218 2488
1750 109 292
1775 1586 2597
972 863 1032
713 960 1456
2444 1859 1875
1016 1584 2082
1877 1882 724
2090 1340 2141
2212 2994 1780
1765 1478 1663
1957 156 1754
863 2369 1439
1774 688 916
654 1574 1790
1663 636 1279
1683 2900 1931
1230 1678 2781
1587 1817 1445
1975 2528 981
795 2107 1697
256 1363 696
1468 1346 798
731 866 575
1422 2821 1073
2380 2084 2084
1231 883 513
11 2819 2802
771 1576 496
1832 2804 750
1589 25 1706
805 2560 688
209 2459 2736
2168 2631 325
630 1541 1028
1996 2633 222
188 838 2051
2131 1513 1949
600 1809 401
2305 2569 400
1430 1080 1705
2031 360 2740
1920 696 87
2484 1104 1835
1009 2672 1476
1162 2245 1290
2465 1160 843
97 110 267
1396 405 2898
2149 2122 285
2472 1707 258
191 2195 398
1964 1674 789
1828 250 665
2430 924 277
519 1198 1002
929 1292 2000
1409 740 2837
2122 1898 1219
1308 120 1611
2115 202 1563
628 491 2009
2430 2571 846
1818 1471 572
1021 1416 2987
1190 537 1018
231 2984 699
1207 518 2313
753 2986 1542
873 1126 136
689 192 2689
262 439 1230
355 1741 1282
1658 626 2747
1032 1762 1067
789 2743 255
1338 2402 2406
2287 257 732
687 979 2734
2282 2635 1944
1696 1431 1729
1713 2547 806
2491 2925 2232
722 1738 859
2204 1943 1932
657 1959 2052
2141 77 39
2064 756 770
951 2443 538
2470 2631 1152
1036 9 2006
2455 1317 225
1604 2413 1623
61 1475 2724
1561 671 1437
994 216 1184
523 646 1561
564 1795 1610
1569 2071 1064
668 2813 2004
142 278 2873
184 2207 1078
1511 2540 1103
1562 109 2634
1566 1457 1816
1879 364 1268
1863 1156 230
889 1174 1489
2154 2329 2770
503 2675 746
2042 2539 2656
2304 1223 1557
2413 142 1660
2318 290 2159
442 459 1582
2233 2251 513
2223 2506 1253
687 1906 1039
1487 2119 589
1973 2431 1216
1863 1694 143
2343 2417 2711
2151 2860 677
114 1446 1028
9 1991 1029
455 1291 620
2062 662 466
1694 132 2148
416 2207 2705
1757 2452 19
2033 1213 170
1519 1309 1947
316 1325 98
188 2535 2385
587 1222 1268
2299 2340 2437
1820 191 498
1625 1416 473
1527 10 2287
1184 2068 2274
2286 307 2645
1801 387 1164
427 674 1844
1813 1983 2091
449 1269 1445
1140 1104 415
1965 139 898
2160 2963 2843
964 1733 2163
2295 2050 1095
311 1636 860
966 1954 743
758 1709 795
2304 2593 2733
2498 2455 1967
232 1253 2983
2066 1571 281
318 414 916
1936 281 2392
2185 203 2337
110 1412 30
966 2546 1325
2193 864 2298
288 2271 438
2388 2469 2054
11 2498 761
1260 126 2413
1483 2458 857
829 326 1520
395 960 2840
1510 35 1928
1278 2934 1196
2178 2692 190
547 2629 2540
1137 366 2030
268 811 224
170 879 85
1678 2736 23
2171 820 2558
1672 1724 511
377 1605 365
755 920 1946
19 66 2722
107 2114 2376
69 629 176
462 2120 2489
2141 2338 1393
213 1434 1330
2067 1012 1480
1426 2309 211
122 2995 1074
2076 2971 2410
325 1788 599
470 1143 268
1324 636 764
925 413 1937
2462 141 2491
1429 1090 331
1762 777 2935
1139 2477 200
815 300 1500
147 2813 2296
223 2050 602
906 417 1640
376 2377 1298
426 2851 1453
181 998 553
1095 88 245
2104 1038 774
653 1209 2727
495 1452 1206
187 1835 2179
2225 1509 808
2028 2473 2650
883 1694 2640
206 174 1458
1939 1759 1552
1840 7 336
375 2285 550
2344 1815 2613
702 1677 1758
961 1182 202
2442 1647 819
1920 2086 84
202 2897 2145
1679 2415 1803
2149 1372 865
763 1058 1027
821 552 1158
2317 1427 2382
158 247 1455
1610 496 396
1942 1283 2031
386 2963 157
44 330 181
1366 2194 2498
1718 1538 1761
353 2456 103
2371 1728 1438
179 1929 2657
2010 696 1655
2117 35 324
362 1363 2719
1565 834 970
1887 2783 619
1192 186 2629
819 2241 860
1784 2778 1668
667 2346 2232
2148 2650 1382
197 1592 251
1867 1857 1537
1210 1232 2742
1764 1048 552
2237 322 2855
1986 1929 1715
1251 2468 656
84 525 2972
464 1193 2371
696 2203 2489
1712 36 702
1743 1787 2953
2203 793 1452
447 2389 2783
771 205 710
71 1802 452
1683 1649 1485
123 840 525
1854 1902 2078
491 2461 1488
764 2320 330
2200 1596 2001
179 1914 2347
130 2298 294
141 728 1814
1141 540 2367
1387 309 1534
1831 2798 2946
450 2967 2624
1478 1093 1978
1193 1859 1502
2441 2125 1401
2397 1419 1101
616 2414 1201
2121 2843 1947
2328 278 1134
414 1670 2498
2499 2583 616
1351 2935 1614
673 1757 1354
1054 337 1683
842 115 2039
742 2724 1634
393 2959 810
654 2343 1930
2194 454 481
2455 1098 185
1081 1090 2371
2251 1284 478
739 1770 121
2358 712 908
1980 533 2418
2291 2078 2025
39 752 2537
964 1468 2701
513 519 175
939 591 177
969 503 2933
1667 991 791
2375 2429 1128
774 2139 40
8 1996 1795
2438 1006 352
633 874 321
2065 941 2755
422 2443 1334
1252 2333 1243
1188 288 675
370 1258 2022
1885 1931 1455
2246 2536 1141
1478 2083 1544
1022 975 2321
2070 1532 860
2075 1545 517
1621 2041 601
438 279 2134
343 2336 2782
1894 365 2715
1060 634 1991
57 2338 375
2263 987 1900
1556 1861 891
371 1556 559
1490 452 871
2322 2795 1193
454 1524 2440
1266 1402 2102
1088 1089 276
2107 1965 1114
2476 2544 250
2333 952 826
356 824 860
2468 2984 966
1064 1969 1181
1300 572 2479
766 1315 1462
709 2279 2017
528 373 1587
183 2644 2974
1433 2175 1012
998 1026 2737
269 1191 1672
2345 1978 2298
2333 2404 735
14 1467 1113
2285 2871 1276
950 289 1565
963 1696 2946
437 157 2076
243 2597 2011
1676 1652 1449
1253 662 1154
2384 1249 869
193 397 65
1055 1751 614
667 162 2943
2336 2568 156
164 1952 2460
926 789 2704
446 2496 2521
1219 2261 2375
302 357 2747
378 355 2168
1549 1489 2652
580 858 42
2183 2325 474
474 1684 127
205 728 851
1058 2074 1690
1737 1560 1116
1825 2007 1240
2422 1145 2826
1608 1845 2601
879 6 1298
1678 1743 2864
1241 466 1337
964 1534 1437
1131 332 1536
1552 2011 8
1224 2389 374
897 2330 1914
689 2246 509
1746 2633 533
1845 2606 2663
1800 2757 2548
1163 1182 2797
1161 1485 286
2436 1702 692
774 132 2005
518 1485 366
2234 1451 1318
431 2431 226
1339 752 1791
81 1402 410
1417 1037 2496
2263 2143 2915
1230 2559 412
1417 2866 2443
676 2070 1978
120 2717 465
656 101 2551
816 2537 2636
2240 190 1835
1752 2456 204
1586 773 1932
444 726 89
2372 628 2314
1906 1870 1490
1960 2089 1431
1812 1506 2733
2180 673 190
191 2236 1044
552 2834 1938
2201 1117 939
1201 1077 1544
943 2779 424
2166 628 230
190 1515 1454
1544 2186 2741
236 603 1326
782 2214 990
1172 1540 929
1583 318 2218
1629 1749 2861
464 2152 2474
1583 904 962
852 2957 1533
2134 2962 1090
508 1087 2609
2116 2790 738
828 1975 363
661 355 2077
1588 2870 1584
1966 1481 265
1866 2597 245
2418 2546 2942
1287 414 1551
1141 466 1621
1216 1809 2133
2284 2522 2036
2123 2903 2049
791 564 1118
295 292 605
466 2892 2528
2320 1181 2230
394 1018 2732
2319 2727 1020
1878 2339 2470
870 2937 551
1824 2529 2665
790 1950 1174
2230 980 2338
623 1533 1284
2356 876 1396
795 2598 764
1875 1838 307
1196 1444 333
2285 516 143
2374 872 488
963 2519 1212
1172 2639 632
1321 762 358
7 2884 652
2490 2110 2049
1681 2859 2759
1692 845 1687
1847 915 2605
1316 2990 40
577 331 507
166 2974 2607
2281 2780 1947
1339 1461 2355
1775 604 2318
667 2326 2227
2071 1758 2015
932 1845 730
1123 1365 509
2410 2319 2384
1222 1832 1857
1693 2363 407
489 1677 1425
1129 1551 552
20 1939 2383
2012 924 2074
1934 1570 1641
529 2987 2639
1425 1510 920
714 1424 1835
1520 448 1449
1955 2700 338
2087 425 1293
1062 1462 362
2176 1431 225
914 1642 2036
920 162 2068
1003 1461 2209
1930 410 2886
2002 1859 841
351 334 1041
1999 2006 396
1348 2288 2703
990 1424 1335
1383 2938 1279
754 2753 2588
2272 2489 178
2232 77 769
2293 2294 2477
668 2888 1067
331 629 2459
802 2587 1411
1552 1709 232
1509 1395 1857
573 519 2946
1378 771 1695
1418 1266 1453
1673 2914 2739
2021 805 1052
87 1127 1641
1515 1520 480
337 777 54
1451 1370 221
1237 1335 763
957 1203 1219
991 1862 2325
1007 2744 2071
2179 152 744
1111 2653 2133
605 1087 470
679 2132 234
2045 2275 2821
0 1184 326
958 2495 835
841 1666 745
1404 696 2871
1340 2622 1102
1143 1475 2661
1223 1219 181
1706 165 597
430 1013 680
707 1550 2817
2217 1148 1397
1984 619 2933
1720 73 653
1316 2387 1807
886 2139 931
1035 960 2681
2393 451 1736
147 181 2333
1702 994 934
1308 2555 1486
1404 2233 141
809 418 2336
1587 2665 2011
1668 1230 1146
2233 1986 619
1309 289 2687
1980 68 991
609 1151 1456
95 2415 1886
2490 970 929
1749 2317 1364
902 162 761
1223 1158 2684
2020 358 2383
470 2689 2007
583 2084 1159
1421 942 1464
674 1474 2426
869 2245 2043
1100 474 2629
1123 1264 371
301 2677 1714
981 2547 209
1894 2621 1726
207 1595 2641
1348 1437 3000
316 1603 172
985 1275 864
171 1568 2647
2076 784 391
310 681 154
1233 964 830
791 1527 72
628 1844 422
2149 553 2316
1466 634 1161
1740 2290 828
511 792 45
2155 2536 2601
1223 2631 2009
2318 1151 1465
1227 1230 1384
1373 2891 2056
2034 1207 778
653 654 207
2255 2440 836
149 1028 1421
2131 2267 1083
2155 2536 2901
162 2711 240
1985 1573 691
1969 1229 762
1358 2144 678
1860 2852 267
1951 1399 2906
1898 2307 908
2358 2889 2169
2053 333 749
1812 519 1093
2155 2536 2578
2327 2601 154
71 929 2963
2071 595 895
1856 883 1114
1449 2830 1878
2174 2422 976
214 1203 1786
2279 2976 2345
1822 1282 863
1181 1539 1045
2254 2568 131
725 1730 2671
51 2411 1098
2211 362 461
1337 1297 1591
702 1327 2844
1124 1781 1327
2486 1349 329
830 2043 42
1042 875 1058
2485 2275 2972
616 1146 207
309 1196 2731
955 518 669
1323 1262 2006
1411 2686 1373
1524 2779 255
1983 1137 1469
1988 2255 997
1626 2892 1320
1885 2643 1536
1182 2970 1823
536 2544 2468
1188 2955 233
536 2544 2361
291 1749 1972
732 1418 327
2139 803 260
1932 481 977
1694 91 2431
2197 1588 1847
2051 2792 1273
2427 1854 2328
742 2122 1326
1966 2882 1796
1753 2631 1408
536 2544 2807
800 1395 1996
833 2053 2813
1862 650 2916
1070 1606 1470
964 1671 332
395 2200 2484
1657 2918 2334
38 1319 1461
854 1251 2501
1479 2710 145
361 467 285
633 627 2395
1407 2860 1085
1546 1864 350
1398 1197 1041
966 2887 458
1901 2455 2423
237 1763 1027
1925 1629 2136
94 1354 1152
916 471 616
2353 2166 2615
1238 1255 1706
1109 2407 2962
