2500 3000 800
2011 564 196
1736 11 1613
2472 1001 998
1464 2138 1642
844 2440 433
394 1158 1989
1579 882 1051
955 1451 103
1519 2449 99
1272 324 1343
1817 461 1907
124 1372 1458
1168 741 1468
1170 2724 112
1356 593 610
1168 2248 2
262 1382 1258
111 2617 968
2386 2132 1981
408 1885 1494
2297 393 1976
280 1918 1722
2238 1850 307
385 317 1549
1742 766 390
210 2509 563
1574 779 135
2175 2433 747
1494 387 1300
1649 2617 1060
410 532 861
62 1093 1572
1407 716 635
1913 1436 1736
1901 674 1160
115 1819 565
2470 2446 700
1550 2124 843
295 2308 1861
586 671 111
270 1369 104
87 2233 1532
2098 2899 1116
466 2719 1604
2308 19 1148
1449 315 1963
1230 2388 1354
1357 1693 1341
1895 2098 1703
393 2145 519
689 1861 1534
2164 2365 2000
311 2040 767
1442 987 688
2294 283 620
79 267 573
1008 2522 1608
2281 205 493
1224 2395 476
2366 2841 1938
673 1147 1110
1611 2067 1944
674 2528 950
1059 2010 583
926 1371 634
1877 951 1932
1780 1761 1625
1127 51 183
1738 1479 1292
134 2540 1551
500 1702 817
1913 471 222
1235 1529 1742
440 2479 891
939 2316 1933
343 1646 707
937 2429 1682
1017 56 1492
897 1247 716
2210 2127 508
1594 683 1945
384 673 1283
1004 34 1851
1781 322 1498
2467 2574 1750
1153 1091 1748
445 1570 655
1465 125 873
193 1838 342
1025 574 502
2238 767 831
170 1222 533
2209 1381 127
1549 2179 320
2424 1259 252
1087 1409 1671
2495 2647 92
1277 1206 1531
1956 2684 529
917 2787 1138
1031 482 919
2370 747 1981
2365 1928 1580
1954 2225 78
928 2134 1370
1038 285 88
622 1621 1505
1316 713 1854
358 1228 67
160 2764 1091
551 2380 926
193 1732 1117
1868 2107 1620
969 918 361
553 510 1507
1602 1666 641
13 2110 1865
810 1699 554
1146 1323 790
1252 2680 402
2286 2609 417
582 1336 334
487 2706 645
736 1622 1400
1708 832 1386
73 1009 1800
1991 1439 1489
1054 2142 1324
2402 1692 765
766 1189 11
1042 2927 1941
771 55 485
2146 2155 491
635 357 595
1567 1785 498
69 1926 292
1878 55 745
2059 193 1933
818 2677 321
2038 1467 306
913 1303 237
1980 352 1165
112 1128 979
66 1246 1748
1632 535 365
1070 90 1428
1408 2919 1385
337 1020 1340
495 2141 321
1521 74 1293
1556 2343 866
2287 1297 274
412 537 454
1737 170 1854
2463 624 1833
1116 2485 389
1337 2918 910
2023 1773 909
2086 413 715
1766 1948 1265
1906 700 1323
1175 2394 1429
1787 1147 1124
2474 2090 1332
1334 1431 608
2410 2328 26
583 1115 446
390 576 335
258 2174 998
636 1045 916
60 2572 1303
2072 920 1599
1891 2969 1046
351 599 458
1710 678 345
1093 659 753
508 2973 1307
519 1314 1155
1840 2168 1060
2321 77 1285
1340 533 1500
1745 105 1574
1477 2818 558
1004 819 1224
2208 2950 587
1660 1524 251
790 1255 559
1121 1727 1370
2398 1218 1898
1728 827 951
2425 369 134
480 183 460
402 713 426
2164 818 746
783 991 1065
2161 280 454
1695 2237 1992
410 1108 144
202 1520 1278
849 1090 733
812 1872 1542
48 1939 834
171 2134 271
752 2117 532
561 557 833
701 850 995
393 1082 1405
2294 2581 1980
2018 2691 494
471 2904 805
1966 546 294
1407 2836 1458
688 1528 1287
2198 2254 236
2039 15 1376
1699 429 241
2244 885 1766
473 1886 1369
1537 2877 1977
69 730 494
2201 1368 315
2465 2657 373
1440 1002 1557
2076 302 1639
104 1889 722
7 168 447
150 2202 1140
2222 2057 1160
985 1847 1615
1353 1697 292
833 653 1223
19 1738 1546
1837 2071 1694
279 2682 1541
473 2870 363
556 195 1609
2053 962 1499
1537 805 749
2065 558 1200
731 1855 1007
1677 765 1849
583 785 832
2300 1311 740
750 1188 1057
792 503 636
1416 709 823
1276 943 93
2354 136 100
1723 2591 1068
983 257 1800
76 885 372
861 562 1455
361 1799 1580
1239 553 1312
1080 1633 536
2246 2139 907
704 1470 1684
1845 1216 775
340 1826 1507
330 1751 157
608 2813 1205
148 733 1612
101 1092 352
468 2307 1299
1089 1309 901
1888 37 698
69 304 707
359 416 935
375 1267 1459
673 1302 1389
641 2811 913
616 2916 994
1160 2305 812
708 2155 495
2028 187 1795
1718 2231 1617
380 1521 1043
699 1972 1181
1957 2590 807
668 166 1561
1619 2880 533
2312 522 1036
1648 2926 1008
2284 431 522
324 84 1285
642 2000 1549
168 2954 1704
736 249 1848
262 1569 159
1400 658 1391
1532 845 91
370 7 1256
366 495 583
972 2065 1138
43 1757 523
2130 1439 1146
1185 2956 644
1612 1010 601
755 1210 168
1558 1906 679
843 936 201
1243 2661 1991
891 1550 873
2200 46 1823
420 824 1586
831 648 1353
2456 1161 692
331 1102 893
360 853 1288
239 1161 240
2403 1117 51
1310 1030 1267
1948 668 829
79 1529 1773
1336 1661 1628
2057 1502 1590
1125 2467 38
1218 837 69
2011 202 284
834 137 181
1201 2028 457
1388 2875 1123
636 1603 1558
1333 803 737
1394 199 38
785 2478 62
1248 1394 580
824 1658 1286
619 552 1769
31 2901 1903
1209 1907 772
2293 934 1317
2411 2564 736
2082 117 442
1603 1117 99
1959 2481 1907
1464 659 786
1881 2536 795
2312 2801 311
1416 883 1650
85 1365 219
1591 1257 799
1726 2058 377
1082 1515 639
932 1676 1541
1543 2341 166
2113 1498 906
11 2543 909
1600 81 463
570 1254 25
2389 2011 892
727 138 99
1059 2217 1324
517 55 1404
934 808 1684
825 2659 1077
2353 2091 1127
598 823 1454
592 296 1957
1714 1794 1922
28 927 699
1247 1073 758
2171 806 1440
463 1344 703
1283 1914 736
349 1751 561
2218 1243 1223
2219 59 1812
1848 199 755
1080 932 566
581 2675 1692
1342 1462 1601
697 2499 207
1182 125 202
62 346 119
290 2285 151
1913 1854 1270
808 174 1148
1734 1160 1205
938 1959 1720
2192 1823 599
612 332 373
1578 734 1938
601 1908 649
248 1225 1998
1975 2533 1291
1506 636 1284
2346 1298 857
1300 1734 616
1030 1132 753
1497 697 1459
232 1443 889
1062 1463 1047
2197 403 547
1614 313 1747
1364 2679 702
2271 1786 1784
351 2184 1927
1735 1428 566
151 1683 1802
1450 1534 1087
1685 1479 1059
1751 331 487
1471 180 159
1911 2258 1649
1770 243 180
1476 1870 864
1220 257 65
1265 571 1749
1916 2897 620
603 1488 269
59 2650 1591
111 1603 174
398 1990 1477
2236 1180 908
1986 64 1410
202 2028 443
363 2557 126
158 1000 814
81 1795 1261
343 2844 957
1570 975 531
1084 861 1510
1581 1576 1131
369 1517 1654
1649 997 234
1303 2262 1060
1854 939 1823
1063 731 1121
2161 967 27
2147 2405 1582
693 1930 782
485 867 626
733 417 1729
32 545 1346
949 2817 392
2407 531 601
1812 1445 1025
426 2001 836
2195 2355 551
1257 378 1138
2091 1715 174
1300 1287 141
514 849 1610
1898 1315 1392
1010 2297 1773
1269 1608 523
1091 672 1378
2150 553 1649
180 198 751
1354 2119 567
1715 1345 1326
1146 851 326
14 1237 885
1785 1694 1671
1709 1069 1977
2066 1006 1056
1399 278 1374
1105 1366 1230
2304 619 350
2207 740 240
2294 1240 1516
1654 983 1388
1926 1626 1918
1552 1473 1455
1113 1032 1951
1770 654 1006
2233 2947 386
710 24 1368
2488 2919 577
1220 2814 1564
1608 2779 1665
1076 425 1354
1333 2940 650
1624 1966 1754
1866 2093 415
237 236 1969
17 219 138
1119 1620 1805
2249 1423 81
2332 2178 1527
1494 2085 1804
1141 2271 1448
1107 1187 1668
744 1098 1729
1194 810 37
2265 985 134
1146 1850 1489
847 1878 362
1809 348 521
2138 1259 1117
1107 956 1392
1635 1429 1093
1998 2558 1156
252 1168 911
859 2130 44
2038 912 1183
2145 1160 995
1569 1816 20
1130 1871 174
1683 408 478
1437 554 662
2236 1158 1118
178 1734 431
2370 732 122
1938 1508 1316
1394 234 409
867 1630 441
369 2826 1624
2021 1015 371
1687 2763 438
1415 981 1367
990 2199 1866
2228 2473 766
147 2660 1016
630 1044 619
1013 1547 472
1022 856 1356
1949 2960 1110
1486 563 1269
729 2862 523
1667 2368 866
2309 1692 409
1335 2911 284
734 532 161
794 2881 1471
1414 2622 1127
2278 1996 1205
34 612 245
1468 1964 791
2001 2091 1081
2227 2140 986
2328 1320 1770
1290 2895 1522
136 2590 1859
1583 2572 918
500 253 1252
22 1372 518
499 66 1581
1421 2016 1416
390 764 744
1353 2715 1997
2489 1672 1656
1067 2075 629
1659 1668 1507
84 1797 778
800 2618 950
585 182 1469
2114 291 953
202 1325 567
997 2235 52
1325 619 1208
24 1914 108
2436 2935 1376
144 2919 1951
1348 2653 629
1836 1302 343
2360 318 1558
51 391 1434
921 861 1868
412 131 1889
714 1343 1171
21 2877 1582
2493 746 642
2154 1271 864
1893 2816 93
643 493 113
943 1031 1188
1134 1939 1915
322 812 552
139 160 11
27 16 986
1779 2905 458
1254 941 1163
1119 2769 1777
1952 63 1486
242 2449 1944
2379 1015 5
1361 2110 772
1682 1845 1324
1325 475 339
1025 1270 1871
1458 2340 984
419 1727 84
1636 1143 1180
953 2561 1528
1015 2625 120
1482 448 1046
1363 2399 1851
2251 2733 253
514 85 1621
605 959 659
1903 562 1549
163 2116 228
2308 213 1558
56 2420 1205
1946 798 1011
1323 2649 1556
1443 1473 741
1997 2581 575
292 2990 1897
508 544 1452
2420 836 59
19 1054 222
1846 2425 217
1670 1860 415
562 2518 305
666 2333 1747
1216 2325 1996
277 191 208
1429 154 671
1697 838 669
1403 424 1625
1479 603 275
745 1831 501
2479 1120 169
1711 2811 1873
1654 667 163
1853 1586 1097
412 286 906
1704 2693 712
35 149 55
558 1345 1549
567 2895 1640
1918 387 1016
2412 2590 1705
2327 1842 1875
362 265 1667
1597 917 2000
752 1509 317
1078 473 62
2427 1516 509
1966 512 1856
468 193 1561
588 1652 1677
2123 2934 1328
391 880 1046
1385 609 755
1942 2602 1512
1266 2986 732
741 2934 531
1547 61 323
2388 2340 43
2116 2565 1424
2221 1244 1815
1489 1878 678
2382 1655 1791
1646 99 1891
387 1549 297
2290 2470 1040
783 613 391
1257 577 998
1581 2635 33
1741 698 1539
890 443 676
1975 207 1178
882 2598 1740
1411 708 1133
729 949 410
1598 2500 1396
2467 1055 936
2015 2014 1512
1352 563 1221
582 309 1166
1847 319 1692
1893 2599 1489
497 232 711
2135 1570 181
1290 118 1613
1588 2964 1678
923 1517 1084
788 663 208
979 1152 1270
1408 1076 164
850 1451 1531
1782 2412 507
1196 2243 304
669 2833 1701
186 515 694
2459 1779 1764
230 2653 1920
117 1235 672
501 1397 421
1581 2982 853
849 267 95
2125 527 392
1926 1987 199
592 144 215
102 1202 301
1348 942 1550
1292 277 1285
595 1435 996
2421 2324 682
727 2525 1282
1217 1997 1611
1400 1492 1961
839 557 1013
2280 1657 1536
2254 2970 1895
1099 1847 68
61 1996 322
186 2129 340
112 426 1623
266 671 1922
2229 2888 1950
892 2501 244
520 1833 1663
1276 2725 1863
1175 919 691
1415 1867 1217
1269 1246 930
2492 1950 1554
1648 774 891
2378 1470 497
2115 2957 445
1469 2150 959
1414 1702 1946
637 1260 1545
1444 1533 227
1098 1623 359
1992 182 1648
2365 981 1018
1763 1806 1000
1205 385 1578
1778 2202 1262
135 185 116
347 167 1007
646 2868 367
834 2546 1090
1216 379 1985
946 989 603
836 167 1198
1577 1812 1494
1274 2625 1439
356 289 140
1370 1902 442
1190 1261 31
2123 2127 938
2167 1816 791
652 1558 930
627 1265 843
344 1654 1228
224 1493 186
1545 2518 669
2124 2118 1136
1213 2558 345
1655 2913 200
2075 1995 709
23 1873 1189
853 1208 1942
499 803 276
1357 18 737
1806 2136 1347
16 137 1096
1445 135 1052
2198 1275 1447
2469 2851 233
1852 765 410
104 2259 25
2310 2537 348
1459 2504 745
2029 1235 1165
1103 2357 267
1803 1175 1531
162 723 855
335 749 1590
120 1721 1640
1891 520 80
1824 1778 1794
600 549 1384
1920 210 421
2188 226 1106
6 1247 274
1709 2503 1778
82 31 96
1411 1983 1322
2480 2023 599
481 2385 1773
697 2673 139
1121 631 284
1786 1676 1332
2226 2433 208
2207 1320 1548
1438 984 648
2031 2185 925
504 1421 642
1339 472 1160
1411 392 923
1315 887 658
628 106 912
402 2462 613
2125 2086 1246
2186 1124 1266
128 705 448
1855 2014 1711
1850 2117 849
64 114 230
1002 981 1241
28 2784 1570
819 2579 865
