2500 3000 800
1289 338 701
1581 2548 835
28 1566 1954
1905 1834 1716
698 866 32
1193 1141 1997
2452 160 1586
2244 1555 1809
1475 495 1542
2435 441 1663
1716 1443 1642
1151 717 971
335 2504 990
130 2075 629
1083 163 1608
862 1623 1449
1655 1529 713
606 49 1206
1767 1564 809
2164 1323 1163
1890 2822 1708
2186 255 978
1244 2810 1959
2064 829 1665
1562 281 1943
2198 34 166
1082 1397 1047
1730 1283 1126
891 2156 963
2116 375 1158
1242 430 103
480 2133 959
2251 2305 1477
718 1186 145
136 1710 429
49 1319 314
1058 1487 219
1423 2085 1435
875 1948 1334
1493 2367 1192
1156 2515 1774
1591 2043 1279
1588 2484 1245
490 2617 1595
2075 2735 1911
621 1921 369
1619 685 147
1626 2033 946
1371 2964 178
361 281 1480
1232 2223 1029
742 1689 616
575 2229 783
153 577 285
1394 1130 1927
674 917 28
645 2151 1429
630 2504 1865
1538 1053 1772
186 2493 477
2384 1900 141
872 2805 10
922 1843 637
1131 2804 1645
543 515 1009
2462 2626 1661
1333 1778 526
1171 1027 546
613 287 339
852 408 336
982 1972 685
261 447 1456
2114 1919 1637
703 2194 1974
117 171 676
1958 1290 488
623 87 711
85 2896 785
379 796 959
1910 1468 460
182 2735 871
1931 1658 1682
2473 519 469
1314 636 982
1565 1496 1164
79 677 1281
1141 2427 1648
1937 2769 1456
1686 673 122
2447 2794 1537
1572 2653 501
804 2288 32
2300 2081 1815
1754 405 57
1908 1918 760
58 751 989
2217 410 1602
1480 782 373
1632 1685 1342
241 1656 926
1398 1972 45
167 2565 294
2333 1916 768
1033 977 162
1477 803 1634
2053 2296 1557
1707 2045 1932
2338 1434 580
1139 993 446
79 1738 614
514 1329 1887
1692 2873 581
72 1451 1750
962 458 275
58 614 1097
289 1238 552
374 106 755
2168 570 202
2378 1456 655
725 258 154
2171 2089 1022
2359 1824 1033
388 2746 1713
2302 686 73
409 1319 763
544 499 1178
602 1043 8
1376 2304 1166
2068 1580 1225
1497 160 627
742 1790 1555
1005 1365 1542
2385 2527 493
937 2325 1081
551 1240 1385
630 1148 1604
2364 923 981
204 1662 147
1936 2151 791
1717 2921 1345
341 713 429
1221 2388 905
2451 501 394
968 117 150
2050 1330 1316
1823 205 849
344 64 1982
2244 495 77
1690 1493 660
765 818 193
1245 2367 4
315 2763 1203
552 2107 266
1502 1119 1418
400 1226 675
516 2403 1585
1789 2387 1594
2247 189 451
29 385 639
1918 484 449
479 1034 510
1044 1146 857
2390 1659 797
1796 533 766
1868 1125 651
187 1620 345
851 2735 1585
1651 2599 158
536 2160 1264
1757 1484 465
1657 930 1028
31 1747 1826
1537 1198 878
1471 1292 202
593 2471 642
1691 2027 910
335 2845 1811
92 1905 1284
1073 1007 246
1421 2773 1998
174 49 1101
2372 2331 1162
1596 1177 1015
1924 170 280
2421 2591 191
1405 836 1072
286 1434 1239
656 57 57
1118 2063 708
1698 1749 1035
54 456 359
657 1427 1159
1520 2651 1871
2374 1025 1706
1131 957 1535
1382 613 1526
1072 521 324
1163 1278 1532
285 1422 1449
1945 664 745
242 1115 1539
1149 2843 89
2245 2252 1440
2103 996 1778
1470 1909 369
834 525 1366
268 906 496
1324 1470 636
2095 677 346
1459 223 668
2167 40 241
1875 245 499
439 83 595
365 2995 1802
299 1077 56
1292 2376 827
2013 1336 1327
858 1020 40
1438 888 1317
399 2691 1301
583 2979 1410
28 1896 1808
1868 2460 1327
617 2209 24
1260 1756 164
1466 261 24
1751 2274 664
2373 62 894
2192 2093 1569
1345 1220 1313
731 2910 629
644 492 582
1072 1750 1527
2074 167 353
1925 1489 1318
2188 1160 226
1374 579 211
1622 471 965
2437 2184 703
1925 716 1894
1485 30 1333
1279 1582 1265
1471 2129 492
234 2407 419
424 754 1068
2079 2702 1237
840 1707 294
34 1194 1040
2443 2718 1480
1371 2669 1447
1632 1520 1792
1234 2798 1906
1860 2953 1553
1744 2252 114
1891 323 787
2279 2724 1297
616 2839 1179
25 2719 1592
165 2411 830
393 1812 644
2291 1492 1999
755 1548 1441
2021 1366 1955
2304 1876 1962
960 79 116
2215 1015 560
1462 905 35
1409 2062 683
333 543 187
206 100 126
55 2382 356
768 1998 1546
0 317 219
719 981 248
145 2840 1462
1948 2530 1365
1508 1623 1785
331 2375 1941
496 572 1319
1478 1395 278
1372 2239 1968
193 2045 1816
571 163 295
636 2490 487
33 446 603
235 1097 139
2333 2170 1590
645 2354 1126
1623 2959 614
1226 1636 240
1894 1698 1961
2293 2362 1562
2111 2971 381
8 66 769
2109 67 1339
349 1489 1763
1738 1714 1598
2438 948 1530
1620 611 601
479 515 19
2129 1939 1057
1160 294 873
1515 315 1158
270 1005 652
1486 809 535
2348 2748 1665
1226 137 1933
153 148 183
1222 1174 1089
353 417 1111
181 2533 1334
2283 682 1093
1059 1565 76
237 376 638
1727 1835 1312
16 679 88
118 2386 162
478 919 1261
2397 449 334
71 203 1464
881 333 1839
1057 194 1807
934 1409 138
1482 515 280
1727 1296 196
2052 1439 1203
1052 970 1665
1485 1495 443
443 865 1949
1589 2615 1752
2050 1191 1467
2240 212 26
1997 912 314
1596 2589 543
1411 1580 1278
1038 2914 15
1476 2407 311
1028 2349 923
317 589 1877
1109 2052 1658
723 1115 503
348 1849 1312
562 777 170
448 1165 736
2441 2555 411
2406 413 684
607 1149 1228
622 1419 1382
844 206 1561
1659 2696 1767
761 2598 939
1630 2015 961
392 1995 790
338 2190 170
1977 2747 1096
1709 1213 73
179 924 1790
951 1654 1419
802 2484 1845
1153 2301 184
1778 1258 1227
1674 2906 551
1998 2250 313
410 804 1795
1594 22 1172
279 2631 1
1134 2021 1581
1157 2600 450
213 1717 191
1970 1843 119
1989 611 1446
253 1406 1030
2055 480 58
2321 357 1998
1932 1157 322
863 1635 1753
783 584 898
2458 1535 1389
305 2703 1621
2382 1969 1121
2371 2363 1583
167 960 37
397 2087 1044
647 987 493
1007 1918 1193
287 637 529
1819 2513 362
1963 2812 1861
113 645 1111
165 335 1790
1910 2447 363
1856 399 1631
379 1875 680
2452 1342 136
1401 1404 103
1795 2580 1071
1731 1567 1768
1436 2082 419
370 877 1204
666 390 1842
1821 1704 985
1366 1573 1240
2379 822 1058
1192 2330 1982
575 1371 940
2342 2314 603
671 1138 94
1379 2646 1168
1599 1533 818
1059 807 1150
1574 1705 105
2357 2252 606
2323 2267 1480
93 1312 275
2250 767 415
948 703 934
1570 1656 95
1201 742 1456
2329 2036 956
329 1576 1642
1339 2361 576
2097 2396 1510
1523 655 1909
1634 2418 630
1019 388 58
1415 1580 889
961 1973 1257
2312 1049 1891
2202 2688 1056
1330 1725 5
2316 2771 1557
402 2659 1662
942 1560 1564
1173 182 1447
1363 1004 627
1815 1530 1249
1896 1535 1832
635 95 1468
2377 85 649
1089 803 1162
703 2166 486
1390 2100 1487
2371 720 1521
1375 1354 835
1502 2944 167
113 546 1710
381 219 1420
2176 2366 361
1476 1922 755
1238 2001 1424
2304 2026 610
152 780 885
1013 878 14
1473 1302 1634
1020 1811 909
2041 1902 1414
687 2440 595
623 283 1133
1113 2846 509
1805 1983 74
1109 989 388
2300 1229 1903
1289 2352 725
2064 172 858
57 2943 1111
1746 1746 194
2435 2198 1633
884 2758 1658
112 1099 502
627 2916 120
2357 1241 529
763 1408 44
2392 658 1402
872 2324 1425
2426 2765 892
1241 1076 1294
2385 345 1611
442 2792 392
1735 118 126
903 720 294
95 13 1098
1392 2850 859
1991 975 1625
1293 1605 434
802 2023 1361
693 1885 43
1328 1922 240
1199 356 125
1189 488 1244
2010 1639 1609
2075 2236 818
1727 1524 916
1909 2714 432
2324 573 1464
243 2008 203
1328 2522 302
522 336 1547
1260 588 1794
1395 1450 1118
1732 1646 1748
1895 465 1193
20 600 1237
1754 2104 1832
834 2468 772
1346 2783 1254
1497 59 1355
488 2557 1722
227 1129 1973
1283 1005 1251
1072 2200 1671
1547 2598 1973
1569 1859 1428
2178 465 530
1456 1142 1627
503 1467 1751
1501 203 1884
116 2779 1214
801 2378 1859
1387 1714 1493
217 2860 333
2305 460 1376
1188 1857 907
568 2753 1222
61 2279 1836
2409 2962 1077
1356 1560 195
987 27 1112
1644 66 1351
1410 603 1604
1908 2287 650
1982 1674 848
1130 2570 1900
666 258 597
14 1143 45
316 1368 1299
670 503 533
1628 1637 777
2478 1767 1259
1891 1466 1415
1832 1770 1846
825 2119 1726
52 2451 1003
708 1593 378
893 1250 85
1870 2262 1641
439 2678 1952
417 2452 1201
1539 2806 1939
272 426 1884
749 1659 1175
105 2176 540
613 1184 1061
1475 269 660
1656 1711 1702
399 988 1664
1710 2735 1607
1590 600 1801
1670 1754 22
1535 1229 403
2368 927 1408
2451 677 581
1716 2647 1306
36 1944 797
559 1025 499
1405 127 813
1345 205 735
2004 1920 64
417 2528 1326
820 11 1716
394 1268 1529
223 1376 255
2058 280 718
982 2751 1281
756 1197 922
2317 58 1048
491 64 785
1451 1502 1336
2320 2428 272
212 2824 1160
1792 2663 1943
2294 2610 1564
219 2453 484
124 1791 402
325 346 1708
1046 2434 340
2097 2635 1436
1032 1448 1813
428 145 1255
1216 339 603
661 1277 552
461 1765 544
1448 1837 940
310 564 1167
1482 330 368
168 250 1871
122 571 1102
2384 1133 455
1173 476 1041
947 1080 85
811 1562 281
1309 1825 1054
810 2211 890
216 780 946
1671 1897 1095
1937 596 1748
1802 1120 1882
1507 2212 899
2456 2543 846
438 2915 1580
1630 1632 151
76 2426 786
391 1200 1156
1559 1504 144
447 1048 232
1873 1034 1552
1257 1342 759
56 2205 985
540 152 630
1403 458 456
241 481 990
2385 2487 932
184 824 967
1924 2260 60
873 745 1596
2481 520 767
151 823 1949
1716 2821 1813
1381 1916 699
2411 2345 1712
1721 975 771
1026 212 1380
2338 909 525
797 2571 1910
1658 2147 606
831 2247 131
2474 1650 1128
620 2995 825
991 2595 1131
2283 2440 1880
467 312 1714
406 674 930
1750 1069 1964
1010 886 692
972 682 123
1002 2467 1724
2179 931 1488
486 996 244
900 90 1657
2044 1281 616
49 1303 1442
1011 853 960
539 49 671
815 2927 1932
1912 2308 1444
190 1369 711
1402 2503 960
1348 1004 1570
1277 504 788
1291 840 1577
482 2984 272
1394 2947 1467
1207 138 480
770 2575 987
220 559 114
1217 2454 984
1169 136 1460
2120 2273 1724
1892 86 1695
2241 1952 408
1630 1233 799
945 203 529
910 829 753
1627 887 254
1640 1731 1587
1308 156 1083
570 387 1608
1758 2558 328
2479 1437 991
1461 2082 1496
204 1064 1206
2178 1528 1702
1109 2062 1910
1299 280 1476
858 566 93
94 1789 1445
35 1394 1645
1147 1891 1550
527 1726 635
1557 489 87
1303 2627 795
1157 1846 1482
2339 2957 497
1314 833 627
2260 2465 1903
552 11 1064
231 2656 1906
1842 1472 1143
477 2896 16
610 1313 1663
2238 2516 1563
749 465 1768
668 909 168
1522 2870 275
1873 899 114
483 19 1737
1760 808 1756
1039 686 935
548 1482 1140
1688 2334 1010
1373 1039 623
405 1961 847
413 7 1126
538 2613 1321
587 679 868
110 1056 1556
168 2863 1605
1718 2268 775
1846 1304 1814
439 234 1267
2181 1864 385
434 1082 1826
2140 2011 401
1013 1897 1880
736 96 1357
1619 756 1102
714 2356 711
1229 2636 1610
2453 658 1561
1702 1552 1194
1194 305 5
625 2994 39
1963 1982 1202
585 643 156
1422 2291 1470
2387 2169 1142
1589 2470 609
1588 927 1542
1329 1170 1288
642 1320 1334
1518 1863 392
511 1996 609
1931 363 1137
1882 2577 494
2490 1967 916
765 1314 522
114 76 426
1014 1145 1106
1800 568 1256
1909 1550 631
1234 763 1477
1745 2185 603
270 2409 1900
2438 1482 170
1751 1061 671
459 1872 1948
1718 1718 325
819 2583 178
404 1788 192
1276 347 1457
1358 1139 779
597 2198 804
1058 629 1391
1186 1577 977
1271 2901 1522
1759 749 1847
1221 1139 525
1144 1874 319
2158 1584 494
651 2354 465
1316 1404 25
2425 2308 1387
132 1618 1099
1483 2758 1475
1540 2828 241
2464 1221 1782
797 2600 515
1548 510 1463
624 2383 1955
575 2759 1745
497 924 1183
2007 2893 498
83 1128 169
32 849 452
1909 2383 63
888 834 833
2193 1615 534
451 1885 307
1928 2253 1544
2068 376 1072
411 382 1494
934 532 392
2072 1307 962
1402 1935 1085
1834 598 223
360 339 575
1894 2706 1330
1629 1864 315
692 1810 1608
710 134 1500
1639 2548 246
