2500 3000 1000
660 1367 559
2413 320 684
1669 1141 1357
657 1323 1312
2029 2124 2359
2098 1973 2005
1300 1133 1345
525 1638 2250
567 2976 2141
2376 2328 626
1442 1354 1541
742 256 1260
1177 334 47
416 1276 2150
1156 2540 1020
354 1751 69
1699 2760 161
2084 2495 1618
1275 2779 1064
1244 2531 692
1542 2232 1123
367 742 1595
1683 2227 1384
1857 258 1918
2298 920 588
1030 2544 1418
1455 2722 1414
45 2644 1375
812 2538 130
893 2497 1717
16 1483 152
835 1107 500
2320 1225 2371
743 2671 1025
1748 630 1613
1035 2542 110
438 496 1097
671 1557 317
399 673 766
1945 2750 572
1883 1875 440
1333 268 1266
1552 2279 1265
1408 2925 1153
1805 2953 1645
466 1027 78
1902 975 2096
419 1528 1665
1217 52 1852
1554 1710 2171
1042 812 2320
2244 1543 2485
1653 2146 1275
170 2704 1396
963 1733 425
2240 2294 1954
2055 2068 586
1653 161 2427
10 1233 1225
26 910 1060
359 2337 1833
971 2212 1743
1191 2744 1891
1134 2919 1642
1823 920 1879
876 2116 1918
88 2986 2068
1617 107 2377
1091 999 83
2341 1654 2413
2219 2214 906
2001 2116 388
386 2461 570
770 2064 696
2379 363 733
1495 2166 1697
1265 2481 1783
610 2430 517
745 568 1200
2261 2597 276
99 497 984
845 2667 1920
693 586 1356
242 1826 580
1841 2304 1582
1748 638 612
920 844 1757
1320 2182 677
555 2096 1935
2485 2978 1575
1261 1580 1113
1701 1264 663
860 1926 133
1950 2814 1626
584 942 444
456 1115 195
557 1350 737
310 1029 1351
2019 555 1451
2153 1733 1137
2212 1099 883
497 1321 868
531 1342 1434
401 1661 1667
389 190 1774
124 1619 1132
1383 2772 1246
538 2467 302
328 2314 1188
428 585 1067
2060 2760 1118
611 2500 1758
1167 180 1763
531 142 1498
1222 2791 1341
630 762 1787
1941 44 211
195 475 1671
2341 1654 2245
2446 1991 512
2421 2224 1311
2341 1654 1968
386 216 2448
937 1119 1849
1036 2557 760
696 1573 2092
2142 200 890
698 860 486
691 1590 2352
820 2024 546
1577 436 112
1056 2710 2099
2490 2378 767
1068 524 2149
1287 567 922
2172 2776 1467
1 2125 710
2247 92 2453
664 2223 2311
1406 73 1911
1406 73 2030
120 1730 354
1861 2725 976
648 476 1256
861 1499 551
5 646 755
2341 1654 2304
775 43 1013
1421 1175 904
1394 663 1503
843 709 2066
1191 2194 452
1396 2317 1142
1292 580 1461
256 2723 1592
1406 73 1866
442 1000 1717
1010 1467 805
2411 2829 663
350 1052 207
742 2305 2046
820 1500 829
827 1417 1348
289 1315 876
635 1811 1185
1406 73 2317
1004 1311 1175
2335 2130 2386
885 2812 1868
189 1456 368
2335 2130 64
449 330 2463
1342 2436 384
1730 1843 433
2187 2173 2453
74 2360 1956
1326 2571 1512
1768 2522 696
177 1963 1257
2454 2310 2055
1912 2685 1357
877 763 1480
1797 180 1673
121 679 684
2189 548 1762
714 266 2014
779 1707 1471
65 2943 1444
2420 313 1221
1093 2473 1681
262 204 2030
163 1555 729
1512 269 1061
1107 2214 2214
2197 2360 559
724 2044 2078
2487 880 256
2003 2498 1086
2332 817 1891
1291 540 2107
1826 1471 1233
1346 569 1288
1153 348 1357
401 411 2117
279 1372 1403
2162 1695 744
75 1012 377
964 965 492
846 456 1224
899 1463 2433
1910 465 1878
296 1602 993
868 1260 2371
68 861 303
935 2977 1340
744 1981 1550
260 1464 1462
1247 2838 987
1221 2885 2198
235 409 2325
1235 297 96
884 2526 2033
327 1936 606
2029 2496 196
1746 1507 2465
1121 2219 1785
2024 748 580
954 1899 611
358 61 2063
1455 2227 476
1659 1078 2039
149 1308 1905
1440 1793 1540
1138 2298 965
833 2275 318
1246 2329 649
1060 1126 16
1031 1711 301
1072 566 7
2038 1711 1996
1773 1488 3
921 572 2496
50 1833 1778
474 1300 2213
664 1397 341
1133 1142 629
2260 2847 1879
2318 628 2459
812 1419 2234
819 1959 338
1204 1488 326
1036 700 1576
46 2474 87
1613 1475 91
129 465 2436
537 928 990
1970 2566 856
1422 1364 68
1165 737 2456
675 1263 453
580 492 315
1123 1774 129
1666 2438 286
976 1262 197
1189 334 494
1324 178 2452
746 1316 958
625 1981 2225
1304 129 679
634 2280 2114
214 1618 1573
2337 856 2401
1858 1524 854
1424 2328 1669
1766 2068 1394
247 116 294
1068 2258 1327
1195 817 289
1387 1700 549
1369 185 1089
2420 1138 2112
2231 2406 2311
2176 2717 293
370 1479 1969
338 148 2360
1435 2974 1454
1186 1744 1958
1866 335 1308
1028 1683 1279
640 1657 1758
1022 807 584
2078 2540 1181
796 747 1398
1239 925 1841
2226 141 187
1522 2687 97
1758 2945 1946
1759 345 1772
1690 1795 1814
2209 1573 2012
875 92 1189
1173 1332 992
1352 396 1200
907 285 1457
653 1509 2026
1633 1804 2371
527 1336 442
1002 397 1272
414 1478 1271
806 615 186
1666 757 983
1300 943 1989
1943 2360 1428
1361 2474 2211
558 2927 1321
1492 161 1901
1719 350 1137
1224 2720 1793
692 2732 2057
433 2340 17
1595 2963 2279
1549 87 1482
1163 1503 514
305 1951 2491
918 1099 1231
1732 1608 1377
2499 2561 1653
1472 920 2293
467 964 246
264 2264 1475
1793 1585 1560
1691 435 618
192 261 2496
1345 1018 2450
1857 1501 604
338 379 1573
1621 2880 744
2473 1681 760
782 487 577
1363 1999 1183
1433 1631 1111
1491 2758 245
619 579 654
2083 1590 2483
255 2611 2200
2316 2082 992
1465 2579 780
1265 84 200
2467 442 1585
811 1469 221
304 1006 1838
846 2787 853
495 2443 857
1686 171 119
1077 961 218
2057 522 1877
1976 2663 1405
1357 1207 1018
2254 2279 298
2491 2308 1115
30 358 2099
1349 2137 959
183 2590 1933
1613 1127 1355
457 1246 1436
1335 1717 2432
2308 2306 1276
191 679 199
2429 521 530
1874 2079 1626
851 7 1776
2176 1371 1472
1431 2207 1753
2388 1514 992
1792 2014 1571
49 2684 2462
1117 1171 887
827 2581 537
507 691 1597
534 981 1214
1747 2083 1361
1487 743 643
910 493 2487
1074 1109 38
2311 2468 1725
962 2452 1392
1235 313 1397
2485 2800 1876
2417 822 799
1149 1947 131
24 2950 2416
1307 737 558
808 2563 232
705 334 1059
47 1370 1064
257 2181 841
543 2508 1103
1206 1471 2252
40 518 1161
1611 85 178
427 2577 177
1752 2286 1984
153 2751 2236
2332 1401 502
1560 760 446
2313 227 793
2485 1174 2361
858 368 1482
683 2884 538
1745 742 1426
1385 69 446
1082 2151 2463
255 1668 823
2137 2407 419
1911 1783 983
2270 1062 1101
2487 1814 499
951 1509 989
1951 2648 346
1391 2732 1923
173 1374 2221
170 1349 918
1617 2620 476
721 2760 1980
67 1677 1432
1246 1215 1013
2441 92 1033
420 2191 1168
251 1509 1730
1881 768 1605
689 2485 1220
201 626 2140
1882 2629 1391
683 2693 1188
683 1271 2167
1099 2393 1413
186 2172 2289
772 1734 1995
406 409 969
1523 1568 2450
1493 1938 2448
566 1359 695
1448 1004 1275
1886 2077 913
1588 2925 724
158 99 1937
893 2565 1721
1196 255 875
1426 181 1617
1176 2181 876
662 1437 1530
1023 467 2153
1472 919 1951
1058 383 442
469 869 971
1099 2084 2481
2310 410 1981
1436 1961 1815
1635 532 2287
2430 1171 1871
66 2749 2226
1937 744 2178
2497 2149 996
689 317 2348
1814 1438 1153
606 2182 1583
1054 2629 1473
1440 1875 227
407 1505 1783
2041 1672 2494
194 2590 1581
479 2840 484
2099 1979 1989
1075 662 441
2200 2896 891
1159 1878 1451
1294 2706 811
532 302 696
1125 561 1021
1869 955 30
548 1430 1858
2124 2368 31
1017 95 1754
335 1003 1420
1614 2360 198
430 255 1585
557 1571 38
1940 1253 1730
960 2183 477
624 557 698
826 2764 1663
2171 470 1440
2034 1811 1362
329 1349 2036
1566 2883 1540
1550 1478 1414
667 1520 864
202 2712 848
1088 1826 2007
629 1835 2415
1474 801 1750
502 2734 1848
402 224 729
2010 65 616
2437 2036 1294
1930 2806 157
672 2138 70
295 1987 1046
2409 1017 1468
951 1464 1747
2308 2791 1507
2460 1832 1725
366 891 2329
296 2613 1583
2491 1523 169
1120 1606 1170
564 2730 1575
1126 2507 710
2020 1935 521
588 1297 1513
424 1459 2297
2227 929 2238
1820 896 2250
568 1934 25
1994 2411 459
115 2195 609
900 2439 1677
917 1742 885
1212 2891 191
558 1002 258
2462 353 1142
18 891 1791
71 2774 206
136 1378 33
1218 1110 2290
1063 1852 1761
2100 1043 576
2381 2731 2253
346 317 1856
815 2426 931
464 1574 1062
874 2355 1181
1468 685 749
2200 1005 1629
966 745 1695
208 1046 1846
1796 1455 272
176 2957 1700
62 1441 228
1263 703 1812
2267 2485 1511
843 1826 2416
1945 129 1202
469 1588 2166
824 2733 1448
605 942 405
1160 103 772
2054 216 1121
1067 1532 2301
807 814 1623
1308 2916 766
1309 2124 2387
879 70 2293
1657 645 2256
379 1890 1468
2339 1919 1462
2006 1808 2106
445 1923 1191
180 1612 936
1913 528 1548
1751 2849 2325
558 2612 1470
2452 1075 1817
2087 734 1611
2021 335 2234
1305 108 2496
817 2499 440
1206 1133 2206
2361 2227 1141
1908 1940 993
1197 496 2449
1387 1275 2383
994 93 849
1643 2096 440
597 87 159
990 1106 107
1147 1143 1891
870 2338 2128
354 1434 1267
1723 593 1240
1829 287 647
2067 1222 1048
1536 639 1446
310 855 70
1165 2576 651
140 339 35
920 2274 1441
810 2485 603
25 1740 1946
1881 326 1527
330 497 1340
1766 1822 2078
2248 2740 1014
2479 2738 2424
187 600 1899
30 2074 478
301 314 1010
1087 2307 1924
674 1669 949
1876 2871 1628
1943 1487 1164
672 2637 524
1216 1817 1971
602 1371 1853
341 366 1855
2395 2731 1363
1799 2028 2231
1492 886 793
1096 377 828
1080 865 931
1515 698 1055
1572 270 421
498 986 44
278 214 1186
358 2286 2193
393 522 752
2022 263 1632
1379 2468 1621
2007 1818 2338
24 496 829
2370 742 1110
1708 1879 1831
1378 2826 797
351 1889 1341
1828 243 1772
1685 1091 2323
2221 2449 629
1372 2264 36
1483 1052 1402
422 1948 196
1165 2001 2049
2011 731 183
555 964 1322
1336 2259 2084
2371 2834 19
710 2974 67
959 1284 1370
1873 1480 918
2212 1566 281
656 584 1626
345 574 298
2328 704 695
1361 2816 1692
987 158 2333
1271 509 1452
1802 594 914
368 679 2155
1407 1564 2463
109 1206 1375
1444 68 967
2360 523 2017
1821 2235 1604
1347 1733 1858
494 149 1628
1314 1125 1102
2077 191 1130
2239 2018 3
1517 1857 422
1588 1247 2093
1479 1325 5
47 1750 1531
942 2927 1268
215 2857 859
1914 322 182
1622 2139 2486
1995 2724 1951
633 1075 1217
1243 1697 2191
1853 1058 1552
1585 2000 1672
2132 1994 1846
1869 2361 492
137 1320 1346
2352 1355 2117
528 53 1924
225 2527 645
476 2802 1590
2013 2964 2018
1971 1278 852
1444 1483 2433
757 2487 754
1797 1822 2471
1733 2670 1059
1643 2828 380
838 265 1817
65 979 274
868 265 2007
314 3 1076
2278 2938 567
606 72 1820
2337 237 1047
1224 1876 105
335 1382 1719
1870 1487 1435
2279 1144 1281
2423 1293 29
1482 825 406
739 2720 2340
979 2307 412
143 446 246
806 458 1556
225 337 1710
1301 2375 315
2344 2533 501
2075 1418 1877
1118 2301 1919
286 2344 551
2029 2679 1435
550 434 1012
1555 1963 616
2212 1305 2314
1762 1570 2435
914 339 705
1178 2288 34
1847 482 1357
2082 2353 2337
94 1634 183
17 661 2129
4 2334 53
2377 1018 2219
2475 2794 823
2272 1854 1097
980 1516 1760
773 902 751
1639 2675 795
365 1481 2380
677 2531 1754
2186 1029 1692
1870 1110 377
1016 1227 2257
2421 2872 1977
358 2181 1532
917 1480 403
2123 2406 284
1887 997 1518
2018 827 2290
93 1530 1908
1519 1255 1662
2218 2638 974
2204 2640 1413
2267 2271 687
2164 2586 428
2328 1459 624
999 638 1025
2320 2557 233
2317 1682 1106
466 1353 2056
2066 1312 446
1622 2619 1786
411 1688 2286
1266 1657 1987
2137 1561 253
1209 2 1328
1969 1197 1757
1462 156 206
2139 2728 996
458 2062 2406
543 1326 2218
230 1599 270
12 977 646
2116 587 2071
1858 2300 2068
626 2275 2359
2177 836 961
2456 1047 2098
2124 991 746
2198 2916 2297
79 2234 572
291 1996 491
45 549 1060
312 1398 2172
61 2324 378
662 1688 1072
690 886 553
237 927 1123
436 2190 401
1901 1006 564
256 1914 1922
1709 764 2003
744 764 2225
404 1269 1008
898 1438 387
630 2387 1287
1040 1054 1209
293 1948 2497
47 766 1619
102 2319 1941
2394 1266 1703
611 2267 1775
1017 2511 2481
1041 383 2284
1891 2282 1596
1630 2559 1774
2132 1336 913
347 2336 2296
2464 203 1960
167 162 2216
2289 950 1278
983 32 2219
2200 2609 482
1713 26 2371
794 450 1286
890 2142 1481
1425 406 1828
1561 2507 1416
1969 2249 1682
2448 220 1891
730 249 92
1335 2904 2298
2229 471 403
559 2525 2371
1670 292 318
2385 2439 1503
644 2991 1930
1487 2274 1223
2315 2433 1120
1476 2616 852
1898 607 393
1033 2281 589
528 1848 1898
1454 1762 1199
2037 2232 1448
1972 38 2302
729 2274 534
2117 2312 1349
1344 1933 492
1194 1787 565
1418 1809 2083
1429 2242 2227
114 730 923
31 18 2275
470 1215 2168
1650 2154 775
569 2868 1014
2320 2661 455
1923 2874 997
1093 2115 1124
423 150 29
2268 2329 2087
783 1823 969
652 1827 1820
1731 2311 1645
2121 2778 2425
764 1118 860
2243 50 477
935 1583 2077
2060 178 2168
2413 238 1281
1254 1224 1237
1275 1979 1721
426 478 1252
1935 1281 2196
2295 212 2105
1139 2882 1738
1905 1926 2198
1944 2046 2254
2192 1469 595
596 2836 575
362 438 752
1701 1716 1184
2494 928 581
1300 1793 148
416 1283 1487
1097 2573 1239
169 2323 1433
70 2531 2122
2462 356 739
311 338 1336
361 485 1964
1877 2758 2085
966 862 1767
1371 1832 576
560 1035 2010
263 1645 1222
254 614 2425
1490 2074 1207
526 1674 1645
2085 818 1279
2471 2477 1587
2085 2116 1240
1043 277 803
1436 1728 367
2193 1984 2155
1486 722 467
669 453 626
1469 106 970
89 2827 1374
1977 1251 2180
2141 1182 2170
719 1484 1230
246 397 2255
328 1422 2249
1568 2801 195
1077 2510 1648
791 75 160
2385 2892 659
1414 66 2185
1839 2610 1177
856 2600 1160
2173 782 1373
1781 1192 2009
2005 1673 710
1547 1305 1135
146 24 1856
1219 820 2304
620 1154 1366
2428 2417 779
2415 1915 2482
219 2774 2001
936 82 676
407 1042 1584
2349 300 2080
2234 1362 1334
1054 586 1173
2266 1554 1245
1644 2006 2420
1255 1274 764
1379 1776 1355
1814 2385 214
2006 499 1482
1375 2162 2146
2016 78 1372
1592 1121 1940
31 1427 2379
372 1543 1648
340 2624 1844
474 1585 2022
918 2819 69
466 2572 2282
1487 2302 1062
336 230 1877
1840 800 699
2258 1577 1305
295 954 2275
432 1546 1910
2345 1623 1013
989 726 1810
1401 534 371
2232 2357 1801
1085 976 1975
1892 1937 547
1745 2530 2460
763 1107 2293
1810 2431 1234
165 1783 444
1324 109 2278
966 771 891
1574 838 1231
299 919 1905
474 228 2316
190 623 1208
830 420 1135
1449 1046 557
2376 753 977
2111 2000 1323
264 1959 871
663 2639 1334
1465 2086 830
1681 1220 1069
1738 2525 894
749 926 366
1406 1725 97
2149 395 1236
1153 1898 1407
781 1416 2000
1990 1876 2385
920 1020 1882
1262 2644 1280
675 2465 1488
203 2649 1765
57 1633 1827
1474 1034 1178
29 1 2134
1963 1445 843
111 560 112
1671 874 1685
1784 1948 47
2485 2983 2313
2147 2799 2202
1874 2328 1647
1287 2224 2422
1913 1148 489
407 1536 2211
85 1615 620
1112 2737 174
1368 490 621
2441 1985 702
1683 2996 1876
1786 2317 1096
521 125 634
