2500 3000 1000
1492 1873 1417
693 1108 986
285 766 579
1433 1866 2635
2380 1549 608
1256 1968 1275
1031 1090 1502
1450 2454 2854
568 1274 889
429 2567 1220
858 2570 499
1389 2373 2748
941 2452 1064
1489 2909 361
2251 1276 2670
1183 953 2730
1900 117 1056
1085 969 2533
215 2448 468
205 2644 1827
1527 2571 712
2335 1455 1397
596 549 1754
100 604 1352
123 2027 2634
1819 800 905
1913 1504 872
2179 1845 137
327 1085 1928
384 744 570
1525 2861 876
518 2613 1085
662 1752 1888
2265 2921 2714
1040 1002 1739
2160 1430 2556
108 1875 1022
1132 621 1740
1057 2227 2921
523 1068 594
1840 224 435
1572 943 1555
779 470 2376
212 1315 1944
953 2217 1185
247 396 1054
1057 2227 2888
690 2644 1665
171 1150 266
893 2099 1610
1057 2227 2959
1582 1184 1166
445 2651 727
936 910 2810
640 2252 619
449 587 2753
1701 2044 2796
531 2645 1521
2440 186 2266
783 1513 107
2437 2091 1817
2440 186 2309
1928 1551 589
178 1408 344
457 2648 270
1036 1610 2439
1550 2516 440
279 609 698
2440 186 2091
350 616 1634
423 2673 1559
1842 2853 896
1299 1314 1684
1495 197 2318
1572 506 1363
1776 1399 976
1355 1699 2910
265 2361 2152
2114 409 2511
1009 2726 542
1610 2858 2993
2459 1449 691
2303 1260 1441
356 293 2939
1264 372 2775
525 470 1615
1348 596 2693
1963 2571 1834
1261 1394 548
56 840 2189
598 2634 1458
16 758 2952
2422 1841 216
903 2386 1654
90 1468 586
1600 256 501
397 788 519
357 1722 1039
1469 2706 664
1330 2360 2682
1087 1121 2290
238 1980 1116
1454 2787 420
1997 207 2846
724 381 2675
3 2050 671
1623 2706 1376
1287 690 150
2074 936 2367
1657 1746 2812
1696 355 1872
366 2987 704
1101 1013 2752
1579 822 876
1278 0 261
761 604 2782
1294 264 1947
489 495 1720
1777 2974 2740
1517 1304 668
1109 1720 2752
67 2444 2684
2255 2537 2260
1971 1825 2315
1946 912 2995
2387 1879 1778
2403 1819 2638
1021 1747 810
793 1012 2023
1874 251 2837
771 943 1845
622 766 222
2291 79 1762
866 1009 2222
1575 1654 1292
1263 443 901
2307 1874 2682
290 550 342
925 6 809
550 1062 1464
598 1541 2484
924 2663 1003
2229 907 371
620 7 1137
163 1708 783
1947 385 944
2283 2308 1838
1571 177 2892
1071 592 2032
1991 449 1620
428 640 1125
627 1890 2234
2011 832 2732
1578 218 484
1497 2311 1637
474 373 2269
343 1259 1373
268 1575 696
860 1849 2894
2288 1285 1487
2164 2397 1905
1854 690 147
1722 993 297
685 2875 578
372 352 2195
1516 804 1711
1424 2068 632
219 477 150
1709 970 1616
1881 1423 2006
2271 1249 309
2175 2101 1291
32 1932 1124
1976 1017 224
508 1253 2339
512 1025 783
1310 1726 1488
2454 874 599
1592 623 1871
1364 1662 970
2405 1306 1360
2461 688 1663
2400 1345 2988
1702 1136 1551
215 2221 62
394 1804 504
2476 1947 2121
355 1937 119
1287 872 1829
897 1932 149
2029 199 1018
160 2259 2447
830 1033 1472
1778 2065 2856
635 2097 33
1227 1189 861
146 629 1757
2131 1110 2194
1821 1655 243
1758 2214 2269
1380 777 2386
1416 2588 462
672 12 2193
503 2710 46
1249 2873 1159
2071 980 158
1405 820 1214
1053 2167 2042
32 821 949
762 135 2625
484 1769 1928
588 2503 2114
2393 594 453
2372 240 342
1001 1757 2470
300 2854 627
1283 140 20
1326 1810 318
21 363 2154
798 2799 1419
1033 1379 1077
1280 715 832
2170 2234 1289
573 2708 1987
1774 2126 741
662 1655 1362
1193 565 1231
578 1355 225
2315 2436 2854
1354 1654 2724
1098 2573 2248
1888 919 1819
2168 2507 2523
1792 2257 2821
2164 605 2113
2203 301 1316
1039 2013 213
866 451 2643
2023 1461 1420
976 264 745
1088 379 1240
2489 527 2582
97 1094 1133
2351 2529 459
2226 1119 40
1032 1760 519
881 1281 2130
942 2266 2696
199 208 1127
1682 20 20
227 701 486
1965 810 1880
2479 2456 1891
692 2199 2997
1139 1141 2778
2437 533 2292
1209 676 2310
635 1949 1009
1179 2738 659
426 433 1593
845 1258 2929
1185 909 930
1316 1473 130
1461 2929 2924
357 1216 939
1943 1172 1101
1479 35 2359
213 2767 2369
2150 2147 1042
1146 1289 1052
2146 1703 2739
1856 641 963
904 161 1681
1924 1289 1904
1530 1676 2552
687 1227 1147
2349 1475 2077
639 2614 166
35 1924 1425
974 817 2609
329 2666 2584
841 487 753
1246 2698 1876
1675 1171 2709
2147 1223 1086
1987 2918 2631
448 1769 1070
1249 159 2058
2008 2367 1335
2267 1014 2049
1535 2496 1251
2254 941 2230
1984 877 770
2121 2543 971
771 692 2262
436 890 1862
664 1289 2870
875 2195 1050
734 2152 2800
716 710 2400
2251 845 2698
2003 24 1173
1343 2711 1879
1592 1936 1435
8 858 1982
1741 2679 655
1662 2960 736
1486 525 53
2202 2468 1736
1207 2016 1785
351 1967 85
1725 2274 1576
2074 2426 1784
2330 542 1472
302 136 565
1531 2248 2479
1561 2905 773
2149 2929 2984
2345 1005 393
1019 2840 315
598 245 2344
1825 1928 2186
1340 552 1132
791 2918 2295
544 1988 2220
1529 2778 1800
783 1231 391
1525 2660 2897
307 1294 2723
2243 93 2835
1541 2019 336
2296 2286 2932
2259 2616 493
2342 2314 2512
293 0 175
604 2676 1680
562 2079 195
676 1297 1464
1847 2385 1428
57 1750 2004
1462 2827 72
1694 1275 122
1043 2363 1769
661 930 6
2211 1879 638
1731 2160 128
1197 2084 1757
1983 2912 837
864 1438 2117
1219 1746 1391
507 553 2519
1692 1318 970
239 2475 675
1136 986 1990
2124 1403 1618
2381 1572 1766
246 1820 482
1529 733 2814
523 1286 2989
866 1936 824
27 2519 334
201 2125 709
164 998 2684
1416 379 1770
938 2900 910
515 1862 1320
458 2040 2322
2212 775 2814
490 445 926
1325 1136 1809
1020 2181 666
2192 71 2611
539 391 991
639 1731 2458
1994 2038 1812
519 2145 2812
964 592 2882
476 1647 824
2334 587 69
1975 1509 157
2420 1519 1165
854 2431 1563
587 1972 2865
1839 2389 2897
155 2138 1113
2304 1560 2519
1600 911 2940
1068 1129 211
1844 280 2833
1969 2807 291
1675 1714 2754
2279 2578 1734
1826 1661 2904
537 769 761
1124 1032 1844
1393 2341 114
522 1867 536
791 582 337
1107 2446 983
302 1355 996
1168 155 2062
2142 1083 619
2491 1802 526
981 748 250
661 1348 2802
1742 583 703
2474 2786 2298
22 1837 2822
48 1840 1375
1888 587 984
1599 2958 369
1069 1310 2271
89 997 326
1577 13 2182
2395 2717 1798
215 1270 1515
1986 2393 2882
2376 1620 1547
1745 1660 1637
733 2830 2479
453 1859 1561
1561 1170 1346
949 482 505
1378 2400 1131
1696 934 1523
858 431 1226
2173 1954 2948
1378 432 1347
1708 2137 2149
2136 1572 432
960 2799 897
1985 142 562
2207 2018 1890
1773 400 1388
529 1227 2390
432 1169 2591
2376 379 2265
552 2472 444
2085 273 975
1740 324 1381
1211 620 2647
830 1837 2209
843 2211 2027
1072 566 328
771 848 1482
13 943 1630
406 2702 335
1017 2661 177
614 1780 520
1775 667 1220
2125 1279 1438
334 2649 1016
724 513 554
1185 1180 1582
1501 2983 1883
15 885 1083
1886 1610 2036
2251 1102 1953
1396 2174 2536
2383 2353 902
1038 2866 571
294 323 1114
2312 2328 121
456 701 1884
2348 2854 2226
2178 736 2376
2425 66 68
2404 2528 1111
1671 2966 991
1751 2446 1102
2153 2680 1784
21 241 2523
1192 706 2312
1103 1109 1533
767 2669 2898
556 1453 92
515 2324 2604
606 2564 456
628 2957 2530
260 2943 1429
685 2946 255
1027 2783 1417
462 1944 2723
1305 2121 2118
2482 2584 2626
1530 795 2347
1973 2098 1007
1113 932 2942
381 88 264
1458 2479 229
2165 2784 1451
1687 1744 782
1432 2590 241
1680 2788 1115
1244 1325 1516
918 2532 189
934 1602 709
577 2653 308
868 2797 199
987 2184 1298
1004 54 2043
574 1960 802
2041 2646 1063
2329 2359 127
486 1921 796
2330 667 1393
1716 1562 2605
1169 345 2052
1378 2508 2192
325 1432 9
1971 629 2910
2296 2320 2493
1807 782 676
2277 2045 1842
177 2680 1956
748 1579 1736
1255 1158 2209
86 2572 965
1983 1595 2141
1628 1762 2033
1543 32 2617
2303 2809 1306
1145 1355 2214
2379 206 1996
521 727 2170
1981 264 2168
2117 503 1323
673 120 1169
1911 386 215
2462 2240 2647
408 2390 84
2444 2656 2
75 281 2298
1122 1055 2537
2198 1608 1192
558 1476 1583
469 1665 2799
2330 465 647
852 882 2969
1277 1175 1927
864 775 1127
1627 2452 2544
2196 793 1885
1365 1848 1286
1494 606 2664
1968 2090 2172
1420 2328 2069
1561 2021 736
821 1077 2420
1835 2071 2121
1157 800 397
2425 2277 2146
1605 2997 875
953 2122 2130
843 524 2874
1591 923 1818
5 1329 1163
547 2451 2768
754 924 1544
1072 2963 310
1990 2515 1365
326 2056 981
122 2149 2554
1350 1888 2320
517 1091 1413
2015 1623 1017
1053 1228 413
2429 1321 1011
1435 1656 1906
505 2556 1720
1207 354 1571
713 1994 350
2156 847 1356
952 888 2480
265 2223 316
1662 1611 153
2096 2666 968
2426 609 2250
2129 2837 1451
2231 1430 2104
2251 736 389
2308 369 2199
2183 287 287
2070 803 2225
803 683 696
54 2616 464
1997 2295 2236
794 2789 1758
1954 1959 1865
241 2842 1234
2267 256 989
2033 2477 2358
1890 559 2488
122 2825 1824
2307 2730 2692
126 2480 1348
1589 1382 1492
292 1794 219
239 2414 2578
8 23 2749
126 2874 2822
1789 369 1294
393 197 1159
2144 2869 1649
2279 2709 903
1372 520 1357
2214 1106 446
1189 228 493
1615 1543 196
513 2515 2947
1416 2619 2262
1189 2824 2393
333 1434 1071
1049 1423 164
31 800 752
1096 1072 568
850 1737 387
1269 861 2769
2275 2629 1485
1110 1006 2960
288 1305 2682
36 2714 1721
1513 1065 847
2034 1300 2428
1902 2686 508
1344 1973 741
828 2937 707
1645 1697 225
873 2726 2265
1500 1955 1159
154 419 1876
2405 197 1676
19 2077 60
2348 226 2216
343 2585 1518
1771 1888 2191
1627 2199 1931
1221 2516 2167
1330 2897 391
769 367 1975
1567 2602 410
591 2545 2108
318 1171 2925
1484 1756 713
613 198 2981
1877 101 2083
1433 515 2405
152 73 457
827 252 1738
1285 2318 326
529 1188 1478
2042 785 1264
810 2987 2476
999 185 126
227 1440 2855
1149 2635 1431
161 1776 1381
560 593 2000
214 1145 2188
111 2776 411
695 2883 2519
799 541 1985
2171 593 2131
1412 1424 2750
503 2720 2090
206 2494 575
2476 707 2151
993 1460 1268
175 961 691
828 2458 684
171 52 1068
1263 2138 2615
2339 1234 2919
1067 95 2948
1677 288 520
716 1547 2447
1047 2413 2881
2321 2241 440
2365 2474 783
181 2158 1071
655 1897 2484
1091 2176 477
2219 1636 1070
65 640 2145
652 303 917
1931 1755 2632
1390 1610 1935
520 2236 996
2243 1631 318
2129 2564 1356
1275 2775 2616
87 2968 984
109 730 2367
424 1558 2181
1535 2552 751
1837 1805 1012
1002 535 1088
80 196 429
2108 2858 2332
469 402 549
1809 2321 2221
837 2327 293
722 990 414
1806 433 257
2008 1039 1803
1181 1990 1615
1310 1329 1304
940 1949 1510
506 273 1943
2243 832 1163
1296 2635 555
2254 1758 771
934 1535 795
1849 2875 789
316 2405 2523
1165 564 2707
306 2002 2324
582 2179 2104
263 2621 2265
1112 1356 1820
2242 1611 926
2426 60 1074
77 2921 2148
1595 2726 2857
2099 1921 1024
31 37 2508
1861 2015 2562
1667 467 2349
1219 1095 752
241 935 172
341 1855 692
914 1101 1768
1312 1730 48
2050 1075 2882
2261 2941 2061
302 926 1132
906 1217 2272
324 395 1465
315 601 1564
1373 1144 1060
287 2607 2261
994 765 2513
947 453 1443
458 2502 2214
452 2393 1116
367 1871 2783
741 811 995
2044 176 157
1788 2137 2824
1387 2266 1762
1968 2998 876
2348 996 894
242 655 1152
2376 2773 804
58 433 1256
165 1685 1924
1192 716 2980
2349 772 2563
1989 2733 67
651 2110 1708
2458 658 2509
2014 459 1052
1651 1391 2938
962 2993 1785
972 1465 1051
2480 1187 1489
2258 2909 1480
2264 1876 1378
158 260 30
1770 1518 297
18 1012 2345
2177 2770 1112
1523 173 2765
1995 1585 787
1399 1964 747
1566 2148 2901
97 1286 1402
267 2017 888
1437 568 224
1014 2203 2233
1260 2146 746
1992 1278 1266
40 1176 983
496 1744 1680
1663 2 1903
2055 989 877
82 2745 44
428 1865 82
1805 2743 1654
229 2892 2266
950 746 113
1737 671 2267
1154 2129 1884
120 1691 2429
2364 193 1562
420 1326 681
112 620 803
2122 2889 1630
109 2795 409
313 106 1257
2303 74 221
246 464 2661
316 2855 675
688 2089 79
501 1503 2881
736 1747 1589
2186 603 315
2371 1683 2213
300 2535 218
2015 328 1668
2280 2199 1296
1070 2545 1483
1040 2158 887
741 2273 190
1630 552 1710
2298 1649 2294
1287 67 2173
742 1590 2144
1405 2110 466
201 472 1977
1129 1870 2999
377 716 1903
1171 1522 2090
1683 42 2700
1181 2022 1591
2438 2171 1948
469 1409 152
393 2540 2385
1819 1165 1918
445 2176 167
1127 1838 2501
2105 288 1266
1231 1385 808
113 2016 2624
656 2434 2856
1888 1341 2931
576 469 2444
787 2877 2303
2001 2301 580
942 1456 2846
1271 332 2601
884 2336 14
401 1515 1535
1082 1148 1148
310 1778 2877
2059 1171 2850
1014 587 1417
1583 116 637
535 1260 1224
1175 662 1554
1238 1531 2415
749 1387 1847
686 771 213
1306 382 2504
980 2206 496
2497 2849 1824
400 835 2417
2498 1231 106
485 2384 2901
1693 235 1052
979 2027 902
507 1604 1312
1457 1632 2552
865 554 2180
1809 52 1012
2472 2057 1093
34 377 1220
2207 2703 433
226 2884 2550
659 2185 148
2273 607 273
2243 2932 2507
876 2196 955
785 362 219
1783 1812 1836
1863 2866 2013
2441 1324 2294
2121 146 1933
166 2330 2856
224 455 2715
1196 1385 2145
2205 228 381
763 2294 2541
55 2122 2148
1692 2716 858
2344 1096 2956
1859 1471 1132
1451 1808 2344
453 836 1221
285 2017 2103
1037 411 786
322 942 1667
308 1112 554
1383 22 800
531 1930 1270
2311 1569 1900
1032 1272 1540
1655 1457 2207
485 2626 2802
737 34 902
798 77 1924
2065 2681 1998
1803 1821 2811
2325 2493 2974
2046 2642 2966
1942 2053 1797
725 751 581
454 659 287
787 24 875
864 1846 2888
1655 1668 1684
550 2434 1412
2010 2507 401
350 1808 715
165 1825 301
403 844 1020
825 2125 2161
641 1947 1288
397 1327 2657
2337 2587 358
967 1103 2480
204 1151 2132
1650 432 2379
1420 827 980
253 1500 1690
1009 2223 2533
1025 2118 1301
155 2258 2930
2320 2254 1866
2322 1670 1528
434 1955 538
2277 1031 1336
748 380 1693
1536 672 969
2399 1024 351
1963 1982 1264
597 2231 324
1191 2636 2876
1210 979 2707
634 2389 1896
421 1248 924
1717 883 2094
1515 89 975
1997 1254 1953
1215 2967 1082
878 348 2603
2065 1165 2539
1438 1428 1689
2426 2983 417
1071 2612 93
425 2653 1702
179 1733 262
2398 2205 365
467 1728 118
2421 913 466
263 992 2630
537 1271 206
229 1868 2340
2145 2134 2182
2004 2039 825
1095 1888 2979
132 2972 1082
2233 2069 1049
87 2580 869
2346 1838 1719
1326 312 1418
2161 1144 1861
278 2768 2299
1095 1354 1839
1067 509 368
1254 902 231
709 2615 2913
1408 1722 167
1489 727 2796
1253 2999 1426
898 358 1654
2144 116 1463
796 1969 2996
1753 633 1373
893 2711 2482
1721 579 2275
2132 1204 771
682 1524 1295
714 1003 614
439 2504 2713
317 2485 1423
2474 2578 35
1775 2588 2961
613 555 2041
1414 1735 1790
142 657 2153
1008 681 521
444 2304 280
1067 1293 276
707 1175 2959
343 2908 1316
2232 2598 942
652 321 1877
2022 907 159
1748 1931 1896
