2500 3000 1000
226 2793 238
1763 2117 2126
1987 2728 1076
1878 51 1715
524 41 2311
2017 305 2442
1150 2589 2070
626 1482 589
1812 1903 269
853 321 2680
1904 855 178
237 846 439
251 507 842
1987 1348 2448
71 1580 2924
838 1625 2829
148 445 2788
1941 1601 2970
2161 2344 1835
1215 55 2632
605 2266 2698
2135 1872 77
1824 681 1998
1949 824 307
286 1063 2908
2032 705 2423
1303 2426 2721
1736 1499 2659
2353 674 2573
778 2930 1558
245 842 2970
260 873 1156
193 1035 1206
774 1211 1050
593 2968 2451
2123 147 508
1671 198 1731
389 4 1209
1145 2868 2003
5 2092 2809
1365 2582 2848
549 2204 852
1528 897 2411
1382 1961 1430
1032 2623 2366
95 432 451
999 710 2303
476 38 215
1998 2262 634
385 2615 489
2339 973 2266
2098 2632 2336
1848 1716 987
78 2409 2082
1375 1740 1804
1601 393 1915
1977 1613 1502
1767 2584 54
1236 924 2241
1958 2930 2477
799 188 1650
2222 1655 1869
272 2852 2276
2348 502 1407
1285 427 887
927 2265 2977
1087 824 406
1625 660 881
1361 2205 564
776 1184 635
408 365 1115
1504 1374 2395
2001 1218 679
292 2284 198
1990 2206 2570
386 1140 977
2356 1565 1909
924 2864 2741
198 851 2458
545 2362 2163
174 128 1674
1890 2406 2474
1683 2118 967
757 2434 1870
1851 1404 756
1024 2017 1363
2471 9 985
87 1471 1158
1242 545 2675
1549 2003 2626
455 2908 508
911 929 2900
848 1718 631
589 1161 2515
552 1818 2841
1518 1766 444
1938 1190 1612
2134 2930 982
141 1449 207
531 1700 2201
702 1272 815
881 2740 687
694 844 2344
2321 2162 2997
2343 1606 650
516 195 1445
943 2283 2853
461 2650 542
1937 1453 1874
248 860 1494
1061 1576 1296
1826 125 1903
784 1429 1186
2213 2815 242
1361 2022 901
564 281 1712
2186 2967 887
1947 1588 1171
1769 1934 2620
1132 675 1164
1181 2063 2577
2001 2226 2428
248 1993 1260
2213 2653 1922
752 1873 2959
1232 1881 2172
1427 502 456
19 1488 2382
284 2963 2945
1653 1232 268
29 1383 1169
1819 2824 43
231 1819 591
368 185 2049
2296 2351 800
552 999 1005
1314 2886 773
361 2733 2828
1444 1103 797
127 2555 1144
535 2027 332
931 2282 1498
1848 31 2379
721 2586 2041
897 568 2064
402 1875 1343
2202 1917 2851
1198 1728 989
1668 2179 910
1551 1189 399
928 1244 535
1195 2909 983
2167 2749 47
548 1866 857
110 344 1736
1362 1305 2206
106 1383 252
1839 2682 2768
638 1454 987
2113 1135 2856
1111 655 1451
796 790 1110
621 777 2111
604 1334 2332
1141 269 2148
1850 2621 2213
851 242 867
414 1608 611
1588 735 2955
749 1042 1359
713 415 481
1200 1179 1571
50 2050 2044
667 1971 2937
39 278 486
2142 1030 2418
1722 1604 2677
1380 2876 2057
2379 301 1845
1691 2726 2153
593 245 41
1019 2370 214
1868 1738 2560
438 239 755
184 533 1841
487 1508 648
1526 2603 176
1176 2685 2792
528 1525 2248
2236 400 2055
1402 2258 1984
289 1435 2024
982 1228 1973
2411 1883 1292
527 1115 2616
296 1953 672
2472 2516 705
220 2599 2573
2186 220 525
1277 1445 2333
1927 1200 2504
1314 1892 931
2012 1878 1344
418 865 546
173 996 2027
293 107 106
1425 1600 1292
753 2217 2981
1898 1955 1098
2022 2977 2205
2316 1477 696
171 501 2449
1769 1735 1301
1641 1416 2757
1816 373 1443
2305 77 1175
2484 1424 2329
212 2405 259
602 865 1433
518 1308 2187
1551 559 1136
260 140 2951
892 1828 941
1277 2161 1941
2077 2655 2847
2111 2787 931
573 1736 1821
2106 585 2931
1054 1408 2290
295 2686 1240
718 1137 2922
2432 863 2826
1437 771 2796
1948 2317 1351
1395 1179 1241
2379 356 1770
926 2000 1293
2286 199 2119
2317 799 2580
1794 2862 2116
1919 1433 2741
33 2543 1989
1740 653 2323
2157 160 2819
2242 142 447
2473 2364 2739
1194 1855 1677
99 2864 2272
2421 2432 2888
1280 148 1137
333 1517 686
194 1435 1163
1472 415 1810
658 695 673
2081 2654 2408
2091 734 1112
296 157 2099
1934 393 2342
1090 1893 1124
300 2926 410
1600 1760 1218
732 1726 608
28 2995 1377
1772 1896 2881
227 358 2387
1258 1628 1108
365 439 95
2487 2648 1689
2180 321 1499
1627 1135 972
1313 2045 2684
304 2649 372
2203 752 1294
333 2915 230
1026 337 1535
2484 960 1319
2272 768 2045
162 940 21
1894 1976 1094
1926 2353 2662
2250 1024 2609
326 1762 1886
1487 1428 636
1109 999 1621
2073 1316 2583
1663 2202 12
1294 1381 1506
1920 2554 663
2279 2126 2532
1058 1279 2794
1388 2535 253
583 2137 1400
833 1634 2470
782 2622 2023
546 2484 2162
1954 1551 669
1714 1402 1936
307 2038 2272
82 226 1557
151 2314 1111
2491 2824 1605
189 1586 1353
1704 1296 2529
1663 187 225
1676 2525 672
2017 564 2076
532 1975 2390
164 564 2461
1161 604 624
290 2559 1926
2253 2250 2337
1290 1569 78
1040 377 724
945 2419 2346
1249 550 1641
2259 698 2995
1917 2950 605
1007 378 1377
196 2547 1512
1129 899 736
1692 1889 723
2444 1215 1913
2470 590 1833
1681 2082 743
2309 1474 689
206 2375 2902
1903 2969 2252
872 1834 929
1382 654 2038
1480 925 612
2343 210 1601
1735 1762 2561
1908 1887 1181
1954 2839 1678
1779 2657 794
1988 314 2787
693 910 573
285 2767 570
819 1332 592
266 45 1690
1910 2676 1082
1816 626 2213
680 1356 2127
346 124 845
742 410 501
1555 1847 2821
2270 1744 2712
1530 2063 2069
965 1106 1380
370 1375 268
2241 2733 255
495 632 1595
90 1621 1149
1803 539 1255
361 33 1962
1976 2537 1304
1119 793 2036
156 105 155
497 987 1844
1451 628 651
2444 1655 1869
2353 1367 1739
1793 463 791
347 1510 2589
1884 1460 1847
2022 348 2405
2405 474 929
495 2577 2843
1697 2333 2125
1870 1004 200
1850 396 281
57 1791 2440
1815 471 2185
1205 2376 763
1818 135 2922
381 1437 2958
643 2930 2859
161 2605 758
1236 1148 10
542 397 66
2389 1856 1571
1171 579 1467
851 2906 2677
577 78 2217
2040 688 1569
960 2296 499
738 2321 899
1811 1268 192
1818 1215 426
2349 1282 2805
2362 1632 1400
1837 309 2562
978 1276 2232
2076 246 1577
1171 2085 2964
343 321 1638
2373 2288 1998
1751 481 1826
1795 1549 2352
112 1801 9
1981 725 689
1970 229 1176
2046 2086 1143
1854 2528 1199
293 1484 630
885 2499 2913
1509 599 2318
228 740 1914
1880 2547 146
91 30 1105
1661 1358 2611
1166 721 772
473 783 1483
404 661 2656
2499 825 25
910 721 1226
1561 2038 2642
1771 1465 51
1027 2538 520
988 471 1279
2271 2348 350
2446 643 2173
2300 1665 124
291 2774 72
2244 1913 1338
12 553 2854
1820 1111 140
2266 1465 2462
436 452 1683
555 189 2758
410 224 693
1574 810 2837
1756 2257 816
1261 2167 115
682 1630 2071
1182 2287 795
1917 139 1501
595 546 1954
1845 357 2325
1941 922 2829
457 1548 256
1928 1083 406
186 1052 1030
985 2910 1392
207 1690 1713
1112 26 1746
977 648 2728
168 2921 1102
987 706 364
1775 736 1946
231 908 1887
1976 1492 1420
461 2017 1291
173 1087 12
1220 2135 79
1114 771 1709
605 166 839
2305 1237 2416
1365 1892 2352
2343 1719 1522
2165 473 631
532 1477 1939
1253 74 2229
1321 2880 1823
2399 1418 659
352 1338 2155
1007 1804 1942
2316 1924 1841
2387 2014 338
1597 1126 2323
601 2252 61
240 2164 2776
365 944 2275
2000 1243 498
1849 992 2573
1381 2098 67
728 531 1610
882 2059 1897
316 815 239
1081 2214 620
2458 1857 2092
562 1897 2598
2114 1448 1284
353 191 2567
1133 2319 599
70 943 2267
280 2666 2967
735 2842 1913
1144 1451 2837
571 2466 614
1634 2977 1326
2452 469 679
2030 2915 489
1919 747 2601
2015 1574 202
181 1324 1723
1091 2822 2421
1056 436 1251
1775 154 2259
1151 2490 1581
1215 325 2461
91 2112 331
1856 1236 436
2398 1740 2432
894 255 1566
2464 2860 1742
1570 1845 1783
2260 2845 687
26 2348 1943
471 1871 1503
931 1609 1682
376 2944 2471
352 1423 302
2149 864 302
774 2950 1123
1910 2113 691
647 2783 2676
925 2875 1499
2109 1302 1404
1390 2241 2118
814 1569 2496
2089 150 742
534 562 780
1705 241 441
2152 2331 2347
1752 256 2245
806 715 2692
1144 2292 1765
2100 2363 1106
317 76 2276
2107 2763 1401
2323 478 987
610 2929 1060
1943 2111 1345
1830 1084 21
365 1891 355
660 2318 2731
1098 2997 1412
783 123 2390
1 268 1667
515 1486 954
555 1840 2258
795 2657 2207
1836 2126 73
2499 996 201
630 2323 1148
1314 1852 1149
790 288 2629
429 2577 429
568 2070 49
2133 311 346
294 1236 2522
1264 796 1074
4 568 61
2351 2069 1858
1652 777 129
113 2615 2534
1619 209 1497
2354 2577 2155
1009 1176 372
431 2826 23
190 858 1149
778 2838 1809
313 2552 871
755 1521 2852
2344 1473 1529
1494 711 2973
1759 650 2716
666 1348 2472
778 2742 2691
2004 2432 2482
1844 2436 1112
1811 393 1073
1499 952 1125
2272 559 1444
737 1904 368
100 592 2640
118 2233 329
2431 496 940
2420 2018 2723
477 1978 1482
1641 2236 2142
599 278 2481
2106 2226 270
135 448 566
67 451 379
901 2077 2482
241 1915 1756
349 2137 1590
2464 1637 671
1132 1933 2223
111 433 1860
16 79 1514
232 1107 379
264 2570 428
2116 1229 2256
428 1275 2572
4 652 722
252 727 953
32 1375 412
1063 81 2418
2044 927 1769
1969 2293 2519
2164 212 1989
2482 168 1647
2192 1834 55
1589 1759 187
2176 1851 1885
19 977 1494
2066 2010 2791
473 2518 1921
234 2455 1203
2096 2247 2441
2443 2264 2744
203 1263 1121
219 2055 143
1208 237 1418
2415 785 1466
2207 895 1093
2282 988 815
1291 2323 1673
961 1451 2176
1249 2602 854
1050 551 1133
1865 2211 2278
2167 2547 505
470 155 1374
1117 2607 301
1322 1406 88
2333 2999 1383
1092 848 1036
1854 1812 1263
314 187 38
114 2817 2902
1475 2800 1582
1854 588 1354
1710 1576 523
1109 2147 2140
1329 503 2040
1509 1375 2022
487 2588 2781
1274 1913 1942
523 2053 2778
2399 1523 956
816 295 595
575 172 2584
47 162 2212
778 836 2976
11 463 650
1130 1160 5
2056 1404 2788
1826 2522 350
1092 549 2201
1289 1424 1745
1220 1078 1610
1948 838 1970
987 562 217
1729 132 2693
2099 1242 325
1248 21 1571
778 1931 1159
161 2407 1927
2350 1553 901
2297 2072 225
2033 2933 1913
1671 2988 2034
1753 548 602
1522 700 1856
1826 1143 25
2139 2413 1096
1694 207 1473
2154 1542 859
1485 2062 209
754 1830 977
1155 1403 1080
1205 2902 36
1101 1222 1184
1638 956 2569
572 2404 678
911 90 411
2048 966 1952
2344 1693 2531
343 26 2054
347 2271 116
2201 4 2011
2262 2116 901
2148 441 2799
1267 2852 942
2013 1183 203
624 2988 441
1803 2147 55
230 2595 33
53 1604 745
1909 1135 1339
743 871 1159
106 903 588
872 1852 142
2321 1125 597
119 1099 200
410 2946 2709
969 846 935
522 1859 2866
45 1440 1305
415 2994 1245
1201 2402 843
2051 48 827
544 2400 2325
806 739 1757
819 1855 2999
2006 2477 1281
571 625 256
20 2188 965
1743 772 487
70 316 817
988 1007 1474
1837 996 578
1784 1473 336
1141 2362 2374
1951 1527 560
1174 417 305
2331 859 826
936 1868 2995
1915 1327 81
1148 824 927
1064 1117 1624
142 1466 1330
2471 2117 2468
2120 1166 1729
1626 2285 1406
2095 1468 2900
2164 1459 2585
529 1796 189
1037 1291 1434
980 549 2629
277 2228 1403
2193 171 222
1505 2316 35
109 2311 615
1529 2871 2338
740 371 2730
1990 1499 2814
963 1806 2711
252 1554 357
1099 194 860
429 1917 1773
495 1586 1796
2354 1723 114
1317 1584 1504
1378 165 856
1627 2227 396
75 970 1847
2489 2913 378
574 2754 1628
1288 2365 2785
1914 2368 1131
1857 1307 630
1824 98 930
695 1278 1380
2375 1233 2124
1234 2470 1282
1302 2590 1872
419 64 949
1484 2349 1655
2309 1550 1178
575 2823 1150
487 235 1745
1623 444 282
896 570 1747
190 417 2065
774 2471 1478
1958 231 1340
1989 399 2210
1993 1311 1547
2097 217 799
862 1743 1621
534 2922 2719
1557 616 1340
527 2968 170
80 2922 1410
533 2010 2233
6 375 526
2477 450 2375
500 889 2535
451 824 1551
2089 1662 1055
1397 1437 1231
98 1676 1096
686 850 2901
2032 250 2713
2491 2254 281
1115 35 2924
1210 721 1610
2196 1686 22
2 2097 1707
172 1141 2705
635 455 539
750 2882 2092
1497 2548 1927
644 561 323
1348 44 1727
1889 1192 951
511 1393 2612
201 1801 1223
682 2282 1016
390 1155 2310
193 2540 2926
2239 1543 2360
2415 2231 946
183 1292 2550
724 1261 2574
1043 1652 1211
771 2194 38
844 2652 2207
170 82 1322
748 1697 2986
923 2842 297
595 1883 1390
188 1160 2654
1474 1993 233
1717 1570 1757
2426 953 1354
2329 1073 1309
1473 2185 1524
281 2961 1202
113 1793 2423
1723 2650 1186
193 663 2299
454 2527 432
359 2184 1431
2425 1915 2083
1771 1195 2945
2007 1213 427
1184 2849 500
749 1421 1392
1123 1108 1698
1290 161 923
1541 1383 2822
1618 367 62
573 2534 400
632 2731 2406
801 184 1702
138 1056 1334
1878 1209 2030
289 1272 2508
927 1305 2454
2044 2985 2220
696 1816 2668
1826 1685 1500
1213 1920 625
76 1588 2791
1210 2431 384
718 1520 696
2242 1644 1214
1882 2810 1265
1986 1993 1401
932 1283 267
1628 1307 1973
944 2248 2160
1580 1935 2916
912 2983 938
977 1419 1536
2482 2673 267
674 636 925
1757 1534 210
1879 1130 2292
1780 2299 1204
656 1091 1161
293 2441 327
1734 1609 1028
654 2617 509
111 2474 1743
2345 1657 1859
2083 753 1914
281 1585 734
1956 1332 1055
2043 1909 2383
972 1849 2667
561 1149 675
1809 2175 2051
1308 2539 2173
1727 316 78
2291 2332 1751
1979 1436 2217
1890 2883 1234
2035 1599 2239
2004 2978 1463
2427 297 540
2267 1281 2700
2211 116 583
1242 388 2579
290 2347 1428
1830 2545 2983
920 597 1073
116 213 837
178 2298 1897
157 1172 850
366 2456 1799
386 1705 2308
1279 14 1032
453 198 189
2092 1756 2455
386 1509 1872
2411 480 2848
50 442 2572
431 639 1132
546 899 2997
932 2595 572
1838 1576 1412
2273 903 1858
1549 803 2836
1629 2667 2021
189 2039 1302
904 685 2462
501 878 1238
202 2946 411
2184 2136 2298
431 2484 2643
241 324 1130
90 2466 1788
9 2662 2808
2245 1382 2215
1376 2169 2163
1663 2400 2593
1612 2832 2656
1415 859 2200
1436 269 2823
929 667 2234
748 1637 2814
204 753 1003
930 2791 1213
786 2590 2051
947 2375 760
1691 2180 2558
2148 1893 70
1606 2054 1876
832 704 584
797 627 2142
1726 1385 2771
310 1488 992
1251 822 2741
236 993 1048
2299 859 1313
741 2145 951
735 537 1437
235 2268 1702
1625 1456 1316
535 2003 915
1271 402 2475
866 109 136
1131 2459 361
77 1158 1496
2273 1091 1792
1893 1847 1026
1498 1507 262
161 749 1068
1683 412 2317
9 1371 42
37 814 1391
1657 799 281
2420 2225 1018
53 1533 1629
2192 327 1741
2250 1202 1602
1531 66 2511
388 2821 1181
2397 2881 498
663 1746 2790
646 1718 2329
1274 1759 1745
2266 1579 913
2176 2359 2696
1172 1419 1084
1184 139 1912
1939 1990 1702
1512 367 1361
2138 1984 2581
568 1323 2926
2142 542 191
1746 332 16
1235 1454 499
345 1714 2290
2065 256 1502
1565 2065 858
1555 2333 2113
1670 610 2317
2083 2101 264
1142 2319 2939
788 2605 566
175 2002 2128
986 2342 1777
239 1351 496
474 448 2416
216 1914 688
1872 2728 259
1286 1342 1088
772 2931 1455
862 1861 1038
1164 2594 688
27 1298 1593
1557 813 2324
