1000
0 -48
1 -53
1 82
2 -37
1 58
2 -62
6 -52
7 23
7 13
2 36
6 71
8 -24
6 75
1 20
11 -52
5 -16
12 39
15 -18
17 88
16 -94
15 58
2 -72
4 84
10 -4
7 -35
3 71
11 -44
13 -37
4 63
27 40
7 59
2 -92
27 -19
12 -25
31 -67
11 24
31 -56
6 -59
27 -48
24 -70
7 -61
8 7
39 12
29 81
34 -83
34 58
37 69
32 56
17 96
9 36
12 -78
6 28
16 -91
2 14
24 -47
30 81
54 -61
42 -91
10 89
26 -27
16 20
24 42
24 -29
25 23
60 -72
29 98
47 -56
56 -78
32 17
54 -61
16 4
10 -67
7 -71
67 -77
13 94
62 64
66 95
9 78
66 -23
22 84
13 -9
47 19
33 41
24 60
82 -31
60 29
48 25
40 -98
48 -25
79 5
16 48
78 98
48 -42
21 83
88 -23
86 17
91 -1
53 62
73 31
77 -8
53 -70
41 59
60 18
64 -63
44 42
14 -55
58 10
74 16
102 -41
54 55
91 -42
92 -24
78 3
104 2
105 15
34 -37
95 -2
96 6
112 54
69 17
22 -37
38 76
60 -65
114 -41
48 -35
101 28
124 -10
11 -8
55 84
51 61
120 -23
35 -8
127 -51
67 -49
107 -64
43 -42
116 -32
98 79
73 -42
127 -94
66 -10
44 15
92 -39
93 62
3 -62
142 17
116 -78
78 58
8 26
149 89
125 41
47 7
49 -74
98 70
46 69
85 -12
113 -75
48 1
150 37
117 32
76 -33
105 -1
96 69
15 12
56 40
127 -100
129 -23
75 -4
41 52
101 36
68 -8
24 -17
139 -49
150 33
87 64
28 4
11 -79
73 1
52 -37
174 57
122 -23
27 -76
127 64
178 -63
136 25
150 3
108 78
13 100
49 7
18 -91
164 4
116 100
179 -10
138 -76
83 -94
125 92
166 -32
59 51
166 96
99 26
2 -78
185 2
1 41
145 -70
140 50
21 2
62 -47
35 -67
40 -54
192 57
143 1
80 73
179 53
124 63
92 -88
90 82
67 71
217 63
174 53
133 -60
206 -92
13 -55
178 100
163 54
206 37
113 15
44 13
117 3
131 -33
11 43
214 61
70 -47
63 96
190 16
80 -5
141 92
84 28
190 3
235 -88
7 -8
201 -65
133 -74
229 -98
211 -75
69 -27
224 -17
5 -44
14 55
130 58
235 65
44 -94
41 37
139 -31
174 -56
241 70
202 23
82 -73
197 -67
130 68
127 48
257 -90
55 -90
136 -8
124 -76
104 79
25 -83
220 96
95 -42
165 -7
214 54
225 -28
9 89
14 -82
94 24
67 -93
66 -26
39 88
5 65
176 100
114 7
133 0
34 86
39 -51
80 68
208 -5
243 2
119 86
275 -64
224 -79
79 -5
149 47
124 64
91 1
24 41
144 3
229 9
285 93
12 100
249 -53
164 -87
34 -20
268 -50
286 -21
92 64
200 -84
165 -66
189 -59
85 51
61 -58
291 86
75 21
194 -15
260 37
258 -59
281 -70
94 89
253 -9
168 -41
318 88
127 -20
152 -11
17 -57
261 -24
115 91
121 -24
165 53
304 19
223 -64
142 -90
304 32
15 -21
36 -4
135 68
210 89
208 -31
36 27
181 42
41 -79
67 8
293 13
235 -85
273 24
46 61
108 -99
328 97
18 -2
230 86
275 76
170 14
310 -1
73 93
129 9
3 -61
207 43
158 -53
280 -94
187 67
219 -72
44 100
80 -1
276 48
6 -11
13 37
258 -79
80 -99
268 41
88 -40
327 -57
214 -36
103 1
162 32
333 59
57 14
224 -72
359 80
207 -80
191 -26
180 76
123 51
208 -22
43 -75
8 -99
365 69
315 -87
3 -33
346 -18
57 -4
293 23
234 29
336 13
271 -27
68 20
309 -22
64 -56
47 68
14 66
146 -56
316 39
238 -98
176 43
300 30
314 74
372 -28
119 -50
188 -76
64 -55
117 -75
248 5
211 -26
386 78
330 90
51 -63
160 -24
341 -34
200 -36
288 68
182 60
175 88
289 -54
229 40
4 76
199 28
405 -63
173 27
155 0
187 -71
57 33
356 -33
235 77
251 32
274 -57
431 89
294 -96
382 75
105 92
145 5
22 -61
142 -86
176 -39
325 -29
179 62
270 31
407 -22
187 -84
114 -19
154 -54
304 -92
131 -82
382 9
330 -45
220 -40
91 66
127 88
414 43
432 23
286 44
37 -77
205 -50
109 78
38 -66
33 14
116 0
350 -47
115 5
388 70
426 -17
349 -5
130 -56
297 -60
389 -82
298 -88
398 -37
223 -23
431 -21
270 -90
265 -14
84 -26
243 42
75 13
133 55
314 -51
160 -61
312 8
106 0
445 18
260 61
263 -90
173 -55
227 -86
442 19
7 -93
438 68
23 37
386 -71
98 22
250 -25
326 -14
63 93
462 -26
102 -43
84 -14
139 -45
26 68
255 89
447 -33
164 1
4 57
173 38
349 -32
386 8
362 3
190 28
20 50
158 5
304 44
115 79
508 74
287 70
346 -22
247 -82
245 58
337 -100
338 38
307 -1
456 31
7 -99
341 -50
32 43
284 17
297 -4
117 -82
417 -21
79 -70
60 18
200 -48
306 61
419 72
195 -65
391 -60
204 42
483 -74
492 28
56 -61
267 -59
174 18
254 -2
444 -3
181 -17
111 57
345 51
17 39
170 -8
539 -73
364 -35
354 -50
4 85
366 95
419 95
35 -76
49 31
150 -82
123 -68
338 -13
435 -23
298 -18
192 -66
142 -1
29 60
467 -20
63 67
493 -21
128 -18
205 -51
137 -5
19 73
129 -2
487 71
297 -83
536 -71
432 -97
478 58
9 5
466 -37
29 78
278 19
109 -39
131 60
571 -80
105 57
34 -100
258 -13
371 25
116 -62
196 -51
35 96
465 52
517 -55
484 -28
594 -46
530 2
127 -5
281 -24
518 -18
462 95
304 -29
246 -45
199 -100
1 12
371 -88
9 -87
66 -3
285 81
93 27
225 37
425 -57
381 20
148 48
533 -56
370 47
134 -39
19 -50
461 1
49 79
167 -36
455 -23
233 21
167 -87
78 -98
528 -40
387 -91
24 20
393 27
520 9
110 -47
630 13
330 -76
634 -25
612 -31
495 -67
556 -14
212 83
509 -19
387 -68
353 -9
209 99
129 53
628 -13
316 -86
151 58
444 72
315 -96
123 -94
601 -91
570 3
530 91
640 97
366 -86
389 -64
528 -30
320 -99
387 64
533 -88
569 -20
296 -57
253 -2
326 74
4 -81
45 -60
428 -89
147 83
107 -67
53 95
616 11
1 -11
659 -16
471 62
564 -21
643 76
56 62
447 33
653 43
357 58
636 43
659 -100
668 -25
379 95
389 -18
254 100
552 -57
488 -56
92 32
7 83
579 -94
612 -24
678 -70
432 -67
653 72
75 -63
466 66
55 63
463 -63
651 4
335 60
398 37
657 32
18 94
428 70
646 -66
672 98
173 -86
52 -40
290 13
360 -65
242 96
151 8
118 42
370 58
403 -91
594 -50
367 8
663 -75
246 -88
26 37
7 43
431 40
263 34
94 14
400 -21
82 -58
198 62
577 -61
506 60
514 -37
389 60
101 25
250 97
238 71
98 -7
291 -56
250 53
475 73
278 5
91 -28
520 -86
727 -6
105 38
450 -34
4 3
637 -31
392 -99
731 26
288 -40
74 48
585 53
491 90
500 -42
594 -45
245 20
749 38
623 45
59 -4
32 -94
557 -41
482 -3
448 -38
144 -59
240 -85
483 -85
159 36
599 71
604 -22
77 54
359 -13
127 1
249 70
674 -71
394 71
162 -61
465 -3
559 22
780 64
120 -66
607 -24
655 -99
305 -98
596 -49
463 73
84 -97
262 -4
640 54
634 -20
390 -27
696 -57
40 87
285 -98
234 -45
651 98
47 85
508 29
544 -66
516 -77
576 67
709 -4
160 25
671 -25
796 46
775 -40
644 -36
530 82
710 64
773 49
303 -6
627 -56
800 -67
644 -88
74 52
620 -29
524 -80
495 -82
800 -54
2 -72
281 -21
475 78
604 43
354 12
170 -32
308 -4
509 11
102 -47
137 48
491 67
370 89
766 88
617 54
112 36
835 -23
419 28
378 -64
435 -55
100 -73
285 35
604 2
733 -40
655 89
462 -20
127 52
74 -22
724 -10
716 24
149 5
24 -5
538 49
94 -29
92 -81
46 -86
429 91
727 -32
679 65
565 -38
514 -71
49 88
407 60
461 92
85 -30
459 19
381 -72
407 -92
385 74
660 54
47 -86
516 94
596 81
180 38
806 58
192 44
728 63
525 -70
535 47
376 77
567 43
687 -15
801 -45
8 -44
870 -77
443 41
500 48
526 81
47 -4
753 -54
583 3
242 -16
722 -88
601 -10
875 -74
256 -47
442 6
429 -59
172 65
798 -66
259 76
812 56
450 17
380 -69
210 8
792 -55
302 -15
72 74
632 -92
560 46
782 -85
628 -67
455 44
839 55
7 61
830 -57
207 71
619 -88
266 65
69 -13
835 30
366 -69
728 96
707 -17
117 -29
316 5
357 -99
85 -83
367 40
898 -31
458 -67
250 -76
582 -99
152 -28
110 -70
383 -63
768 91
760 -10
258 52
382 50
807 90
592 64
385 1
926 4
606 0
931 -51
722 -1
877 -81
748 -44
948 -63
921 -11
657 47
676 56
832 -80
630 -22
62 3
499 -95
852 71
689 21
32 -38
620 87
236 19
576 22
635 46
634 -7
729 -76
495 71
705 8
428 -4
139 61
693 -99
467 -38
704 59
512 32
660 -95
584 6
380 73
435 -52
529 46
250 93
899 -30
904 25
698 68
576 69
980 -92
718 -66
140 -87
109 15
785 -61
231 -87
102 -4
934 -10
421 41
842 -53
557 33
265 78
528 -98
878 86
38 18
164 29
510 -66
