2981
3000 3000
1 1 20 20
2 2 21 21
3 3 22 22
4 4 23 23
5 5 24 24
6 6 25 25
7 7 26 26
8 8 27 27
9 9 28 28
10 10 29 29
11 11 30 30
12 12 31 31
13 13 32 32
14 14 33 33
15 15 34 34
16 16 35 35
17 17 36 36
18 18 37 37
19 19 38 38
20 20 39 39
21 21 40 40
22 22 41 41
23 23 42 42
24 24 43 43
25 25 44 44
26 26 45 45
27 27 46 46
28 28 47 47
29 29 48 48
30 30 49 49
31 31 50 50
32 32 51 51
33 33 52 52
34 34 53 53
35 35 54 54
36 36 55 55
37 37 56 56
38 38 57 57
39 39 58 58
40 40 59 59
41 41 60 60
42 42 61 61
43 43 62 62
44 44 63 63
45 45 64 64
46 46 65 65
47 47 66 66
48 48 67 67
49 49 68 68
50 50 69 69
51 51 70 70
52 52 71 71
53 53 72 72
54 54 73 73
55 55 74 74
56 56 75 75
57 57 76 76
58 58 77 77
59 59 78 78
60 60 79 79
61 61 80 80
62 62 81 81
63 63 82 82
64 64 83 83
65 65 84 84
66 66 85 85
67 67 86 86
68 68 87 87
69 69 88 88
70 70 89 89
71 71 90 90
72 72 91 91
73 73 92 92
74 74 93 93
75 75 94 94
76 76 95 95
77 77 96 96
78 78 97 97
79 79 98 98
80 80 99 99
81 81 100 100
82 82 101 101
83 83 102 102
84 84 103 103
85 85 104 104
86 86 105 105
87 87 106 106
88 88 107 107
89 89 108 108
90 90 109 109
91 91 110 110
92 92 111 111
93 93 112 112
94 94 113 113
95 95 114 114
96 96 115 115
97 97 116 116
98 98 117 117
99 99 118 118
100 100 119 119
101 101 120 120
102 102 121 121
103 103 122 122
104 104 123 123
105 105 124 124
106 106 125 125
107 107 126 126
108 108 127 127
109 109 128 128
110 110 129 129
111 111 130 130
112 112 131 131
113 113 132 132
114 114 133 133
115 115 134 134
116 116 135 135
117 117 136 136
118 118 137 137
119 119 138 138
120 120 139 139
121 121 140 140
122 122 141 141
123 123 142 142
124 124 143 143
125 125 144 144
126 126 145 145
127 127 146 146
128 128 147 147
129 129 148 148
130 130 149 149
131 131 150 150
132 132 151 151
133 133 152 152
134 134 153 153
135 135 154 154
136 136 155 155
137 137 156 156
138 138 157 157
139 139 158 158
140 140 159 159
141 141 160 160
142 142 161 161
143 143 162 162
144 144 163 163
145 145 164 164
146 146 165 165
147 147 166 166
148 148 167 167
149 149 168 168
150 150 169 169
151 151 170 170
152 152 171 171
153 153 172 172
154 154 173 173
155 155 174 174
156 156 175 175
157 157 176 176
158 158 177 177
159 159 178 178
160 160 179 179
161 161 180 180
162 162 181 181
163 163 182 182
164 164 183 183
165 165 184 184
166 166 185 185
167 167 186 186
168 168 187 187
169 169 188 188
170 170 189 189
171 171 190 190
172 172 191 191
173 173 192 192
174 174 193 193
175 175 194 194
176 176 195 195
177 177 196 196
178 178 197 197
179 179 198 198
180 180 199 199
181 181 200 200
182 182 201 201
183 183 202 202
184 184 203 203
185 185 204 204
186 186 205 205
187 187 206 206
188 188 207 207
189 189 208 208
190 190 209 209
191 191 210 210
192 192 211 211
193 193 212 212
194 194 213 213
195 195 214 214
196 196 215 215
197 197 216 216
198 198 217 217
199 199 218 218
200 200 219 219
201 201 220 220
202 202 221 221
203 203 222 222
204 204 223 223
205 205 224 224
206 206 225 225
207 207 226 226
208 208 227 227
209 209 228 228
210 210 229 229
211 211 230 230
212 212 231 231
213 213 232 232
214 214 233 233
215 215 234 234
216 216 235 235
217 217 236 236
218 218 237 237
219 219 238 238
220 220 239 239
221 221 240 240
222 222 241 241
223 223 242 242
224 224 243 243
225 225 244 244
226 226 245 245
227 227 246 246
228 228 247 247
229 229 248 248
230 230 249 249
231 231 250 250
232 232 251 251
233 233 252 252
234 234 253 253
235 235 254 254
236 236 255 255
237 237 256 256
238 238 257 257
239 239 258 258
240 240 259 259
241 241 260 260
242 242 261 261
243 243 262 262
244 244 263 263
245 245 264 264
246 246 265 265
247 247 266 266
248 248 267 267
249 249 268 268
250 250 269 269
251 251 270 270
252 252 271 271
253 253 272 272
254 254 273 273
255 255 274 274
256 256 275 275
257 257 276 276
258 258 277 277
259 259 278 278
260 260 279 279
261 261 280 280
262 262 281 281
263 263 282 282
264 264 283 283
265 265 284 284
266 266 285 285
267 267 286 286
268 268 287 287
269 269 288 288
270 270 289 289
271 271 290 290
272 272 291 291
273 273 292 292
274 274 293 293
275 275 294 294
276 276 295 295
277 277 296 296
278 278 297 297
279 279 298 298
280 280 299 299
281 281 300 300
282 282 301 301
283 283 302 302
284 284 303 303
285 285 304 304
286 286 305 305
287 287 306 306
288 288 307 307
289 289 308 308
290 290 309 309
291 291 310 310
292 292 311 311
293 293 312 312
294 294 313 313
295 295 314 314
296 296 315 315
297 297 316 316
298 298 317 317
299 299 318 318
300 300 319 319
301 301 320 320
302 302 321 321
303 303 322 322
304 304 323 323
305 305 324 324
306 306 325 325
307 307 326 326
308 308 327 327
309 309 328 328
310 310 329 329
311 311 330 330
312 312 331 331
313 313 332 332
314 314 333 333
315 315 334 334
316 316 335 335
317 317 336 336
318 318 337 337
319 319 338 338
320 320 339 339
321 321 340 340
322 322 341 341
323 323 342 342
324 324 343 343
325 325 344 344
326 326 345 345
327 327 346 346
328 328 347 347
329 329 348 348
330 330 349 349
331 331 350 350
332 332 351 351
333 333 352 352
334 334 353 353
335 335 354 354
336 336 355 355
337 337 356 356
338 338 357 357
339 339 358 358
340 340 359 359
341 341 360 360
342 342 361 361
343 343 362 362
344 344 363 363
345 345 364 364
346 346 365 365
347 347 366 366
348 348 367 367
349 349 368 368
350 350 369 369
351 351 370 370
352 352 371 371
353 353 372 372
354 354 373 373
355 355 374 374
356 356 375 375
357 357 376 376
358 358 377 377
359 359 378 378
360 360 379 379
361 361 380 380
362 362 381 381
363 363 382 382
364 364 383 383
365 365 384 384
366 366 385 385
367 367 386 386
368 368 387 387
369 369 388 388
370 370 389 389
371 371 390 390
372 372 391 391
373 373 392 392
374 374 393 393
375 375 394 394
376 376 395 395
377 377 396 396
378 378 397 397
379 379 398 398
380 380 399 399
381 381 400 400
382 382 401 401
383 383 402 402
384 384 403 403
385 385 404 404
386 386 405 405
387 387 406 406
388 388 407 407
389 389 408 408
390 390 409 409
391 391 410 410
392 392 411 411
393 393 412 412
394 394 413 413
395 395 414 414
396 396 415 415
397 397 416 416
398 398 417 417
399 399 418 418
400 400 419 419
401 401 420 420
402 402 421 421
403 403 422 422
404 404 423 423
405 405 424 424
406 406 425 425
407 407 426 426
408 408 427 427
409 409 428 428
410 410 429 429
411 411 430 430
412 412 431 431
413 413 432 432
414 414 433 433
415 415 434 434
416 416 435 435
417 417 436 436
418 418 437 437
419 419 438 438
420 420 439 439
421 421 440 440
422 422 441 441
423 423 442 442
424 424 443 443
425 425 444 444
426 426 445 445
427 427 446 446
428 428 447 447
429 429 448 448
430 430 449 449
431 431 450 450
432 432 451 451
433 433 452 452
434 434 453 453
435 435 454 454
436 436 455 455
437 437 456 456
438 438 457 457
439 439 458 458
440 440 459 459
441 441 460 460
442 442 461 461
443 443 462 462
444 444 463 463
445 445 464 464
446 446 465 465
447 447 466 466
448 448 467 467
449 449 468 468
450 450 469 469
451 451 470 470
452 452 471 471
453 453 472 472
454 454 473 473
455 455 474 474
456 456 475 475
457 457 476 476
458 458 477 477
459 459 478 478
460 460 479 479
461 461 480 480
462 462 481 481
463 463 482 482
464 464 483 483
465 465 484 484
466 466 485 485
467 467 486 486
468 468 487 487
469 469 488 488
470 470 489 489
471 471 490 490
472 472 491 491
473 473 492 492
474 474 493 493
475 475 494 494
476 476 495 495
477 477 496 496
478 478 497 497
479 479 498 498
480 480 499 499
481 481 500 500
482 482 501 501
483 483 502 502
484 484 503 503
485 485 504 504
486 486 505 505
487 487 506 506
488 488 507 507
489 489 508 508
490 490 509 509
491 491 510 510
492 492 511 511
493 493 512 512
494 494 513 513
495 495 514 514
496 496 515 515
497 497 516 516
498 498 517 517
499 499 518 518
500 500 519 519
501 501 520 520
502 502 521 521
503 503 522 522
504 504 523 523
505 505 524 524
506 506 525 525
507 507 526 526
508 508 527 527
509 509 528 528
510 510 529 529
511 511 530 530
512 512 531 531
513 513 532 532
514 514 533 533
515 515 534 534
516 516 535 535
517 517 536 536
518 518 537 537
519 519 538 538
520 520 539 539
521 521 540 540
522 522 541 541
523 523 542 542
524 524 543 543
525 525 544 544
526 526 545 545
527 527 546 546
528 528 547 547
529 529 548 548
530 530 549 549
531 531 550 550
532 532 551 551
533 533 552 552
534 534 553 553
535 535 554 554
536 536 555 555
537 537 556 556
538 538 557 557
539 539 558 558
540 540 559 559
541 541 560 560
542 542 561 561
543 543 562 562
544 544 563 563
545 545 564 564
546 546 565 565
547 547 566 566
548 548 567 567
549 549 568 568
550 550 569 569
551 551 570 570
552 552 571 571
553 553 572 572
554 554 573 573
555 555 574 574
556 556 575 575
557 557 576 576
558 558 577 577
559 559 578 578
560 560 579 579
561 561 580 580
562 562 581 581
563 563 582 582
564 564 583 583
565 565 584 584
566 566 585 585
567 567 586 586
568 568 587 587
569 569 588 588
570 570 589 589
571 571 590 590
572 572 591 591
573 573 592 592
574 574 593 593
575 575 594 594
576 576 595 595
577 577 596 596
578 578 597 597
579 579 598 598
580 580 599 599
581 581 600 600
582 582 601 601
583 583 602 602
584 584 603 603
585 585 604 604
586 586 605 605
587 587 606 606
588 588 607 607
589 589 608 608
590 590 609 609
591 591 610 610
592 592 611 611
593 593 612 612
594 594 613 613
595 595 614 614
596 596 615 615
597 597 616 616
598 598 617 617
599 599 618 618
600 600 619 619
601 601 620 620
602 602 621 621
603 603 622 622
604 604 623 623
605 605 624 624
606 606 625 625
607 607 626 626
608 608 627 627
609 609 628 628
610 610 629 629
611 611 630 630
612 612 631 631
613 613 632 632
614 614 633 633
615 615 634 634
616 616 635 635
617 617 636 636
618 618 637 637
619 619 638 638
620 620 639 639
621 621 640 640
622 622 641 641
623 623 642 642
624 624 643 643
625 625 644 644
626 626 645 645
627 627 646 646
628 628 647 647
629 629 648 648
630 630 649 649
631 631 650 650
632 632 651 651
633 633 652 652
634 634 653 653
635 635 654 654
636 636 655 655
637 637 656 656
638 638 657 657
639 639 658 658
640 640 659 659
641 641 660 660
642 642 661 661
643 643 662 662
644 644 663 663
645 645 664 664
646 646 665 665
647 647 666 666
648 648 667 667
649 649 668 668
650 650 669 669
651 651 670 670
652 652 671 671
653 653 672 672
654 654 673 673
655 655 674 674
656 656 675 675
657 657 676 676
658 658 677 677
659 659 678 678
660 660 679 679
661 661 680 680
662 662 681 681
663 663 682 682
664 664 683 683
665 665 684 684
666 666 685 685
667 667 686 686
668 668 687 687
669 669 688 688
670 670 689 689
671 671 690 690
672 672 691 691
673 673 692 692
674 674 693 693
675 675 694 694
676 676 695 695
677 677 696 696
678 678 697 697
679 679 698 698
680 680 699 699
681 681 700 700
682 682 701 701
683 683 702 702
684 684 703 703
685 685 704 704
686 686 705 705
687 687 706 706
688 688 707 707
689 689 708 708
690 690 709 709
691 691 710 710
692 692 711 711
693 693 712 712
694 694 713 713
695 695 714 714
696 696 715 715
697 697 716 716
698 698 717 717
699 699 718 718
700 700 719 719
701 701 720 720
702 702 721 721
703 703 722 722
704 704 723 723
705 705 724 724
706 706 725 725
707 707 726 726
708 708 727 727
709 709 728 728
710 710 729 729
711 711 730 730
712 712 731 731
713 713 732 732
714 714 733 733
715 715 734 734
716 716 735 735
717 717 736 736
718 718 737 737
719 719 738 738
720 720 739 739
721 721 740 740
722 722 741 741
723 723 742 742
724 724 743 743
725 725 744 744
726 726 745 745
727 727 746 746
728 728 747 747
729 729 748 748
730 730 749 749
731 731 750 750
732 732 751 751
733 733 752 752
734 734 753 753
735 735 754 754
736 736 755 755
737 737 756 756
738 738 757 757
739 739 758 758
740 740 759 759
741 741 760 760
742 742 761 761
743 743 762 762
744 744 763 763
745 745 764 764
746 746 765 765
747 747 766 766
748 748 767 767
749 749 768 768
750 750 769 769
751 751 770 770
752 752 771 771
753 753 772 772
754 754 773 773
755 755 774 774
756 756 775 775
757 757 776 776
758 758 777 777
759 759 778 778
760 760 779 779
761 761 780 780
762 762 781 781
763 763 782 782
764 764 783 783
765 765 784 784
766 766 785 785
767 767 786 786
768 768 787 787
769 769 788 788
770 770 789 789
771 771 790 790
772 772 791 791
773 773 792 792
774 774 793 793
775 775 794 794
776 776 795 795
777 777 796 796
778 778 797 797
779 779 798 798
780 780 799 799
781 781 800 800
782 782 801 801
783 783 802 802
784 784 803 803
785 785 804 804
786 786 805 805
787 787 806 806
788 788 807 807
789 789 808 808
790 790 809 809
791 791 810 810
792 792 811 811
793 793 812 812
794 794 813 813
795 795 814 814
796 796 815 815
797 797 816 816
798 798 817 817
799 799 818 818
800 800 819 819
801 801 820 820
802 802 821 821
803 803 822 822
804 804 823 823
805 805 824 824
806 806 825 825
807 807 826 826
808 808 827 827
809 809 828 828
810 810 829 829
811 811 830 830
812 812 831 831
813 813 832 832
814 814 833 833
815 815 834 834
816 816 835 835
817 817 836 836
818 818 837 837
819 819 838 838
820 820 839 839
821 821 840 840
822 822 841 841
823 823 842 842
824 824 843 843
825 825 844 844
826 826 845 845
827 827 846 846
828 828 847 847
829 829 848 848
830 830 849 849
831 831 850 850
832 832 851 851
833 833 852 852
834 834 853 853
835 835 854 854
836 836 855 855
837 837 856 856
838 838 857 857
839 839 858 858
840 840 859 859
841 841 860 860
842 842 861 861
843 843 862 862
844 844 863 863
845 845 864 864
846 846 865 865
847 847 866 866
848 848 867 867
849 849 868 868
850 850 869 869
851 851 870 870
852 852 871 871
853 853 872 872
854 854 873 873
855 855 874 874
856 856 875 875
857 857 876 876
858 858 877 877
859 859 878 878
860 860 879 879
861 861 880 880
862 862 881 881
863 863 882 882
864 864 883 883
865 865 884 884
866 866 885 885
867 867 886 886
868 868 887 887
869 869 888 888
870 870 889 889
871 871 890 890
872 872 891 891
873 873 892 892
874 874 893 893
875 875 894 894
876 876 895 895
877 877 896 896
878 878 897 897
879 879 898 898
880 880 899 899
881 881 900 900
882 882 901 901
883 883 902 902
884 884 903 903
885 885 904 904
886 886 905 905
887 887 906 906
888 888 907 907
889 889 908 908
890 890 909 909
891 891 910 910
892 892 911 911
893 893 912 912
894 894 913 913
895 895 914 914
896 896 915 915
897 897 916 916
898 898 917 917
899 899 918 918
900 900 919 919
901 901 920 920
902 902 921 921
903 903 922 922
904 904 923 923
905 905 924 924
906 906 925 925
907 907 926 926
908 908 927 927
909 909 928 928
910 910 929 929
911 911 930 930
912 912 931 931
913 913 932 932
914 914 933 933
915 915 934 934
916 916 935 935
917 917 936 936
918 918 937 937
919 919 938 938
920 920 939 939
921 921 940 940
922 922 941 941
923 923 942 942
924 924 943 943
925 925 944 944
926 926 945 945
927 927 946 946
928 928 947 947
929 929 948 948
930 930 949 949
931 931 950 950
932 932 951 951
933 933 952 952
934 934 953 953
935 935 954 954
936 936 955 955
937 937 956 956
938 938 957 957
939 939 958 958
940 940 959 959
941 941 960 960
942 942 961 961
943 943 962 962
944 944 963 963
945 945 964 964
946 946 965 965
947 947 966 966
948 948 967 967
949 949 968 968
950 950 969 969
951 951 970 970
952 952 971 971
953 953 972 972
954 954 973 973
955 955 974 974
956 956 975 975
957 957 976 976
958 958 977 977
959 959 978 978
960 960 979 979
961 961 980 980
962 962 981 981
963 963 982 982
964 964 983 983
965 965 984 984
966 966 985 985
967 967 986 986
968 968 987 987
969 969 988 988
970 970 989 989
971 971 990 990
972 972 991 991
973 973 992 992
974 974 993 993
975 975 994 994
976 976 995 995
977 977 996 996
978 978 997 997
979 979 998 998
980 980 999 999
981 981 1000 1000
982 982 1001 1001
983 983 1002 1002
984 984 1003 1003
985 985 1004 1004
986 986 1005 1005
987 987 1006 1006
988 988 1007 1007
989 989 1008 1008
990 990 1009 1009
991 991 1010 1010
992 992 1011 1011
993 993 1012 1012
994 994 1013 1013
995 995 1014 1014
996 996 1015 1015
997 997 1016 1016
998 998 1017 1017
999 999 1018 1018
1000 1000 1019 1019
1001 1001 1020 1020
1002 1002 1021 1021
1003 1003 1022 1022
1004 1004 1023 1023
1005 1005 1024 1024
1006 1006 1025 1025
1007 1007 1026 1026
1008 1008 1027 1027
1009 1009 1028 1028
1010 1010 1029 1029
1011 1011 1030 1030
1012 1012 1031 1031
1013 1013 1032 1032
1014 1014 1033 1033
1015 1015 1034 1034
1016 1016 1035 1035
1017 1017 1036 1036
1018 1018 1037 1037
1019 1019 1038 1038
1020 1020 1039 1039
1021 1021 1040 1040
1022 1022 1041 1041
1023 1023 1042 1042
1024 1024 1043 1043
1025 1025 1044 1044
1026 1026 1045 1045
1027 1027 1046 1046
1028 1028 1047 1047
1029 1029 1048 1048
1030 1030 1049 1049
1031 1031 1050 1050
1032 1032 1051 1051
1033 1033 1052 1052
1034 1034 1053 1053
1035 1035 1054 1054
1036 1036 1055 1055
1037 1037 1056 1056
1038 1038 1057 1057
1039 1039 1058 1058
1040 1040 1059 1059
1041 1041 1060 1060
1042 1042 1061 1061
1043 1043 1062 1062
1044 1044 1063 1063
1045 1045 1064 1064
1046 1046 1065 1065
1047 1047 1066 1066
1048 1048 1067 1067
1049 1049 1068 1068
1050 1050 1069 1069
1051 1051 1070 1070
1052 1052 1071 1071
1053 1053 1072 1072
1054 1054 1073 1073
1055 1055 1074 1074
1056 1056 1075 1075
1057 1057 1076 1076
1058 1058 1077 1077
1059 1059 1078 1078
1060 1060 1079 1079
1061 1061 1080 1080
1062 1062 1081 1081
1063 1063 1082 1082
1064 1064 1083 1083
1065 1065 1084 1084
1066 1066 1085 1085
1067 1067 1086 1086
1068 1068 1087 1087
1069 1069 1088 1088
1070 1070 1089 1089
1071 1071 1090 1090
1072 1072 1091 1091
1073 1073 1092 1092
1074 1074 1093 1093
1075 1075 1094 1094
1076 1076 1095 1095
1077 1077 1096 1096
1078 1078 1097 1097
1079 1079 1098 1098
1080 1080 1099 1099
1081 1081 1100 1100
1082 1082 1101 1101
1083 1083 1102 1102
1084 1084 1103 1103
1085 1085 1104 1104
1086 1086 1105 1105
1087 1087 1106 1106
1088 1088 1107 1107
1089 1089 1108 1108
1090 1090 1109 1109
1091 1091 1110 1110
1092 1092 1111 1111
1093 1093 1112 1112
1094 1094 1113 1113
1095 1095 1114 1114
1096 1096 1115 1115
1097 1097 1116 1116
1098 1098 1117 1117
1099 1099 1118 1118
1100 1100 1119 1119
1101 1101 1120 1120
1102 1102 1121 1121
1103 1103 1122 1122
1104 1104 1123 1123
1105 1105 1124 1124
1106 1106 1125 1125
1107 1107 1126 1126
1108 1108 1127 1127
1109 1109 1128 1128
1110 1110 1129 1129
1111 1111 1130 1130
1112 1112 1131 1131
1113 1113 1132 1132
1114 1114 1133 1133
1115 1115 1134 1134
1116 1116 1135 1135
1117 1117 1136 1136
1118 1118 1137 1137
1119 1119 1138 1138
1120 1120 1139 1139
1121 1121 1140 1140
1122 1122 1141 1141
1123 1123 1142 1142
1124 1124 1143 1143
1125 1125 1144 1144
1126 1126 1145 1145
1127 1127 1146 1146
1128 1128 1147 1147
1129 1129 1148 1148
1130 1130 1149 1149
1131 1131 1150 1150
1132 1132 1151 1151
1133 1133 1152 1152
1134 1134 1153 1153
1135 1135 1154 1154
1136 1136 1155 1155
1137 1137 1156 1156
1138 1138 1157 1157
1139 1139 1158 1158
1140 1140 1159 1159
1141 1141 1160 1160
1142 1142 1161 1161
1143 1143 1162 1162
1144 1144 1163 1163
1145 1145 1164 1164
1146 1146 1165 1165
1147 1147 1166 1166
1148 1148 1167 1167
1149 1149 1168 1168
1150 1150 1169 1169
1151 1151 1170 1170
1152 1152 1171 1171
1153 1153 1172 1172
1154 1154 1173 1173
1155 1155 1174 1174
1156 1156 1175 1175
1157 1157 1176 1176
1158 1158 1177 1177
1159 1159 1178 1178
1160 1160 1179 1179
1161 1161 1180 1180
1162 1162 1181 1181
1163 1163 1182 1182
1164 1164 1183 1183
1165 1165 1184 1184
1166 1166 1185 1185
1167 1167 1186 1186
1168 1168 1187 1187
1169 1169 1188 1188
1170 1170 1189 1189
1171 1171 1190 1190
1172 1172 1191 1191
1173 1173 1192 1192
1174 1174 1193 1193
1175 1175 1194 1194
1176 1176 1195 1195
1177 1177 1196 1196
1178 1178 1197 1197
1179 1179 1198 1198
1180 1180 1199 1199
1181 1181 1200 1200
1182 1182 1201 1201
1183 1183 1202 1202
1184 1184 1203 1203
1185 1185 1204 1204
1186 1186 1205 1205
1187 1187 1206 1206
1188 1188 1207 1207
1189 1189 1208 1208
1190 1190 1209 1209
1191 1191 1210 1210
1192 1192 1211 1211
1193 1193 1212 1212
1194 1194 1213 1213
1195 1195 1214 1214
1196 1196 1215 1215
1197 1197 1216 1216
1198 1198 1217 1217
1199 1199 1218 1218
1200 1200 1219 1219
1201 1201 1220 1220
1202 1202 1221 1221
1203 1203 1222 1222
1204 1204 1223 1223
1205 1205 1224 1224
1206 1206 1225 1225
1207 1207 1226 1226
1208 1208 1227 1227
1209 1209 1228 1228
1210 1210 1229 1229
1211 1211 1230 1230
1212 1212 1231 1231
1213 1213 1232 1232
1214 1214 1233 1233
1215 1215 1234 1234
1216 1216 1235 1235
1217 1217 1236 1236
1218 1218 1237 1237
1219 1219 1238 1238
1220 1220 1239 1239
1221 1221 1240 1240
1222 1222 1241 1241
1223 1223 1242 1242
1224 1224 1243 1243
1225 1225 1244 1244
1226 1226 1245 1245
1227 1227 1246 1246
1228 1228 1247 1247
1229 1229 1248 1248
1230 1230 1249 1249
1231 1231 1250 1250
1232 1232 1251 1251
1233 1233 1252 1252
1234 1234 1253 1253
1235 1235 1254 1254
1236 1236 1255 1255
1237 1237 1256 1256
1238 1238 1257 1257
1239 1239 1258 1258
1240 1240 1259 1259
1241 1241 1260 1260
1242 1242 1261 1261
1243 1243 1262 1262
1244 1244 1263 1263
1245 1245 1264 1264
1246 1246 1265 1265
1247 1247 1266 1266
1248 1248 1267 1267
1249 1249 1268 1268
1250 1250 1269 1269
1251 1251 1270 1270
1252 1252 1271 1271
1253 1253 1272 1272
1254 1254 1273 1273
1255 1255 1274 1274
1256 1256 1275 1275
1257 1257 1276 1276
1258 1258 1277 1277
1259 1259 1278 1278
1260 1260 1279 1279
1261 1261 1280 1280
1262 1262 1281 1281
1263 1263 1282 1282
1264 1264 1283 1283
1265 1265 1284 1284
1266 1266 1285 1285
1267 1267 1286 1286
1268 1268 1287 1287
1269 1269 1288 1288
1270 1270 1289 1289
1271 1271 1290 1290
1272 1272 1291 1291
1273 1273 1292 1292
1274 1274 1293 1293
1275 1275 1294 1294
1276 1276 1295 1295
1277 1277 1296 1296
1278 1278 1297 1297
1279 1279 1298 1298
1280 1280 1299 1299
1281 1281 1300 1300
1282 1282 1301 1301
1283 1283 1302 1302
1284 1284 1303 1303
1285 1285 1304 1304
1286 1286 1305 1305
1287 1287 1306 1306
1288 1288 1307 1307
1289 1289 1308 1308
1290 1290 1309 1309
1291 1291 1310 1310
1292 1292 1311 1311
1293 1293 1312 1312
1294 1294 1313 1313
1295 1295 1314 1314
1296 1296 1315 1315
1297 1297 1316 1316
1298 1298 1317 1317
1299 1299 1318 1318
1300 1300 1319 1319
1301 1301 1320 1320
1302 1302 1321 1321
1303 1303 1322 1322
1304 1304 1323 1323
1305 1305 1324 1324
1306 1306 1325 1325
1307 1307 1326 1326
1308 1308 1327 1327
1309 1309 1328 1328
1310 1310 1329 1329
1311 1311 1330 1330
1312 1312 1331 1331
1313 1313 1332 1332
1314 1314 1333 1333
1315 1315 1334 1334
1316 1316 1335 1335
1317 1317 1336 1336
1318 1318 1337 1337
1319 1319 1338 1338
1320 1320 1339 1339
1321 1321 1340 1340
1322 1322 1341 1341
1323 1323 1342 1342
1324 1324 1343 1343
1325 1325 1344 1344
1326 1326 1345 1345
1327 1327 1346 1346
1328 1328 1347 1347
1329 1329 1348 1348
1330 1330 1349 1349
1331 1331 1350 1350
1332 1332 1351 1351
1333 1333 1352 1352
1334 1334 1353 1353
1335 1335 1354 1354
1336 1336 1355 1355
1337 1337 1356 1356
1338 1338 1357 1357
1339 1339 1358 1358
1340 1340 1359 1359
1341 1341 1360 1360
1342 1342 1361 1361
1343 1343 1362 1362
1344 1344 1363 1363
1345 1345 1364 1364
1346 1346 1365 1365
1347 1347 1366 1366
1348 1348 1367 1367
1349 1349 1368 1368
1350 1350 1369 1369
1351 1351 1370 1370
1352 1352 1371 1371
1353 1353 1372 1372
1354 1354 1373 1373
1355 1355 1374 1374
1356 1356 1375 1375
1357 1357 1376 1376
1358 1358 1377 1377
1359 1359 1378 1378
1360 1360 1379 1379
1361 1361 1380 1380
1362 1362 1381 1381
1363 1363 1382 1382
1364 1364 1383 1383
1365 1365 1384 1384
1366 1366 1385 1385
1367 1367 1386 1386
1368 1368 1387 1387
1369 1369 1388 1388
1370 1370 1389 1389
1371 1371 1390 1390
1372 1372 1391 1391
1373 1373 1392 1392
1374 1374 1393 1393
1375 1375 1394 1394
1376 1376 1395 1395
1377 1377 1396 1396
1378 1378 1397 1397
1379 1379 1398 1398
1380 1380 1399 1399
1381 1381 1400 1400
1382 1382 1401 1401
1383 1383 1402 1402
1384 1384 1403 1403
1385 1385 1404 1404
1386 1386 1405 1405
1387 1387 1406 1406
1388 1388 1407 1407
1389 1389 1408 1408
1390 1390 1409 1409
1391 1391 1410 1410
1392 1392 1411 1411
1393 1393 1412 1412
1394 1394 1413 1413
1395 1395 1414 1414
1396 1396 1415 1415
1397 1397 1416 1416
1398 1398 1417 1417
1399 1399 1418 1418
1400 1400 1419 1419
1401 1401 1420 1420
1402 1402 1421 1421
1403 1403 1422 1422
1404 1404 1423 1423
1405 1405 1424 1424
1406 1406 1425 1425
1407 1407 1426 1426
1408 1408 1427 1427
1409 1409 1428 1428
1410 1410 1429 1429
1411 1411 1430 1430
1412 1412 1431 1431
1413 1413 1432 1432
1414 1414 1433 1433
1415 1415 1434 1434
1416 1416 1435 1435
1417 1417 1436 1436
1418 1418 1437 1437
1419 1419 1438 1438
1420 1420 1439 1439
1421 1421 1440 1440
1422 1422 1441 1441
1423 1423 1442 1442
1424 1424 1443 1443
1425 1425 1444 1444
1426 1426 1445 1445
1427 1427 1446 1446
1428 1428 1447 1447
1429 1429 1448 1448
1430 1430 1449 1449
1431 1431 1450 1450
1432 1432 1451 1451
1433 1433 1452 1452
1434 1434 1453 1453
1435 1435 1454 1454
1436 1436 1455 1455
1437 1437 1456 1456
1438 1438 1457 1457
1439 1439 1458 1458
1440 1440 1459 1459
1441 1441 1460 1460
1442 1442 1461 1461
1443 1443 1462 1462
1444 1444 1463 1463
1445 1445 1464 1464
1446 1446 1465 1465
1447 1447 1466 1466
1448 1448 1467 1467
1449 1449 1468 1468
1450 1450 1469 1469
1451 1451 1470 1470
1452 1452 1471 1471
1453 1453 1472 1472
1454 1454 1473 1473
1455 1455 1474 1474
1456 1456 1475 1475
1457 1457 1476 1476
1458 1458 1477 1477
1459 1459 1478 1478
1460 1460 1479 1479
1461 1461 1480 1480
1462 1462 1481 1481
1463 1463 1482 1482
1464 1464 1483 1483
1465 1465 1484 1484
1466 1466 1485 1485
1467 1467 1486 1486
1468 1468 1487 1487
1469 1469 1488 1488
1470 1470 1489 1489
1471 1471 1490 1490
1472 1472 1491 1491
1473 1473 1492 1492
1474 1474 1493 1493
1475 1475 1494 1494
1476 1476 1495 1495
1477 1477 1496 1496
1478 1478 1497 1497
1479 1479 1498 1498
1480 1480 1499 1499
1481 1481 1500 1500
1482 1482 1501 1501
1483 1483 1502 1502
1484 1484 1503 1503
1485 1485 1504 1504
1486 1486 1505 1505
1487 1487 1506 1506
1488 1488 1507 1507
1489 1489 1508 1508
1490 1490 1509 1509
1491 1491 1510 1510
1492 1492 1511 1511
1493 1493 1512 1512
1494 1494 1513 1513
1495 1495 1514 1514
1496 1496 1515 1515
1497 1497 1516 1516
1498 1498 1517 1517
1499 1499 1518 1518
1500 1500 1519 1519
1501 1501 1520 1520
1502 1502 1521 1521
1503 1503 1522 1522
1504 1504 1523 1523
1505 1505 1524 1524
1506 1506 1525 1525
1507 1507 1526 1526
1508 1508 1527 1527
1509 1509 1528 1528
1510 1510 1529 1529
1511 1511 1530 1530
1512 1512 1531 1531
1513 1513 1532 1532
1514 1514 1533 1533
1515 1515 1534 1534
1516 1516 1535 1535
1517 1517 1536 1536
1518 1518 1537 1537
1519 1519 1538 1538
1520 1520 1539 1539
1521 1521 1540 1540
1522 1522 1541 1541
1523 1523 1542 1542
1524 1524 1543 1543
1525 1525 1544 1544
1526 1526 1545 1545
1527 1527 1546 1546
1528 1528 1547 1547
1529 1529 1548 1548
1530 1530 1549 1549
1531 1531 1550 1550
1532 1532 1551 1551
1533 1533 1552 1552
1534 1534 1553 1553
1535 1535 1554 1554
1536 1536 1555 1555
1537 1537 1556 1556
1538 1538 1557 1557
1539 1539 1558 1558
1540 1540 1559 1559
1541 1541 1560 1560
1542 1542 1561 1561
1543 1543 1562 1562
1544 1544 1563 1563
1545 1545 1564 1564
1546 1546 1565 1565
1547 1547 1566 1566
1548 1548 1567 1567
1549 1549 1568 1568
1550 1550 1569 1569
1551 1551 1570 1570
1552 1552 1571 1571
1553 1553 1572 1572
1554 1554 1573 1573
1555 1555 1574 1574
1556 1556 1575 1575
1557 1557 1576 1576
1558 1558 1577 1577
1559 1559 1578 1578
1560 1560 1579 1579
1561 1561 1580 1580
1562 1562 1581 1581
1563 1563 1582 1582
1564 1564 1583 1583
1565 1565 1584 1584
1566 1566 1585 1585
1567 1567 1586 1586
1568 1568 1587 1587
1569 1569 1588 1588
1570 1570 1589 1589
1571 1571 1590 1590
1572 1572 1591 1591
1573 1573 1592 1592
1574 1574 1593 1593
1575 1575 1594 1594
1576 1576 1595 1595
1577 1577 1596 1596
1578 1578 1597 1597
1579 1579 1598 1598
1580 1580 1599 1599
1581 1581 1600 1600
1582 1582 1601 1601
1583 1583 1602 1602
1584 1584 1603 1603
1585 1585 1604 1604
1586 1586 1605 1605
1587 1587 1606 1606
1588 1588 1607 1607
1589 1589 1608 1608
1590 1590 1609 1609
1591 1591 1610 1610
1592 1592 1611 1611
1593 1593 1612 1612
1594 1594 1613 1613
1595 1595 1614 1614
1596 1596 1615 1615
1597 1597 1616 1616
1598 1598 1617 1617
1599 1599 1618 1618
1600 1600 1619 1619
1601 1601 1620 1620
1602 1602 1621 1621
1603 1603 1622 1622
1604 1604 1623 1623
1605 1605 1624 1624
1606 1606 1625 1625
1607 1607 1626 1626
1608 1608 1627 1627
1609 1609 1628 1628
1610 1610 1629 1629
1611 1611 1630 1630
1612 1612 1631 1631
1613 1613 1632 1632
1614 1614 1633 1633
1615 1615 1634 1634
1616 1616 1635 1635
1617 1617 1636 1636
1618 1618 1637 1637
1619 1619 1638 1638
1620 1620 1639 1639
1621 1621 1640 1640
1622 1622 1641 1641
1623 1623 1642 1642
1624 1624 1643 1643
1625 1625 1644 1644
1626 1626 1645 1645
1627 1627 1646 1646
1628 1628 1647 1647
1629 1629 1648 1648
1630 1630 1649 1649
1631 1631 1650 1650
1632 1632 1651 1651
1633 1633 1652 1652
1634 1634 1653 1653
1635 1635 1654 1654
1636 1636 1655 1655
1637 1637 1656 1656
1638 1638 1657 1657
1639 1639 1658 1658
1640 1640 1659 1659
1641 1641 1660 1660
1642 1642 1661 1661
1643 1643 1662 1662
1644 1644 1663 1663
1645 1645 1664 1664
1646 1646 1665 1665
1647 1647 1666 1666
1648 1648 1667 1667
1649 1649 1668 1668
1650 1650 1669 1669
1651 1651 1670 1670
1652 1652 1671 1671
1653 1653 1672 1672
1654 1654 1673 1673
1655 1655 1674 1674
1656 1656 1675 1675
1657 1657 1676 1676
1658 1658 1677 1677
1659 1659 1678 1678
1660 1660 1679 1679
1661 1661 1680 1680
1662 1662 1681 1681
1663 1663 1682 1682
1664 1664 1683 1683
1665 1665 1684 1684
1666 1666 1685 1685
1667 1667 1686 1686
1668 1668 1687 1687
1669 1669 1688 1688
1670 1670 1689 1689
1671 1671 1690 1690
1672 1672 1691 1691
1673 1673 1692 1692
1674 1674 1693 1693
1675 1675 1694 1694
1676 1676 1695 1695
1677 1677 1696 1696
1678 1678 1697 1697
1679 1679 1698 1698
1680 1680 1699 1699
1681 1681 1700 1700
1682 1682 1701 1701
1683 1683 1702 1702
1684 1684 1703 1703
1685 1685 1704 1704
1686 1686 1705 1705
1687 1687 1706 1706
1688 1688 1707 1707
1689 1689 1708 1708
1690 1690 1709 1709
1691 1691 1710 1710
1692 1692 1711 1711
1693 1693 1712 1712
1694 1694 1713 1713
1695 1695 1714 1714
1696 1696 1715 1715
1697 1697 1716 1716
1698 1698 1717 1717
1699 1699 1718 1718
1700 1700 1719 1719
1701 1701 1720 1720
1702 1702 1721 1721
1703 1703 1722 1722
1704 1704 1723 1723
1705 1705 1724 1724
1706 1706 1725 1725
1707 1707 1726 1726
1708 1708 1727 1727
1709 1709 1728 1728
1710 1710 1729 1729
1711 1711 1730 1730
1712 1712 1731 1731
1713 1713 1732 1732
1714 1714 1733 1733
1715 1715 1734 1734
1716 1716 1735 1735
1717 1717 1736 1736
1718 1718 1737 1737
1719 1719 1738 1738
1720 1720 1739 1739
1721 1721 1740 1740
1722 1722 1741 1741
1723 1723 1742 1742
1724 1724 1743 1743
1725 1725 1744 1744
1726 1726 1745 1745
1727 1727 1746 1746
1728 1728 1747 1747
1729 1729 1748 1748
1730 1730 1749 1749
1731 1731 1750 1750
1732 1732 1751 1751
1733 1733 1752 1752
1734 1734 1753 1753
1735 1735 1754 1754
1736 1736 1755 1755
1737 1737 1756 1756
1738 1738 1757 1757
1739 1739 1758 1758
1740 1740 1759 1759
1741 1741 1760 1760
1742 1742 1761 1761
1743 1743 1762 1762
1744 1744 1763 1763
1745 1745 1764 1764
1746 1746 1765 1765
1747 1747 1766 1766
1748 1748 1767 1767
1749 1749 1768 1768
1750 1750 1769 1769
1751 1751 1770 1770
1752 1752 1771 1771
1753 1753 1772 1772
1754 1754 1773 1773
1755 1755 1774 1774
1756 1756 1775 1775
1757 1757 1776 1776
1758 1758 1777 1777
1759 1759 1778 1778
1760 1760 1779 1779
1761 1761 1780 1780
1762 1762 1781 1781
1763 1763 1782 1782
1764 1764 1783 1783
1765 1765 1784 1784
1766 1766 1785 1785
1767 1767 1786 1786
1768 1768 1787 1787
1769 1769 1788 1788
1770 1770 1789 1789
1771 1771 1790 1790
1772 1772 1791 1791
1773 1773 1792 1792
1774 1774 1793 1793
1775 1775 1794 1794
1776 1776 1795 1795
1777 1777 1796 1796
1778 1778 1797 1797
1779 1779 1798 1798
1780 1780 1799 1799
1781 1781 1800 1800
1782 1782 1801 1801
1783 1783 1802 1802
1784 1784 1803 1803
1785 1785 1804 1804
1786 1786 1805 1805
1787 1787 1806 1806
1788 1788 1807 1807
1789 1789 1808 1808
1790 1790 1809 1809
1791 1791 1810 1810
1792 1792 1811 1811
1793 1793 1812 1812
1794 1794 1813 1813
1795 1795 1814 1814
1796 1796 1815 1815
1797 1797 1816 1816
1798 1798 1817 1817
1799 1799 1818 1818
1800 1800 1819 1819
1801 1801 1820 1820
1802 1802 1821 1821
1803 1803 1822 1822
1804 1804 1823 1823
1805 1805 1824 1824
1806 1806 1825 1825
1807 1807 1826 1826
1808 1808 1827 1827
1809 1809 1828 1828
1810 1810 1829 1829
1811 1811 1830 1830
1812 1812 1831 1831
1813 1813 1832 1832
1814 1814 1833 1833
1815 1815 1834 1834
1816 1816 1835 1835
1817 1817 1836 1836
1818 1818 1837 1837
1819 1819 1838 1838
1820 1820 1839 1839
1821 1821 1840 1840
1822 1822 1841 1841
1823 1823 1842 1842
1824 1824 1843 1843
1825 1825 1844 1844
1826 1826 1845 1845
1827 1827 1846 1846
1828 1828 1847 1847
1829 1829 1848 1848
1830 1830 1849 1849
1831 1831 1850 1850
1832 1832 1851 1851
1833 1833 1852 1852
1834 1834 1853 1853
1835 1835 1854 1854
1836 1836 1855 1855
1837 1837 1856 1856
1838 1838 1857 1857
1839 1839 1858 1858
1840 1840 1859 1859
1841 1841 1860 1860
1842 1842 1861 1861
1843 1843 1862 1862
1844 1844 1863 1863
1845 1845 1864 1864
1846 1846 1865 1865
1847 1847 1866 1866
1848 1848 1867 1867
1849 1849 1868 1868
1850 1850 1869 1869
1851 1851 1870 1870
1852 1852 1871 1871
1853 1853 1872 1872
1854 1854 1873 1873
1855 1855 1874 1874
1856 1856 1875 1875
1857 1857 1876 1876
1858 1858 1877 1877
1859 1859 1878 1878
1860 1860 1879 1879
1861 1861 1880 1880
1862 1862 1881 1881
1863 1863 1882 1882
1864 1864 1883 1883
1865 1865 1884 1884
1866 1866 1885 1885
1867 1867 1886 1886
1868 1868 1887 1887
1869 1869 1888 1888
1870 1870 1889 1889
1871 1871 1890 1890
1872 1872 1891 1891
1873 1873 1892 1892
1874 1874 1893 1893
1875 1875 1894 1894
1876 1876 1895 1895
1877 1877 1896 1896
1878 1878 1897 1897
1879 1879 1898 1898
1880 1880 1899 1899
1881 1881 1900 1900
1882 1882 1901 1901
1883 1883 1902 1902
1884 1884 1903 1903
1885 1885 1904 1904
1886 1886 1905 1905
1887 1887 1906 1906
1888 1888 1907 1907
1889 1889 1908 1908
1890 1890 1909 1909
1891 1891 1910 1910
1892 1892 1911 1911
1893 1893 1912 1912
1894 1894 1913 1913
1895 1895 1914 1914
1896 1896 1915 1915
1897 1897 1916 1916
1898 1898 1917 1917
1899 1899 1918 1918
1900 1900 1919 1919
1901 1901 1920 1920
1902 1902 1921 1921
1903 1903 1922 1922
1904 1904 1923 1923
1905 1905 1924 1924
1906 1906 1925 1925
1907 1907 1926 1926
1908 1908 1927 1927
1909 1909 1928 1928
1910 1910 1929 1929
1911 1911 1930 1930
1912 1912 1931 1931
1913 1913 1932 1932
1914 1914 1933 1933
1915 1915 1934 1934
1916 1916 1935 1935
1917 1917 1936 1936
1918 1918 1937 1937
1919 1919 1938 1938
1920 1920 1939 1939
1921 1921 1940 1940
1922 1922 1941 1941
1923 1923 1942 1942
1924 1924 1943 1943
1925 1925 1944 1944
1926 1926 1945 1945
1927 1927 1946 1946
1928 1928 1947 1947
1929 1929 1948 1948
1930 1930 1949 1949
1931 1931 1950 1950
1932 1932 1951 1951
1933 1933 1952 1952
1934 1934 1953 1953
1935 1935 1954 1954
1936 1936 1955 1955
1937 1937 1956 1956
1938 1938 1957 1957
1939 1939 1958 1958
1940 1940 1959 1959
1941 1941 1960 1960
1942 1942 1961 1961
1943 1943 1962 1962
1944 1944 1963 1963
1945 1945 1964 1964
1946 1946 1965 1965
1947 1947 1966 1966
1948 1948 1967 1967
1949 1949 1968 1968
1950 1950 1969 1969
1951 1951 1970 1970
1952 1952 1971 1971
1953 1953 1972 1972
1954 1954 1973 1973
1955 1955 1974 1974
1956 1956 1975 1975
1957 1957 1976 1976
1958 1958 1977 1977
1959 1959 1978 1978
1960 1960 1979 1979
1961 1961 1980 1980
1962 1962 1981 1981
1963 1963 1982 1982
1964 1964 1983 1983
1965 1965 1984 1984
1966 1966 1985 1985
1967 1967 1986 1986
1968 1968 1987 1987
1969 1969 1988 1988
1970 1970 1989 1989
1971 1971 1990 1990
1972 1972 1991 1991
1973 1973 1992 1992
1974 1974 1993 1993
1975 1975 1994 1994
1976 1976 1995 1995
1977 1977 1996 1996
1978 1978 1997 1997
1979 1979 1998 1998
1980 1980 1999 1999
1981 1981 2000 2000
1982 1982 2001 2001
1983 1983 2002 2002
1984 1984 2003 2003
1985 1985 2004 2004
1986 1986 2005 2005
1987 1987 2006 2006
1988 1988 2007 2007
1989 1989 2008 2008
1990 1990 2009 2009
1991 1991 2010 2010
1992 1992 2011 2011
1993 1993 2012 2012
1994 1994 2013 2013
1995 1995 2014 2014
1996 1996 2015 2015
1997 1997 2016 2016
1998 1998 2017 2017
1999 1999 2018 2018
2000 2000 2019 2019
2001 2001 2020 2020
2002 2002 2021 2021
2003 2003 2022 2022
2004 2004 2023 2023
2005 2005 2024 2024
2006 2006 2025 2025
2007 2007 2026 2026
2008 2008 2027 2027
2009 2009 2028 2028
2010 2010 2029 2029
2011 2011 2030 2030
2012 2012 2031 2031
2013 2013 2032 2032
2014 2014 2033 2033
2015 2015 2034 2034
2016 2016 2035 2035
2017 2017 2036 2036
2018 2018 2037 2037
2019 2019 2038 2038
2020 2020 2039 2039
2021 2021 2040 2040
2022 2022 2041 2041
2023 2023 2042 2042
2024 2024 2043 2043
2025 2025 2044 2044
2026 2026 2045 2045
2027 2027 2046 2046
2028 2028 2047 2047
2029 2029 2048 2048
2030 2030 2049 2049
2031 2031 2050 2050
2032 2032 2051 2051
2033 2033 2052 2052
2034 2034 2053 2053
2035 2035 2054 2054
2036 2036 2055 2055
2037 2037 2056 2056
2038 2038 2057 2057
2039 2039 2058 2058
2040 2040 2059 2059
2041 2041 2060 2060
2042 2042 2061 2061
2043 2043 2062 2062
2044 2044 2063 2063
2045 2045 2064 2064
2046 2046 2065 2065
2047 2047 2066 2066
2048 2048 2067 2067
2049 2049 2068 2068
2050 2050 2069 2069
2051 2051 2070 2070
2052 2052 2071 2071
2053 2053 2072 2072
2054 2054 2073 2073
2055 2055 2074 2074
2056 2056 2075 2075
2057 2057 2076 2076
2058 2058 2077 2077
2059 2059 2078 2078
2060 2060 2079 2079
2061 2061 2080 2080
2062 2062 2081 2081
2063 2063 2082 2082
2064 2064 2083 2083
2065 2065 2084 2084
2066 2066 2085 2085
2067 2067 2086 2086
2068 2068 2087 2087
2069 2069 2088 2088
2070 2070 2089 2089
2071 2071 2090 2090
2072 2072 2091 2091
2073 2073 2092 2092
2074 2074 2093 2093
2075 2075 2094 2094
2076 2076 2095 2095
2077 2077 2096 2096
2078 2078 2097 2097
2079 2079 2098 2098
2080 2080 2099 2099
2081 2081 2100 2100
2082 2082 2101 2101
2083 2083 2102 2102
2084 2084 2103 2103
2085 2085 2104 2104
2086 2086 2105 2105
2087 2087 2106 2106
2088 2088 2107 2107
2089 2089 2108 2108
2090 2090 2109 2109
2091 2091 2110 2110
2092 2092 2111 2111
2093 2093 2112 2112
2094 2094 2113 2113
2095 2095 2114 2114
2096 2096 2115 2115
2097 2097 2116 2116
2098 2098 2117 2117
2099 2099 2118 2118
2100 2100 2119 2119
2101 2101 2120 2120
2102 2102 2121 2121
2103 2103 2122 2122
2104 2104 2123 2123
2105 2105 2124 2124
2106 2106 2125 2125
2107 2107 2126 2126
2108 2108 2127 2127
2109 2109 2128 2128
2110 2110 2129 2129
2111 2111 2130 2130
2112 2112 2131 2131
2113 2113 2132 2132
2114 2114 2133 2133
2115 2115 2134 2134
2116 2116 2135 2135
2117 2117 2136 2136
2118 2118 2137 2137
2119 2119 2138 2138
2120 2120 2139 2139
2121 2121 2140 2140
2122 2122 2141 2141
2123 2123 2142 2142
2124 2124 2143 2143
2125 2125 2144 2144
2126 2126 2145 2145
2127 2127 2146 2146
2128 2128 2147 2147
2129 2129 2148 2148
2130 2130 2149 2149
2131 2131 2150 2150
2132 2132 2151 2151
2133 2133 2152 2152
2134 2134 2153 2153
2135 2135 2154 2154
2136 2136 2155 2155
2137 2137 2156 2156
2138 2138 2157 2157
2139 2139 2158 2158
2140 2140 2159 2159
2141 2141 2160 2160
2142 2142 2161 2161
2143 2143 2162 2162
2144 2144 2163 2163
2145 2145 2164 2164
2146 2146 2165 2165
2147 2147 2166 2166
2148 2148 2167 2167
2149 2149 2168 2168
2150 2150 2169 2169
2151 2151 2170 2170
2152 2152 2171 2171
2153 2153 2172 2172
2154 2154 2173 2173
2155 2155 2174 2174
2156 2156 2175 2175
2157 2157 2176 2176
2158 2158 2177 2177
2159 2159 2178 2178
2160 2160 2179 2179
2161 2161 2180 2180
2162 2162 2181 2181
2163 2163 2182 2182
2164 2164 2183 2183
2165 2165 2184 2184
2166 2166 2185 2185
2167 2167 2186 2186
2168 2168 2187 2187
2169 2169 2188 2188
2170 2170 2189 2189
2171 2171 2190 2190
2172 2172 2191 2191
2173 2173 2192 2192
2174 2174 2193 2193
2175 2175 2194 2194
2176 2176 2195 2195
2177 2177 2196 2196
2178 2178 2197 2197
2179 2179 2198 2198
2180 2180 2199 2199
2181 2181 2200 2200
2182 2182 2201 2201
2183 2183 2202 2202
2184 2184 2203 2203
2185 2185 2204 2204
2186 2186 2205 2205
2187 2187 2206 2206
2188 2188 2207 2207
2189 2189 2208 2208
2190 2190 2209 2209
2191 2191 2210 2210
2192 2192 2211 2211
2193 2193 2212 2212
2194 2194 2213 2213
2195 2195 2214 2214
2196 2196 2215 2215
2197 2197 2216 2216
2198 2198 2217 2217
2199 2199 2218 2218
2200 2200 2219 2219
2201 2201 2220 2220
2202 2202 2221 2221
2203 2203 2222 2222
2204 2204 2223 2223
2205 2205 2224 2224
2206 2206 2225 2225
2207 2207 2226 2226
2208 2208 2227 2227
2209 2209 2228 2228
2210 2210 2229 2229
2211 2211 2230 2230
2212 2212 2231 2231
2213 2213 2232 2232
2214 2214 2233 2233
2215 2215 2234 2234
2216 2216 2235 2235
2217 2217 2236 2236
2218 2218 2237 2237
2219 2219 2238 2238
2220 2220 2239 2239
2221 2221 2240 2240
2222 2222 2241 2241
2223 2223 2242 2242
2224 2224 2243 2243
2225 2225 2244 2244
2226 2226 2245 2245
2227 2227 2246 2246
2228 2228 2247 2247
2229 2229 2248 2248
2230 2230 2249 2249
2231 2231 2250 2250
2232 2232 2251 2251
2233 2233 2252 2252
2234 2234 2253 2253
2235 2235 2254 2254
2236 2236 2255 2255
2237 2237 2256 2256
2238 2238 2257 2257
2239 2239 2258 2258
2240 2240 2259 2259
2241 2241 2260 2260
2242 2242 2261 2261
2243 2243 2262 2262
2244 2244 2263 2263
2245 2245 2264 2264
2246 2246 2265 2265
2247 2247 2266 2266
2248 2248 2267 2267
2249 2249 2268 2268
2250 2250 2269 2269
2251 2251 2270 2270
2252 2252 2271 2271
2253 2253 2272 2272
2254 2254 2273 2273
2255 2255 2274 2274
2256 2256 2275 2275
2257 2257 2276 2276
2258 2258 2277 2277
2259 2259 2278 2278
2260 2260 2279 2279
2261 2261 2280 2280
2262 2262 2281 2281
2263 2263 2282 2282
2264 2264 2283 2283
2265 2265 2284 2284
2266 2266 2285 2285
2267 2267 2286 2286
2268 2268 2287 2287
2269 2269 2288 2288
2270 2270 2289 2289
2271 2271 2290 2290
2272 2272 2291 2291
2273 2273 2292 2292
2274 2274 2293 2293
2275 2275 2294 2294
2276 2276 2295 2295
2277 2277 2296 2296
2278 2278 2297 2297
2279 2279 2298 2298
2280 2280 2299 2299
2281 2281 2300 2300
2282 2282 2301 2301
2283 2283 2302 2302
2284 2284 2303 2303
2285 2285 2304 2304
2286 2286 2305 2305
2287 2287 2306 2306
2288 2288 2307 2307
2289 2289 2308 2308
2290 2290 2309 2309
2291 2291 2310 2310
2292 2292 2311 2311
2293 2293 2312 2312
2294 2294 2313 2313
2295 2295 2314 2314
2296 2296 2315 2315
2297 2297 2316 2316
2298 2298 2317 2317
2299 2299 2318 2318
2300 2300 2319 2319
2301 2301 2320 2320
2302 2302 2321 2321
2303 2303 2322 2322
2304 2304 2323 2323
2305 2305 2324 2324
2306 2306 2325 2325
2307 2307 2326 2326
2308 2308 2327 2327
2309 2309 2328 2328
2310 2310 2329 2329
2311 2311 2330 2330
2312 2312 2331 2331
2313 2313 2332 2332
2314 2314 2333 2333
2315 2315 2334 2334
2316 2316 2335 2335
2317 2317 2336 2336
2318 2318 2337 2337
2319 2319 2338 2338
2320 2320 2339 2339
2321 2321 2340 2340
2322 2322 2341 2341
2323 2323 2342 2342
2324 2324 2343 2343
2325 2325 2344 2344
2326 2326 2345 2345
2327 2327 2346 2346
2328 2328 2347 2347
2329 2329 2348 2348
2330 2330 2349 2349
2331 2331 2350 2350
2332 2332 2351 2351
2333 2333 2352 2352
2334 2334 2353 2353
2335 2335 2354 2354
2336 2336 2355 2355
2337 2337 2356 2356
2338 2338 2357 2357
2339 2339 2358 2358
2340 2340 2359 2359
2341 2341 2360 2360
2342 2342 2361 2361
2343 2343 2362 2362
2344 2344 2363 2363
2345 2345 2364 2364
2346 2346 2365 2365
2347 2347 2366 2366
2348 2348 2367 2367
2349 2349 2368 2368
2350 2350 2369 2369
2351 2351 2370 2370
2352 2352 2371 2371
2353 2353 2372 2372
2354 2354 2373 2373
2355 2355 2374 2374
2356 2356 2375 2375
2357 2357 2376 2376
2358 2358 2377 2377
2359 2359 2378 2378
2360 2360 2379 2379
2361 2361 2380 2380
2362 2362 2381 2381
2363 2363 2382 2382
2364 2364 2383 2383
2365 2365 2384 2384
2366 2366 2385 2385
2367 2367 2386 2386
2368 2368 2387 2387
2369 2369 2388 2388
2370 2370 2389 2389
2371 2371 2390 2390
2372 2372 2391 2391
2373 2373 2392 2392
2374 2374 2393 2393
2375 2375 2394 2394
2376 2376 2395 2395
2377 2377 2396 2396
2378 2378 2397 2397
2379 2379 2398 2398
2380 2380 2399 2399
2381 2381 2400 2400
2382 2382 2401 2401
2383 2383 2402 2402
2384 2384 2403 2403
2385 2385 2404 2404
2386 2386 2405 2405
2387 2387 2406 2406
2388 2388 2407 2407
2389 2389 2408 2408
2390 2390 2409 2409
2391 2391 2410 2410
2392 2392 2411 2411
2393 2393 2412 2412
2394 2394 2413 2413
2395 2395 2414 2414
2396 2396 2415 2415
2397 2397 2416 2416
2398 2398 2417 2417
2399 2399 2418 2418
2400 2400 2419 2419
2401 2401 2420 2420
2402 2402 2421 2421
2403 2403 2422 2422
2404 2404 2423 2423
2405 2405 2424 2424
2406 2406 2425 2425
2407 2407 2426 2426
2408 2408 2427 2427
2409 2409 2428 2428
2410 2410 2429 2429
2411 2411 2430 2430
2412 2412 2431 2431
2413 2413 2432 2432
2414 2414 2433 2433
2415 2415 2434 2434
2416 2416 2435 2435
2417 2417 2436 2436
2418 2418 2437 2437
2419 2419 2438 2438
2420 2420 2439 2439
2421 2421 2440 2440
2422 2422 2441 2441
2423 2423 2442 2442
2424 2424 2443 2443
2425 2425 2444 2444
2426 2426 2445 2445
2427 2427 2446 2446
2428 2428 2447 2447
2429 2429 2448 2448
2430 2430 2449 2449
2431 2431 2450 2450
2432 2432 2451 2451
2433 2433 2452 2452
2434 2434 2453 2453
2435 2435 2454 2454
2436 2436 2455 2455
2437 2437 2456 2456
2438 2438 2457 2457
2439 2439 2458 2458
2440 2440 2459 2459
2441 2441 2460 2460
2442 2442 2461 2461
2443 2443 2462 2462
2444 2444 2463 2463
2445 2445 2464 2464
2446 2446 2465 2465
2447 2447 2466 2466
2448 2448 2467 2467
2449 2449 2468 2468
2450 2450 2469 2469
2451 2451 2470 2470
2452 2452 2471 2471
2453 2453 2472 2472
2454 2454 2473 2473
2455 2455 2474 2474
2456 2456 2475 2475
2457 2457 2476 2476
2458 2458 2477 2477
2459 2459 2478 2478
2460 2460 2479 2479
2461 2461 2480 2480
2462 2462 2481 2481
2463 2463 2482 2482
2464 2464 2483 2483
2465 2465 2484 2484
2466 2466 2485 2485
2467 2467 2486 2486
2468 2468 2487 2487
2469 2469 2488 2488
2470 2470 2489 2489
2471 2471 2490 2490
2472 2472 2491 2491
2473 2473 2492 2492
2474 2474 2493 2493
2475 2475 2494 2494
2476 2476 2495 2495
2477 2477 2496 2496
2478 2478 2497 2497
2479 2479 2498 2498
2480 2480 2499 2499
2481 2481 2500 2500
2482 2482 2501 2501
2483 2483 2502 2502
2484 2484 2503 2503
2485 2485 2504 2504
2486 2486 2505 2505
2487 2487 2506 2506
2488 2488 2507 2507
2489 2489 2508 2508
2490 2490 2509 2509
2491 2491 2510 2510
2492 2492 2511 2511
2493 2493 2512 2512
2494 2494 2513 2513
2495 2495 2514 2514
2496 2496 2515 2515
2497 2497 2516 2516
2498 2498 2517 2517
2499 2499 2518 2518
2500 2500 2519 2519
2501 2501 2520 2520
2502 2502 2521 2521
2503 2503 2522 2522
2504 2504 2523 2523
2505 2505 2524 2524
2506 2506 2525 2525
2507 2507 2526 2526
2508 2508 2527 2527
2509 2509 2528 2528
2510 2510 2529 2529
2511 2511 2530 2530
2512 2512 2531 2531
2513 2513 2532 2532
2514 2514 2533 2533
2515 2515 2534 2534
2516 2516 2535 2535
2517 2517 2536 2536
2518 2518 2537 2537
2519 2519 2538 2538
2520 2520 2539 2539
2521 2521 2540 2540
2522 2522 2541 2541
2523 2523 2542 2542
2524 2524 2543 2543
2525 2525 2544 2544
2526 2526 2545 2545
2527 2527 2546 2546
2528 2528 2547 2547
2529 2529 2548 2548
2530 2530 2549 2549
2531 2531 2550 2550
2532 2532 2551 2551
2533 2533 2552 2552
2534 2534 2553 2553
2535 2535 2554 2554
2536 2536 2555 2555
2537 2537 2556 2556
2538 2538 2557 2557
2539 2539 2558 2558
2540 2540 2559 2559
2541 2541 2560 2560
2542 2542 2561 2561
2543 2543 2562 2562
2544 2544 2563 2563
2545 2545 2564 2564
2546 2546 2565 2565
2547 2547 2566 2566
2548 2548 2567 2567
2549 2549 2568 2568
2550 2550 2569 2569
2551 2551 2570 2570
2552 2552 2571 2571
2553 2553 2572 2572
2554 2554 2573 2573
2555 2555 2574 2574
2556 2556 2575 2575
2557 2557 2576 2576
2558 2558 2577 2577
2559 2559 2578 2578
2560 2560 2579 2579
2561 2561 2580 2580
2562 2562 2581 2581
2563 2563 2582 2582
2564 2564 2583 2583
2565 2565 2584 2584
2566 2566 2585 2585
2567 2567 2586 2586
2568 2568 2587 2587
2569 2569 2588 2588
2570 2570 2589 2589
2571 2571 2590 2590
2572 2572 2591 2591
2573 2573 2592 2592
2574 2574 2593 2593
2575 2575 2594 2594
2576 2576 2595 2595
2577 2577 2596 2596
2578 2578 2597 2597
2579 2579 2598 2598
2580 2580 2599 2599
2581 2581 2600 2600
2582 2582 2601 2601
2583 2583 2602 2602
2584 2584 2603 2603
2585 2585 2604 2604
2586 2586 2605 2605
2587 2587 2606 2606
2588 2588 2607 2607
2589 2589 2608 2608
2590 2590 2609 2609
2591 2591 2610 2610
2592 2592 2611 2611
2593 2593 2612 2612
2594 2594 2613 2613
2595 2595 2614 2614
2596 2596 2615 2615
2597 2597 2616 2616
2598 2598 2617 2617
2599 2599 2618 2618
2600 2600 2619 2619
2601 2601 2620 2620
2602 2602 2621 2621
2603 2603 2622 2622
2604 2604 2623 2623
2605 2605 2624 2624
2606 2606 2625 2625
2607 2607 2626 2626
2608 2608 2627 2627
2609 2609 2628 2628
2610 2610 2629 2629
2611 2611 2630 2630
2612 2612 2631 2631
2613 2613 2632 2632
2614 2614 2633 2633
2615 2615 2634 2634
2616 2616 2635 2635
2617 2617 2636 2636
2618 2618 2637 2637
2619 2619 2638 2638
2620 2620 2639 2639
2621 2621 2640 2640
2622 2622 2641 2641
2623 2623 2642 2642
2624 2624 2643 2643
2625 2625 2644 2644
2626 2626 2645 2645
2627 2627 2646 2646
2628 2628 2647 2647
2629 2629 2648 2648
2630 2630 2649 2649
2631 2631 2650 2650
2632 2632 2651 2651
2633 2633 2652 2652
2634 2634 2653 2653
2635 2635 2654 2654
2636 2636 2655 2655
2637 2637 2656 2656
2638 2638 2657 2657
2639 2639 2658 2658
2640 2640 2659 2659
2641 2641 2660 2660
2642 2642 2661 2661
2643 2643 2662 2662
2644 2644 2663 2663
2645 2645 2664 2664
2646 2646 2665 2665
2647 2647 2666 2666
2648 2648 2667 2667
2649 2649 2668 2668
2650 2650 2669 2669
2651 2651 2670 2670
2652 2652 2671 2671
2653 2653 2672 2672
2654 2654 2673 2673
2655 2655 2674 2674
2656 2656 2675 2675
2657 2657 2676 2676
2658 2658 2677 2677
2659 2659 2678 2678
2660 2660 2679 2679
2661 2661 2680 2680
2662 2662 2681 2681
2663 2663 2682 2682
2664 2664 2683 2683
2665 2665 2684 2684
2666 2666 2685 2685
2667 2667 2686 2686
2668 2668 2687 2687
2669 2669 2688 2688
2670 2670 2689 2689
2671 2671 2690 2690
2672 2672 2691 2691
2673 2673 2692 2692
2674 2674 2693 2693
2675 2675 2694 2694
2676 2676 2695 2695
2677 2677 2696 2696
2678 2678 2697 2697
2679 2679 2698 2698
2680 2680 2699 2699
2681 2681 2700 2700
2682 2682 2701 2701
2683 2683 2702 2702
2684 2684 2703 2703
2685 2685 2704 2704
2686 2686 2705 2705
2687 2687 2706 2706
2688 2688 2707 2707
2689 2689 2708 2708
2690 2690 2709 2709
2691 2691 2710 2710
2692 2692 2711 2711
2693 2693 2712 2712
2694 2694 2713 2713
2695 2695 2714 2714
2696 2696 2715 2715
2697 2697 2716 2716
2698 2698 2717 2717
2699 2699 2718 2718
2700 2700 2719 2719
2701 2701 2720 2720
2702 2702 2721 2721
2703 2703 2722 2722
2704 2704 2723 2723
2705 2705 2724 2724
2706 2706 2725 2725
2707 2707 2726 2726
2708 2708 2727 2727
2709 2709 2728 2728
2710 2710 2729 2729
2711 2711 2730 2730
2712 2712 2731 2731
2713 2713 2732 2732
2714 2714 2733 2733
2715 2715 2734 2734
2716 2716 2735 2735
2717 2717 2736 2736
2718 2718 2737 2737
2719 2719 2738 2738
2720 2720 2739 2739
2721 2721 2740 2740
2722 2722 2741 2741
2723 2723 2742 2742
2724 2724 2743 2743
2725 2725 2744 2744
2726 2726 2745 2745
2727 2727 2746 2746
2728 2728 2747 2747
2729 2729 2748 2748
2730 2730 2749 2749
2731 2731 2750 2750
2732 2732 2751 2751
2733 2733 2752 2752
2734 2734 2753 2753
2735 2735 2754 2754
2736 2736 2755 2755
2737 2737 2756 2756
2738 2738 2757 2757
2739 2739 2758 2758
2740 2740 2759 2759
2741 2741 2760 2760
2742 2742 2761 2761
2743 2743 2762 2762
2744 2744 2763 2763
2745 2745 2764 2764
2746 2746 2765 2765
2747 2747 2766 2766
2748 2748 2767 2767
2749 2749 2768 2768
2750 2750 2769 2769
2751 2751 2770 2770
2752 2752 2771 2771
2753 2753 2772 2772
2754 2754 2773 2773
2755 2755 2774 2774
2756 2756 2775 2775
2757 2757 2776 2776
2758 2758 2777 2777
2759 2759 2778 2778
2760 2760 2779 2779
2761 2761 2780 2780
2762 2762 2781 2781
2763 2763 2782 2782
2764 2764 2783 2783
2765 2765 2784 2784
2766 2766 2785 2785
2767 2767 2786 2786
2768 2768 2787 2787
2769 2769 2788 2788
2770 2770 2789 2789
2771 2771 2790 2790
2772 2772 2791 2791
2773 2773 2792 2792
2774 2774 2793 2793
2775 2775 2794 2794
2776 2776 2795 2795
2777 2777 2796 2796
2778 2778 2797 2797
2779 2779 2798 2798
2780 2780 2799 2799
2781 2781 2800 2800
2782 2782 2801 2801
2783 2783 2802 2802
2784 2784 2803 2803
2785 2785 2804 2804
2786 2786 2805 2805
2787 2787 2806 2806
2788 2788 2807 2807
2789 2789 2808 2808
2790 2790 2809 2809
2791 2791 2810 2810
2792 2792 2811 2811
2793 2793 2812 2812
2794 2794 2813 2813
2795 2795 2814 2814
2796 2796 2815 2815
2797 2797 2816 2816
2798 2798 2817 2817
2799 2799 2818 2818
2800 2800 2819 2819
2801 2801 2820 2820
2802 2802 2821 2821
2803 2803 2822 2822
2804 2804 2823 2823
2805 2805 2824 2824
2806 2806 2825 2825
2807 2807 2826 2826
2808 2808 2827 2827
2809 2809 2828 2828
2810 2810 2829 2829
2811 2811 2830 2830
2812 2812 2831 2831
2813 2813 2832 2832
2814 2814 2833 2833
2815 2815 2834 2834
2816 2816 2835 2835
2817 2817 2836 2836
2818 2818 2837 2837
2819 2819 2838 2838
2820 2820 2839 2839
2821 2821 2840 2840
2822 2822 2841 2841
2823 2823 2842 2842
2824 2824 2843 2843
2825 2825 2844 2844
2826 2826 2845 2845
2827 2827 2846 2846
2828 2828 2847 2847
2829 2829 2848 2848
2830 2830 2849 2849
2831 2831 2850 2850
2832 2832 2851 2851
2833 2833 2852 2852
2834 2834 2853 2853
2835 2835 2854 2854
2836 2836 2855 2855
2837 2837 2856 2856
2838 2838 2857 2857
2839 2839 2858 2858
2840 2840 2859 2859
2841 2841 2860 2860
2842 2842 2861 2861
2843 2843 2862 2862
2844 2844 2863 2863
2845 2845 2864 2864
2846 2846 2865 2865
2847 2847 2866 2866
2848 2848 2867 2867
2849 2849 2868 2868
2850 2850 2869 2869
2851 2851 2870 2870
2852 2852 2871 2871
2853 2853 2872 2872
2854 2854 2873 2873
2855 2855 2874 2874
2856 2856 2875 2875
2857 2857 2876 2876
2858 2858 2877 2877
2859 2859 2878 2878
2860 2860 2879 2879
2861 2861 2880 2880
2862 2862 2881 2881
2863 2863 2882 2882
2864 2864 2883 2883
2865 2865 2884 2884
2866 2866 2885 2885
2867 2867 2886 2886
2868 2868 2887 2887
2869 2869 2888 2888
2870 2870 2889 2889
2871 2871 2890 2890
2872 2872 2891 2891
2873 2873 2892 2892
2874 2874 2893 2893
2875 2875 2894 2894
2876 2876 2895 2895
2877 2877 2896 2896
2878 2878 2897 2897
2879 2879 2898 2898
2880 2880 2899 2899
2881 2881 2900 2900
2882 2882 2901 2901
2883 2883 2902 2902
2884 2884 2903 2903
2885 2885 2904 2904
2886 2886 2905 2905
2887 2887 2906 2906
2888 2888 2907 2907
2889 2889 2908 2908
2890 2890 2909 2909
2891 2891 2910 2910
2892 2892 2911 2911
2893 2893 2912 2912
2894 2894 2913 2913
2895 2895 2914 2914
2896 2896 2915 2915
2897 2897 2916 2916
2898 2898 2917 2917
2899 2899 2918 2918
2900 2900 2919 2919
2901 2901 2920 2920
2902 2902 2921 2921
2903 2903 2922 2922
2904 2904 2923 2923
2905 2905 2924 2924
2906 2906 2925 2925
2907 2907 2926 2926
2908 2908 2927 2927
2909 2909 2928 2928
2910 2910 2929 2929
2911 2911 2930 2930
2912 2912 2931 2931
2913 2913 2932 2932
2914 2914 2933 2933
2915 2915 2934 2934
2916 2916 2935 2935
2917 2917 2936 2936
2918 2918 2937 2937
2919 2919 2938 2938
2920 2920 2939 2939
2921 2921 2940 2940
2922 2922 2941 2941
2923 2923 2942 2942
2924 2924 2943 2943
2925 2925 2944 2944
2926 2926 2945 2945
2927 2927 2946 2946
2928 2928 2947 2947
2929 2929 2948 2948
2930 2930 2949 2949
2931 2931 2950 2950
2932 2932 2951 2951
2933 2933 2952 2952
2934 2934 2953 2953
2935 2935 2954 2954
2936 2936 2955 2955
2937 2937 2956 2956
2938 2938 2957 2957
2939 2939 2958 2958
2940 2940 2959 2959
2941 2941 2960 2960
2942 2942 2961 2961
2943 2943 2962 2962
2944 2944 2963 2963
2945 2945 2964 2964
2946 2946 2965 2965
2947 2947 2966 2966
2948 2948 2967 2967
2949 2949 2968 2968
2950 2950 2969 2969
2951 2951 2970 2970
2952 2952 2971 2971
2953 2953 2972 2972
2954 2954 2973 2973
2955 2955 2974 2974
2956 2956 2975 2975
2957 2957 2976 2976
2958 2958 2977 2977
2959 2959 2978 2978
2960 2960 2979 2979
2961 2961 2980 2980
2962 2962 2981 2981
2963 2963 2982 2982
2964 2964 2983 2983
2965 2965 2984 2984
2966 2966 2985 2985
2967 2967 2986 2986
2968 2968 2987 2987
2969 2969 2988 2988
2970 2970 2989 2989
2971 2971 2990 2990
2972 2972 2991 2991
2973 2973 2992 2992
2974 2974 2993 2993
2975 2975 2994 2994
2976 2976 2995 2995
2977 2977 2996 2996
2978 2978 2997 2997
2979 2979 2998 2998
2980 2980 2999 2999
2981 2981 3000 3000
