1000 1000
362 909
757 680
184 718
211 43
760 619
789 476
969 331
602 296
748 958
567 999
425 504
863 546
231 932
772 527
297 692
720 153
954 955
803 81
460 231
387 460
646 833
100 702
412 940
314 767
626 886
923 783
703 508
748 96
219 517
59 692
460 968
144 474
392 432
474 550
740 384
882 588
197 452
865 560
774 842
71 58
231 813
617 453
824 858
775 648
314 319
575 124
649 621
892 206
241 430
818 124
970 967
791 952
999 263
201 240
101 605
564 324
2 650
677 92
896 522
989 888
637 559
487 111
781 455
468 757
981 744
892 498
909 18
387 233
337 474
682 997
218 347
363 824
891 701
228 465
800 158
909 943
571 74
972 445
108 960
549 853
800 475
182 158
133 117
891 457
332 63
181 604
55 76
292 140
846 332
139 267
447 200
931 326
34 931
780 555
842 742
654 26
731 424
927 58
446 528
360 507
766 454
134 445
337 711
913 194
407 89
211 152
200 569
252 605
810 773
376 281
776 860
198 197
771 184
299 854
875 670
271 68
807 831
772 934
46 616
851 29
539 979
896 172
735 705
921 166
517 711
793 931
388 365
478 409
411 34
277 374
265 440
924 524
11 194
931 291
354 110
879 836
402 900
97 859
91 75
613 123
513 143
130 455
618 504
288 302
696 226
567 691
735 29
776 162
30 301
74 339
147 163
476 351
197 584
650 502
586 218
743 189
942 834
66 419
719 758
249 195
639 904
384 454
314 34
705 369
515 457
366 403
204 520
225 540
908 343
272 525
594 997
791 542
885 649
642 276
653 607
396 998
877 77
432 743
547 267
656 328
673 887
192 617
902 546
248 619
117 195
82 665
927 448
155 666
626 807
916 736
571 0
19 941
778 52
63 63
244 22
925 610
10 922
247 901
614 874
113 518
751 643
517 487
913 915
961 485
911 375
236 414
363 323
999 970
841 660
253 143
321 850
551 836
123 551
524 208
385 487
999 199
510 648
14 198
937 670
0 116
596 124
329 919
545 829
184 887
751 791
75 636
806 481
579 293
638 263
283 500
98 331
24 785
945 345
632 394
81 138
94 490
583 867
874 944
666 517
646 382
8 482
679 734
574 788
451 926
422 317
35 969
484 373
449 833
110 907
450 548
296 591
717 787
595 718
126 25
217 862
15 97
619 247
162 790
921 407
246 10
299 798
111 263
189 72
466 830
873 828
521 606
796 868
866 458
792 705
610 556
891 596
866 44
536 440
991 29
994 694
78 984
458 665
549 579
72 312
249 870
376 658
224 883
882 568
552 619
965 915
19 3
483 499
698 475
111 663
540 763
227 485
228 523
198 546
112 498
964 24
888 751
508 540
744 670
707 372
30 567
652 212
484 656
38 810
228 709
657 842
18 798
85 999
703 825
61 519
745 479
868 579
854 619
785 440
732 739
603 346
315 251
593 681
14 364
462 773
67 257
347 48
21 960
329 579
735 941
312 837
911 775
975 582
719 773
396 691
244 372
870 249
420 17
475 615
255 977
585 592
36 991
366 392
929 938
809 297
891 691
888 659
224 796
233 999
258 926
178 529
637 45
0 799
482 110
97 762
705 732
210 808
434 709
970 311
127 542
346 357
766 784
28 456
669 757
601 102
198 664
9 169
326 63
450 129
139 503
971 475
666 395
781 471
972 889
311 232
804 827
260 662
551 792
398 550
475 743
327 256
630 853
462 43
162 915
867 581
582 386
50 556
771 477
270 637
94 385
582 916
378 552
464 694
949 443
353 967
308 306
535 607
696 373
309 139
924 233
928 515
756 56
48 505
46 121
260 0
526 542
93 202
502 206
468 193
441 100
829 673
767 264
510 148
648 229
466 808
724 217
318 293
289 553
700 866
313 324
79 764
510 288
958 123
101 465
751 80
377 219
611 98
168 977
841 895
471 657
63 814
13 294
381 282
526 856
567 248
817 17
288 361
591 871
224 929
348 126
218 42
603 658
628 211
657 775
364 872
330 23
697 0
817 379
918 728
171 522
699 143
112 580
23 763
184 943
665 854
407 793
874 1
494 178
399 133
886 493
685 69
534 830
768 544
832 518
223 571
332 587
739 168
202 311
365 991
202 986
813 270
782 172
476 420
962 426
173 966
684 163
17 129
710 960
169 594
456 66
571 865
787 421
885 335
991 260
706 685
59 699
48 391
597 945
751 901
621 296
418 799
218 689
476 129
503 431
0 849
489 508
238 130
283 874
906 711
552 232
930 481
378 930
234 160
288 334
596 352
992 354
341 296
888 208
47 977
685 94
374 241
650 851
910 259
205 595
69 392
687 217
633 960
43 352
401 428
991 856
443 398
463 678
462 408
642 638
140 447
990 503
113 683
944 53
3 43
52 74
282 568
825 435
535 412
319 181
603 439
17 296
632 960
792 126
665 975
782 112
688 772
300 802
477 734
721 131
480 865
871 465
809 36
226 521
847 525
823 86
129 251
523 596
870 890
411 545
951 973
553 568
209 716
114 827
501 318
866 783
1 875
702 875
779 700
174 952
772 237
28 723
322 109
561 302
791 69
448 792
999 521
447 954
266 500
146 834
876 598
786 950
656 299
800 778
235 571
711 718
881 313
68 528
980 367
47 37
501 683
145 470
378 281
594 293
903 876
596 698
363 701
964 558
854 973
871 780
136 427
897 205
187 200
560 384
94 830
215 79
926 54
384 340
95 472
226 180
504 68
211 671
347 737
383 26
566 308
52 663
788 499
164 495
74 516
756 948
551 310
473 0
300 960
598 769
51 7
32 595
336 211
519 557
343 823
584 543
20 516
17 533
279 698
385 167
343 457
911 897
172 429
499 137
306 190
948 292
47 325
516 814
442 59
214 721
180 497
44 624
387 172
305 448
649 130
834 863
803 941
189 856
774 0
943 7
592 803
936 131
864 907
526 204
0 761
603 93
259 572
39 906
848 862
732 784
70 6
635 579
384 590
915 834
71 343
102 678
716 413
600 775
306 442
863 821
705 4
11 553
183 153
145 150
999 149
805 695
588 642
456 891
50 695
85 783
81 819
424 216
831 721
361 558
212 233
332 259
39 386
413 999
963 961
727 237
694 687
869 718
174 180
237 622
629 615
917 996
517 897
363 455
147 610
235 378
337 959
970 14
638 977
501 660
384 540
179 836
416 528
732 320
766 731
858 622
279 844
360 593
972 494
532 85
373 182
685 485
261 222
0 189
32 935
540 837
427 785
398 974
271 97
135 861
655 782
76 293
573 445
420 346
798 710
864 357
684 678
330 324
678 876
51 958
260 494
573 44
530 115
973 776
484 904
10 516
404 46
773 757
492 681
80 409
989 873
222 468
28 700
941 436
221 288
580 468
565 163
482 608
12 630
229 697
56 905
613 903
939 982
977 350
413 787
164 923
340 648
881 908
965 919
100 688
772 148
611 214
264 0
278 988
237 552
820 25
980 423
513 451
620 906
424 315
486 937
175 416
760 248
74 90
732 212
385 796
855 83
357 253
13 65
863 622
824 247
43 983
564 475
273 144
946 569
24 913
165 443
467 768
304 928
887 139
611 210
647 434
458 702
258 682
308 768
140 821
554 163
55 343
896 425
118 377
923 482
640 317
915 620
635 950
380 368
320 682
237 231
693 438
737 816
735 979
97 43
64 805
832 113
999 411
137 993
948 342
538 25
880 853
635 594
499 10
651 794
262 990
264 106
820 864
411 120
573 708
126 303
434 174
279 435
367 529
743 624
822 213
448 538
367 13
15 531
416 849
411 888
941 742
125 961
855 74
669 387
512 600
573 616
385 87
445 753
970 153
897 932
219 674
210 733
512 277
64 988
177 682
528 390
428 442
261 515
362 359
413 615
289 194
380 548
838 135
317 960
111 243
860 945
233 90
427 207
106 552
968 413
333 312
847 295
371 226
232 0
773 724
653 453
62 585
434 698
234 55
130 877
118 168
18 492
739 490
350 341
158 808
983 512
1 632
333 957
529 413
574 971
525 21
903 157
447 259
160 109
277 550
555 999
865 561
915 120
518 372
86 431
264 251
192 114
661 122
115 457
313 828
990 534
319 574
852 759
606 381
281 819
51 389
67 290
24 894
160 315
236 914
924 19
185 220
758 133
473 225
78 619
111 723
360 633
558 630
749 46
902 761
782 605
332 706
794 478
160 846
81 239
456 386
248 408
15 506
402 66
243 428
745 433
471 569
732 217
303 391
383 62
46 43
768 364
425 494
106 31
837 169
634 860
150 391
765 85
318 192
74 430
178 86
717 891
386 671
639 680
0 318
373 953
678 985
796 221
788 52
501 188
471 335
20 234
918 541
126 553
42 160
713 557
733 481
395 700
566 579
107 609
318 942
384 795
240 465
415 23
122 465
90 361
755 428
382 643
323 783
585 765
860 721
113 914
267 464
522 860
790 518
635 172
60 665
267 360
856 106
460 654
388 208
501 344
402 823
81 334
378 549
857 251
527 479
884 955
414 669
160 551
817 906
996 742
223 690
710 534
387 54
204 99
643 376
