9999999 1000
4648338 7027781
1044433 466047
4345928 5830928
4347720 4545999
2548363 3671059
9705998 3360444
9271071 7476136
3523927 7831285
5852450 6337363
54033 9362543
4913039 9564106
5543876 4956629
1108623 9122418
7277342 0
6112148 3528419
3650390 1752463
9846553 1508690
2807963 6199808
4707317 4103980
9641733 1464926
4458203 4943116
1013562 7184892
2364901 8460998
2157786 2642699
2731304 1743733
6153174 2873327
1518611 2717090
3326604 7062109
7686825 5604975
3289108 716424
6053494 7553552
138100 5100212
9108903 8594608
2279600 3938460
614573 4072430
9631008 3356505
3857783 112321
3006097 7040608
6792600 2256958
6841591 9630335
9769451 1819656
3439179 7569615
6396677 1561667
4047881 3697120
3471386 4221634
2707289 0
8603175 7303906
3286561 5731725
1192355 2041221
5930218 8056687
4811798 6443922
4686928 4320583
943186 5153794
6948171 819725
9855434 1291702
889692 6386039
2157764 5297160
3222400 6409719
4859965 2591579
5900191 5554855
7697282 7217220
4698999 2360768
6281103 4006299
6305030 2238783
8846203 3911016
566976 8394892
2968791 239215
6986780 8216203
9012533 3344814
3108928 2335461
9135623 5637422
9999998 6898642
3318557 4446739
9563817 9769807
9291045 9184220
2413764 6847254
2108600 788999
5037099 3220592
3662526 4147439
4947860 588917
88287 1858009
425050 5313695
127385 8840524
5941988 6171517
887592 263062
4743662 9559418
4404173 8129558
4846024 8345021
1173645 8847973
5071590 6383456
7573737 8720398
8314715 9388796
4050505 6590723
1312160 5830208
4878783 8301345
3543475 3884081
0 8254783
9510062 4065344
6768013 8174158
3650053 1202992
7832086 8588453
9119475 6083508
1875879 7414394
6001495 9104554
3625570 2662382
3513535 2972385
5308807 8202841
8987922 8717810
9685299 3907892
6043830 6528743
7828834 5033388
5531147 3893734
7987360 9132391
4582942 1304798
7131153 2304706
2538220 9609027
3075546 6199335
4541784 5191528
5233681 4013091
8478361 6604540
3135399 4020738
4439867 8169453
6177359 7170123
4032726 4121962
7611256 6388149
4937725 5207196
3513385 6455573
3635334 2365046
9917212 5285771
6483961 5840871
5146174 7900036
7540950 8146909
4791039 4963303
50400 45026
1751242 4571498
1021404 9958314
9259850 9744763
7450339 7935252
2151654 5309133
1415258 648699
6913796 2907417
4395818 7439815
526476 2008064
7257741 9349245
7352076 2103227
1170707 9231609
330981 8911986
2997830 2865037
9792581 8077508
8856664 6968000
7029885 8084059
30773 9136493
2118021 4901034
594414 8856675
9301365 8630718
1036245 1942536
4417717 0
5431809 9698817
9223387 1402102
3337576 208559
5011370 1988716
8877657 177867
8675983 6654769
6586314 4962
6101488 1040409
9419715 8018512
8376486 1402556
7346652 7977121
1351352 3604781
747572 5261595
2036624 1245878
7346607 8895109
9234307 6416826
3451043 1134940
9708558 9426689
8014437 6183717
1413463 4639047
1926656 5685904
5053974 1455871
5544195 636503
3027528 311876
6848743 2158768
5052631 3739173
9489790 6162582
540228 5430777
1131137 2776544
6776589 5096029
4179091 6724830
4503195 7265619
1281780 2746092
8137180 6922421
6507311 326441
3196287 4939073
9203234 9450103
5101628 6124716
6792907 3818529
6749598 7249807
391887 183856
1412340 6497595
9478347 5294698
5854814 5693884
4841104 5019950
1906136 1927985
8427368 7371264
6604127 1724930
7924920 6585930
6737168 9886458
9390108 153927
7185196 4269850
3699528 4608319
4334240 6834572
9141355 4577318
7364786 7877812
8859632 7520506
1886015 2370928
6659983 9415999
6654194 5439435
1802953 5862661
7913625 9296012
3858661 9533511
4393120 6556698
3594421 7089835
2517962 8614059
4876184 7470082
8627568 183190
6825896 2078555
8416843 8438863
3075526 2795005
7091584 4729113
3903319 2688560
3533446 3289236
8368261 8054807
8003340 3072241
4689093 2188207
4816271 4635062
3169408 4421515
7184159 5366247
6019999 8493873
5823198 4230987
5095486 3481999
9521426 8182085
7481815 2632517
6641133 7126046
9652476 9829310
4468325 9531080
4732260 5321925
1891842 4407601
5696171 2658501
2477867 2955481
1649738 8248497
6260091 8625611
6924437 868179
0 7249898
4428494 5365789
5677888 2202742
2974565 3292314
9945338 8113764
9814774 1151455
7611032 1226175
1051812 5640672
7114490 1031611
7403733 7006681
659044 6755141
9999998 3796712
1481246 453214
7949154 3071685
9441898 8234026
2937607 8597770
6808363 6707295
3858308 4343221
3185011 6168400
4020024 1745575
2496520 119968
6522803 7085923
9540193 7139658
3750205 7425037
6811037 5654355
5637630 1181791
6322099 6516283
5513513 928682
3906599 7536592
5834492 4946168
5723115 6092483
998559 9336032
1722037 659242
3992905 5380142
8193628 3114554
6496745 6263848
5595631 4757778
872586 5377360
6503426 8761149
7123595 2029436
8896999 452621
9622358 5083407
3460276 1039924
3821189 6540035
2002874 369338
2439210 683139
5387030 3249405
8130739 419522
1969004 9429668
8174687 1723548
1514221 3150951
1991831 777072
7909625 6694866
8984657 843792
2811332 8543880
4856693 403634
2806791 8431450
212970 1317671
6214378 7675204
8794770 6365608
9753556 3256341
2477166 7232854
1180217 2630218
5653293 8409309
2647111 4261250
3510653 1514266
5883519 788638
6496252 1186477
900612 7875073
176554 2719318
7145401 5404707
7257453 139125
1395079 1195187
164965 3642529
9297345 908560
9071090 819609
7930397 9683346
1924197 5160159
3783757 9504913
1919049 3903264
6564915 1481764
4712151 6742895
9715037 1369919
5767266 1177685
8247209 2322865
8207963 4084538
5777490 2389995
1683490 5898266
6029443 2566814
8854228 442328
1039205 3214597
6645562 9464705
707454 8242318
3004606 7172444
6114011 3545772
9373177 681008
2907939 7284619
6236357 9167078
4591440 7572927
1375780 5918380
8114204 4819091
8233061 5766344
6223675 5163587
4708199 9526020
3026828 436525
4790164 9843602
7785633 1886086
6593003 6435173
8957449 4282865
8802538 358160
7403757 1582667
193560 6112632
2066354 347038
1728594 3322362
2388527 1288514
7553767 8755341
41803 1380994
3159958 7600373
7339516 3739045
4094278 221844
2015529 8046545
6409375 9949234
2786724 7485429
1175007 7817197
333366 9999998
465869 9633022
6436572 9486040
7285748 209070
7500218 9594686
298614 1308979
8396866 1334223
8166133 8651046
2539802 7454713
7096965 2189273
7252173 6037414
260682 1524286
1943087 2075863
7650682 6607633
455495 2004932
4329537 2804404
2762279 7693196
8610212 2870085
8253095 1225001
6206407 4440760
5988604 3196762
108680 7730814
2575714 3771096
1929117 4162864
3678594 5901662
5433953 9706578
9620732 1698861
5392681 9413891
3058195 7866123
686677 1665578
9674805 8028706
2503270 1839058
3184330 2539014
4292570 5295471
339045 1399374
7576797 2766177
4410364 7771334
6748816 4706230
1664676 2946783
6855596 1043718
2422757 1430456
2710907 9999998
9522492 4562716
749057 4207076
6129988 434686
8664877 4786874
263863 2282575
6140233 3431951
535158 4394279
6832239 6030680
862720 9763877
446100 9757719
8953650 8307571
3126333 6261088
8861141 8841363
6144259 5823508
5871357 6356270
2017838 8412336
2964806 708728
349433 3089011
219536 514943
7195006 3991649
7859736 7943452
4558290 8083730
2477041 1016413
1443933 6423047
1664182 7328117
8473647 9121651
292082 3474228
8916710 8981131
6795912 6461680
484671 8515969
5130828 8868577
6267484 8362384
6320787 5367700
928654 7723913
5347362 2717412
3406435 6470891
3276742 210692
2319089 5108270
1731217 6543831
3854011 7856954
3295731 4397206
2517697 1323007
3225634 9095842
9630398 2665225
8599271 8283576
9627889 8052071
8378761 6415781
7975838 8619630
6949298 878545
575259 2954180
4742346 6773121
9150318 7938952
732377 9307148
8028500 979011
7534651 4839916
5506945 6396734
9782151 8959753
1418107 7514204
4305164 6039326
5384623 1125222
8790069 3841356
120 9007391
3381391 2589661
6497725 6516118
9731818 6896934
8853773 4333604
2537634 2039645
3634347 3451462
2520974 3691712
7808170 7502760
8117353 5882052
7641238 8551969
5456202 4241443
1800991 5814036
8919647 6683156
437096 4638263
9715225 8900764
7425628 9324416
1604482 7680066
1410602 7684318
7947651 3442054
3738058 8704723
6493668 3606597
6379522 1502324
4851981 1075193
8278811 1902886
9058595 1617063
8115762 8216718
8350426 3560187
6708176 7715072
6261193 1679444
2438651 8078473
7859431 2004536
4479210 4964123
3425823 3000143
5249996 5120309
7815165 538443
8596049 5886177
8749567 9048981
9188477 9800620
3765399 6425029
7348086 5933713
5614259 5946778
9701641 4198491
376136 2947721
8943913 3701509
1643003 9386823
7367778 6037270
3548062 4500884
9888455 9198428
1411255 8486980
2919594 7627236
9036688 4269726
2247397 4981374
974098 5535747
9818739 4354401
4570485 675912
5437775 1863256
1796254 5048276
2271387 1831191
7688999 6275066
6648936 8021706
6463828 3350746
592658 8782601
505608 2470067
6770434 9907545
2664938 4032892
9987290 7184283
7213562 95234
2065848 5190982
8320494 5828668
7466254 3448919
5613076 4655407
4365153 3474532
4737 2564310
9434547 9301754
8586854 8258341
8782895 1298992
9693934 1465861
7793237 674909
5202328 3676890
1183946 9916203
694233 9407662
8237907 2860779
7351564 7225758
1839679 4670166
7526143 6676240
0 209010
8579833 8072067
8385582 1389288
1303506 5441315
4061621 8041360
5544276 3473748
5725167 7155721
7237556 5309546
9999998 5629918
1892939 1832423
5376623 3984866
7906581 4704290
7681592 7091453
9515981 8891453
8917426 858936
1887284 7334617
478499 7185054
2894234 6985545
5198819 636226
3879209 7575837
3595960 9700292
635501 6041228
3045731 9096304
2706786 2740988
9729707 9801204
5867519 4638598
4456778 6018392
4555084 9163320
9999998 2928335
299337 46258
9328215 2209293
6069951 435962
7452985 7471048
4655621 4140374
557573 4398560
6341113 880249
6436105 6303312
775146 9279039
2565323 1025723
2387989 5144005
4217355 2971752
2019267 7878968
3342292 5330361
3921145 7579228
4037591 4522504
3192262 5080998
9054106 9705632
158402 7357198
9683618 9699114
9948006 4087975
8308410 1375146
4870607 6790427
5777032 8079027
4088523 2555158
7774899 7029294
5385995 9816988
3717234 2125081
687993 3634676
7737979 9960666
6399106 3118283
5604342 3029208
950052 9999998
4640436 0
8460917 4573693
4364042 4577978
5749837 2553056
9227929 1484088
8967026 753570
9390540 8984695
1176967 8620916
6978012 7990717
6459460 4388242
3922175 6225126
9999998 639436
6370948 3769470
9596511 8391196
7177128 6016808
2217914 4018880
7493139 2510369
6954252 3589899
9173286 6827298
6673678 6540885
185540 3148366
6428884 1207350
989365 3014827
7951109 8155428
3250252 532411
7962723 1916210
6166939 2036376
0 4342328
5922407 9274294
9166013 2518902
4693524 7410722
4910029 2204053
5735856 7806180
2596867 3373459
7925359 848985
7191536 4539936
6627331 9383347
2833931 2869842
5909974 8355119
4736989 7708036
9245864 9793514
3692792 7754904
5044055 4911262
3724637 3166531
7271139 3161643
3141911 5865600
8073983 9641934
1146935 4376816
6426841 8776142
2646954 6424448
8554904 9421705
934188 2344525
8964069 2490977
6003275 5631145
6042486 8789833
4870700 2458574
4457429 4655745
1141726 885247
7226093 6087058
5134904 8049094
3967505 4806754
4732904 8553842
8487601 2967445
2264694 1236791
3858514 8237584
6507672 7643754
1223250 9427186
336771 7659791
4274601 6746993
7310848 9825932
6376942 8766754
6490288 7718318
1433508 5076337
260616 9240935
803381 4386618
9632521 503157
7060850 446726
751529 7031523
4506072 6492200
7193478 6888928
4184549 3232236
2079313 9288704
478101 6751950
5922573 6548397
2525153 1569655
5356098 1551414
912468 2360815
6680823 8259611
4084171 6177470
8369153 2292526
2923070 6299281
1765941 2466651
4377493 1677747
1397686 0
121821 8808238
4837887 4780275
7012040 4137364
3380558 4126765
9068575 5444494
1694348 2765347
7213495 2414208
870912 8587397
7496264 7710146
8998661 2616130
6204745 2588447
6085663 3812572
2721154 7730191
9973969 1529591
5009879 4454446
8389002 8090699
2428388 4472442
2121051 909085
8743720 5414965
5579062 6319193
4907361 2317058
8439757 3872678
104178 906562
3351292 6590932
4544643 9999998
2166389 2651302
4081454 5728726
9076133 8627378
9583180 4816115
6322309 766272
2801467 2994359
1709279 3616709
3714482 5656113
5501901 4206263
7989724 9570783
2602689 511341
8156626 8065361
7297844 2372285
5802658 654224
3055535 4189152
174018 3070054
5274383 465343
8974338 5316304
2130833 2916806
6878719 2366824
4513408 407872
909878 2068904
9108805 2097418
4899321 797894
1101213 1270999
6404376 2087712
4993302 4376335
1459372 1052423
8986263 7685075
3587259 7867787
9583187 8120324
7238329 3992115
7253478 124755
6091573 3133049
1404968 8269816
9167941 2259589
9675522 6476344
9012453 1825430
3524047 8565935
6450789 1543097
892345 4063788
7075754 920074
1507632 9203849
4333822 9980622
2754091 2337761
2190279 8361025
1279388 8264212
7406289 6539030
5452272 8474575
7862986 4607426
9517709 7202719
7945627 799800
913414 50293
848387 3503396
7289430 6011387
3773064 8630175
5996458 7755550
2066774 9731963
729001 1445734
6465618 6950531
5365673 4482373
2838705 349548
4415810 5803954
8081561 1130696
1904305 4058170
5332386 884022
998260 2739842
3214741 814376
2646125 3778519
1534521 2177944
4928240 9268876
8301370 6729443
796935 9733018
1881032 8413202
2172321 9105239
8991241 2093238
4373753 7152879
3593838 4190466
8633946 1788940
1915332 1385524
8169421 1521758
7525476 6522107
5996488 8784117
175435 9502322
5392807 5362935
5476141 7084556
8858279 3961244
5380707 7146694
9301484 9671536
7608901 8309132
8598096 27627
5100093 1768592
1315232 6638102
3219929 9999998
6958502 2649883
1089901 8311077
7508495 1882837
2616061 3985269
663331 1657674
2525013 7373222
5424025 3873581
6361285 7136692
7904557 2737201
2860828 8040914
1840093 2120020
4619267 8458123
2053395 7255185
9110156 7784095
7366472 6632933
8325809 9838649
105723 1734225
8744535 920535
3619314 6987273
138266 3992057
1992153 3372786
4970804 2204405
5867391 7626071
68856 4489063
4858323 3281344
9638644 1605520
9140943 1114159
433538 3275903
6767821 1609787
9003362 1670795
1698861 8472963
5924130 3670883
8741707 2685452
2112769 6392828
3498320 6500143
3318538 8080881
8032014 8384709
7893334 6011986
5848504 6501845
6624984 7190529
253395 5349203
1508224 6884216
8765488 9250401
9547761 3498174
1015187 1803703
5067886 5552799
6609846 6689417
4129123 1967369
2293216 8880550
4771658 5898680
5286334 7331591
6890254 8276365
187723 9854962
7229941 9233457
3215412 8458939
1246459 846043
3219192 8306643
3795751 1551607
5905056 769768
1402884 8991250
5726302 5651817
9109082 7800675
5144972 3621483
3306403 7320621
5430644 8008371
6170641 1712913
5089703 6107268
7154890 4106661
9937137 2236540
5991259 9808986
7666358 6184897
1214680 8314228
8545040 6964609
3413067 2579486
5343496 7335328
4750394 2770375
1725636 2210549
2261094 8714078
3518444 8375431
8165509 9968832
1745650 4988349
6227827 4306231
4261106 7368090
1985629 7447424
6022405 6188614
5118449 8411759
4478846 5513321
1637633 734579
2472149 1806318
2654307 1439548
2312558 1394811
4372644 5796734
8568226 3428472
2210448 6561072
2716751 1501992
2865705 8517664
8944243 51874
2681770 1024718
1506760 1681755
5702791 5296939
9058813 4664913
9442389 456140
2455487 7636131
4392799 2218306
2989910 5760881
7989535 8913216
1129263 2358490
4156593 5071811
4854376 4644903
4195090 611536
8038712 6017792
1749649 9916853
5076768 3940159
398871 670379
3652854 9776804
8880507 5118898
3178240 3040636
3017674 157382
4581316 4653863
9923794 5009136
8808931 579068
7177997 3103674
7836858 7412597
9221596 4994449
6429600 1118413
0 3442984
8418851 247317
3103836 7567325
121345 4638900
5411742 2395694
3424518 4844138
3780871 1291326
4181088 775045
3293943 415697
6989476 2345399
2756781 3009900
9800869 2357183
5381077 6769881
2817692 7814214
8899444 409199
8179276 8826135
9505218 8668282
9408456 2290128
4869432 477926
5660417 3347094
8548184 7960170
4480420 4965333
4974716 2191293
2500699 9330705
3320401 8134645
1466680 4708098
5413250 404430
8870456 8292207
8512814 68436
993134 7628352
6386856 5466826
7074656 3521081
4089507 7808185
1975495 301318
7228234 1742687
