100000000 1000
24736926 74851761
58763174 55180848
96001763 76641342
61656759 79184629
13141524 46979053
96445147 26455547
64513050 58278441
90032742 14726092
77326159 48165973
83839067 10242765
10258524 95308581
89030483 21040593
81095579 81396395
67566922 68535623
14221658 41351212
95396393 73023426
80122600 96235873
59401495 5715852
28056831 40758880
28900860 65538590
50821677 97707276
58192745 63577993
82372245 99961971
74272002 98388649
2731817 5525863
63653665 57454229
72407016 55836067
34803054 86016966
75664467 14864774
44055329 61215106
76600460 79394506
63442344 42726282
61367625 44371199
94731148 37949308
10414620 88402649
24461393 11149415
6500964 14937106
13299121 91885284
10371403 57605677
34197684 57501694
46167358 80362306
98386375 57504580
47555060 49893171
59647975 53550879
48184700 8737405
95164550 24816044
20463712 45972406
32820702 25326777
53637058 51219139
70119784 55204553
94973255 83938032
37843183 73271252
82311025 83469180
2923461 32763733
39674601 67814043
67541849 31166288
97002863 42529776
90171720 21293672
9146366 54967848
43769113 10026501
64865928 25296592
33789956 63424142
71975187 8594308
91048642 53299859
76682426 79897821
76042151 31820614
25637674 66701716
91589206 24393158
85499585 85407940
98990772 76198506
54154955 4446211
3288049 97911610
24440874 71389695
88210867 9049310
71175022 74332296
72051112 93729093
5758477 83472181
39134172 20986405
17722389 30421101
18058062 56663599
44451901 61611678
95798386 15963818
72265707 39601117
72829235 10918408
22387991 52122878
65913861 49542720
84085778 65856231
38488575 81315880
6368161 16567812
40630207 33597650
72365446 31449976
50895066 75011713
76593690 28166165
54992448 28218090
88478458 87633203
73747613 46438883
20642219 99338375
11699189 85770840
97982737 12088339
40022484 97470901
66942484 88858682
57728693 85868135
81736162 55834532
47564823 19560888
74480105 20001076
1679449 68345675
78482653 19334638
45623067 42507921
8190246 47501828
88886004 24388687
64126521 43225685
99704083 41170959
0 50206741
61390823 64184869
59128763 95651128
2809084 46457793
45490290 76201069
73412668 89079306
12486991 78388175
71856911 17392358
82536033 39923578
18777237 90918552
42440068 83468301
87394395 1709177
47902266 99999999
21484561 76378861
59238139 2754240
90617247 4185918
4091122 40884442
72872107 77310042
76134850 45363667
80884308 65490754
60623370 40349013
0 71649363
57074910 79039950
28860510 57091011
68226601 82604172
73696566 4541519
1409652 30820335
59675748 37717760
55233910 54885889
53291311 84816700
47112874 24054711
90847432 4416103
25761081 0
54841874 95270082
82796197 97349335
83959835 59206097
91099026 73596945
55838690 66415962
79546998 72013900
20977247 63584305
62039050 57733348
52823669 21940060
34973573 59636695
98474613 68470388
60022722 68362835
24666849 90839396
53201783 88612352
43744767 58288087
32782494 18113631
92549748 42282493
9373603 44959258
38397463 25533692
33551171 45131430
5584403 16156724
22859249 97121345
70704556 15683344
33098953 35892999
95830692 63111164
94526956 1711879
64998125 36435364
21641329 45959440
16373615 1659753
44032642 48306748
1094202 3604852
74882286 67774975
61296604 83087089
33493757 24255195
58984800 51086276
69967177 38805121
98408542 33532110
82754718 8836427
37108406 63456745
51193274 19072234
9694094 80459774
67137165 36962111
48366700 19858965
58188671 54546155
78840936 60066182
23930811 8142107
35242516 46846417
0 6363579
16806806 82551917
3110971 64846452
50932178 22872053
52705625 10833662
61376961 35377256
42431699 8464426
90002395 28483227
87415761 99820308
23054270 69981567
56957048 89026952
30254292 81461034
64966685 43222130
85126256 76639965
84358994 94727688
82497350 13253974
60123874 19242079
46956547 66859629
50688815 74454080
23665960 14786934
39596739 30485191
608079 45375791
50254208 9866369
98745820 96766352
60331851 84952651
87691699 4310501
1109202 60936882
7392143 84030330
6305741 53814836
31321017 43685973
29047860 15420980
96125347 21760891
234262 3367867
12148463 94896882
29068121 5647934
9520916 76859005
17321325 34630044
47059123 89930551
87917920 99999999
52194856 72854742
22359539 28536586
81466285 9614876
93419825 6988496
9800829 37794422
1841575 37213247
44006078 56123920
87090346 90037145
51369479 56904458
97749738 22440101
42143133 27985739
2447910 94694099
63700369 16302714
4193891 31187374
51950139 28974740
75008552 58913497
21897294 61636165
3881953 22460669
60412490 23797201
21665763 22895201
18554340 90084498
51176618 91606566
90535232 4103903
68195748 13282680
36771630 95265528
34666864 14146686
25590072 48026557
12549075 52155244
60821155 49249921
36168828 39649062
48720360 41269873
51610221 52280217
77222045 99999999
57770425 98088716
39546572 91681623
37461403 35624426
29600843 79366164
659051 26569018
30947279 29534414
16725659 43424329
58095133 86234575
33277822 46935761
62567737 73146809
17589489 74083101
73210587 89823416
31135658 96414274
3304335 93280576
80541812 13410150
50743854 86170497
11779054 57680025
97579184 16342847
55934598 80051245
986947 82458120
23782836 27003054
79076067 16449882
64431860 20870325
50068128 65288428
18310793 36483652
98517230 81199315
5021792 90428313
22030904 28202860
56641200 23334458
81583188 64862455
92150628 64065866
53305175 60328811
5302984 45495525
63564071 97495446
97068463 7690371
55115007 25144745
74424605 35834982
41457096 68025729
63331448 30073543
86663383 64032928
97730827 41510732
79741710 51166415
5097243 26479632
8238770 73406018
80298476 42400851
44322297 77176220
87440735 28043333
37844464 0
5498063 41336679
64850152 55130442
6142149 23418672
88201711 63305005
45888929 19493555
35337670 71688557
2396505 37522883
92096094 11120294
47678305 20727932
56625817 60786961
14691240 91042647
5983340 7178733
68091235 10957945
14774236 15526392
3862723 56396367
22408039 46153564
91260012 37849209
13779524 32348698
27648054 14379160
59574310 95387471
60762282 63042324
17857562 26601491
6420128 53700449
58910245 27171766
63733928 64842614
89041961 72995236
60050079 64648126
99999999 7999113
35075445 82856864
57340016 3503154
41822905 45532473
32094207 89959501
45905720 74432874
97394032 79034027
30145465 15722500
99999999 45646116
92320738 5889409
54289439 87863848
88222621 94873178
79463793 20698424
96160072 38671710
46174392 41611871
83770437 68719310
68024835 9232582
472121 39064885
14303130 36592995
69937438 35238206
92316033 5884704
55483686 62672992
39256364 1062228
76451869 73030317
50708122 15549144
59633368 95111104
79288272 6252082
17181233 24937993
22125416 48700829
83152530 2670288
7684709 75333333
96674507 34238047
97708426 98188967
83209681 80883694
53377279 2916604
14102237 14684983
51146720 69527453
16937828 42831140
75037274 60893710
15071702 89687132
26322962 93607399
70172539 6951566
58352606 18919288
7001813 98016914
17886266 42234311
15412417 29682660
88486005 0
25218712 14039422
61595273 14180977
52666647 46755150
532584 72130599
27802137 80095165
42629892 56958795
98153280 0
28501662 65194565
94159628 98522084
19039478 82311559
24500464 43266757
33038336 32747720
94517615 99749421
64085764 84297204
84473448 65748575
99961396 26190566
86380730 16853211
65766841 39249587
15854393 10689766
3006696 96072318
70575681 37586539
93409170 21119595
86736084 77265484
94209240 76853423
71614494 20139497
91046411 29348794
80033238 61022975
10669326 5509534
82662060 98009121
88451087 15090194
1788294 59191075
57373557 83887305
52180086 45852900
83906471 97934505
80425117 93746814
35136857 29012879
32011255 14833369
26906386 90803578
64142215 97780267
65506802 6268134
31365615 48525392
9638051 26659527
37299974 11292124
95851109 58857733
65820083 41606779
34487328 39555597
80300332 17306235
24411541 61537061
28363231 91505222
50239774 83710052
78071573 3759183
14694477 60825672
64184307 90286306
68704260 9131771
19327336 47293720
80657328 18110313
49756833 13534433
25511849 2007401
51637010 70469802
33905968 84753768
22739027 86062828
17879576 92852874
61613950 3472809
94116526 94174749
65440129 4279845
86224716 79215969
50037375 81165060
26653253 95396569
66858325 95398162
51139741 40958662
47336443 57426024
15258752 10835145
84359920 20398914
93423499 67251928
60526587 7450953
49103236 68123577
30096302 33060343
5455760 29141958
79975312 10006727
25051102 27845148
76635945 23849935
60283580 38512566
53897721 63198756
86936599 13740256
39584465 67723907
56144940 21204611
11207922 58431651
82581239 87572614
72453830 84348954
41652018 2012611
43279052 42011021
75039508 59206118
92416883 45147400
26885660 95311879
30700062 82325112
65062152 96421855
69427854 91558545
92881494 87789687
40511143 88840333
75068138 68348351
4968873 73638937
49862995 56512718
21893151 29089734
36080998 58705636
54361698 81529491
26463290 7321196
99031067 70239611
69293674 71804324
72896575 47145179
14873683 35085123
5771093 50896221
64100236 36300451
10618214 67097329
74431656 34954370
63339060 55474009
60111046 58954040
25740854 41801345
83047620 29905961
40173045 22042896
73159589 99999999
78099842 40329914
59065016 87580916
47090028 1093829
57011248 46380959
93473106 72307099
17613220 43740544
83871250 42989455
71912815 45337114
72222575 83652613
88853969 20932408
67263571 84792297
30535861 58675303
3142767 53122447
89620353 92414399
95493145 37674150
18067400 9393763
31324593 62234201
32220815 21462762
80197575 1634232
22429825 75333327
10279609 20340099
10154063 99563260
50932846 20634341
55632522 61968807
92280680 85904701
23903524 94006809
22687955 95809826
88870679 47988884
62219225 43695852
51784939 13746673
25604318 67100627
48163325 11957252
71969529 13214951
27628877 40752634
5264026 844475
99601720 47478618
86921129 75089373
45765518 16094053
77288163 58381903
24794052 51074744
91119990 20577457
50089965 34395865
98537479 84731029
56782361 42898466
60135093 87294140
63461280 89728530
87906219 65803259
16850026 60667737
5300670 133240
60680259 32085068
47770085 28738268
9737210 57841731
73044384 9845988
43214020 17175916
17378649 70613594
39237731 32517944
9990320 91879418
9074189 60545239
92972847 77934678
63406465 44099620
55068875 36037058
82700565 44563642
48973642 19054372
13077949 50885228
84392246 16583968
23999193 62944883
69595016 54600663
21180890 29900795
52984359 75273036
56484701 61842624
53242518 7552048
3233049 28114002
5267413 17859553
87365866 61645946
2281615 18821296
65893976 66956434
49093038 16462350
71749920 65558545
95158883 94540499
18397194 82287703
88713086 34495779
94007776 79828191
94752063 95145366
62991809 1694851
60558286 97526114
31204711 7555919
76085134 27292274
42737135 40229098
92283682 5852353
46963457 41516276
1569482 11978352
65460365 24578570
44316240 82118237
44385359 54800928
53965707 87624868
87025528 30825919
99999999 22419177
83458111 26612965
78522626 83969348
10921141 33050023
48796736 43542654
32834797 39366597
35781484 66385434
32553636 45748353
26010184 62472762
26713597 61196714
3961187 20571895
17642374 90856745
24034 24663806
41532633 90312558
72189031 90302943
46800549 73904333
44504360 16728380
62399644 13977111
52395688 42265001
48363323 62740894
75548731 31278400
85447524 62675590
56111063 62184294
32251096 5586535
10271093 21772536
30283448 5439086
43237292 86996116
64029686 76166274
74967727 14479850
29231456 11370585
40096577 54139073
68652497 12416173
90786274 87739260
16465359 28095605
48955925 58089593
93097270 6665941
32036148 75623364
2562921 35463120
14023324 68418902
97912472 11481143
81807070 67821288
80665111 89573758
57362013 8821268
32137139 39881895
35876408 19788179
12283907 58557169
50689324 30635375
90257564 56674128
78880363 64700778
56903004 38862641
86977870 60902253
67772845 53315374
47171095 26345997
65457148 39761684
16213813 54554326
92715611 77285650
73462465 28327414
93940465 53058670
63506937 91646379
99656154 82366945
0 88360388
66781018 16504270
88646771 47764976
15328724 91561279
78152895 94879811
10407041 71832897
74441300 24071139
77479182 81636685
63411782 43053558
20434140 98515642
59323134 99123404
92842900 79214162
91351915 11209794
84914670 48748699
93732391 851987
42340519 93982245
92222311 74483179
60385402 90800265
98351230 84401284
99999999 77469175
38906590 42493891
84127692 87286984
20559501 78119163
30781696 52711474
38810214 40348230
70956233 70573519
15107916 11246471
4858671 32958652
38610459 29443226
88367309 46665059
97204868 95738973
73249401 87626972
41223537 33036057
24033774 37834957
41390595 13575964
2956259 9268826
46115189 63211830
11073458 58395008
66622507 3775905
8214376 29215883
22573443 69631582
70443617 98631981
495191 92458336
23330698 71584641
2998635 76271703
16426356 43476143
58312259 1808318
90458808 13701861
30472471 46988438
98425801 18321924
24813730 52953172
87262474 58118337
93835644 58564210
271713 99123959
38146745 45065833
46667929 58967377
66818463 69329113
78632385 11524531
82742136 22016698
12485513 60762534
94202297 995295
33972023 16705375
34473543 25647034
38409782 48160930
12903141 71679941
79897963 85943482
53266241 33005693
16198711 53613441
42521567 718014
6269055 34609040
11162893 2573991
76844206 94400824
76459362 52779398
5851789 10982603
95003501 9755333
43776233 50434097
41324668 32423853
1566255 8909411
71987363 32667782
24606705 25362874
76366953 33055947
74139106 75480720
70084128 51576131
21492561 85143677
90411859 24928183
75254151 76132484
18874431 35307941
24094843 7914820
95485655 38166022
42488468 3011883
19241587 31706422
13217739 90118618
31463082 85340043
58382729 14657682
54615948 81276714
30405718 68244709
49514280 73886703
24361581 86770904
35284505 80790571
84676025 98631237
57475777 51210066
68628369 0
86640396 80259411
98306519 99999999
33746067 32610416
26658105 66847763
14440794 19933361
41957574 90071683
36938708 39853879
39554580 11866002
46145717 12003695
87510239 13401025
75259061 51515946
826207 53295980
43581552 18800115
55314439 48029504
19552878 54601279
38771957 65644326
49644454 56225882
48903756 87921239
72884224 44590298
84517775 59004296
62171936 51489819
8767713 5402163
62294998 20196929
88838502 84144365
89246764 83481974
49009649 98345227
40689006 86224883
10023262 95585501
2475592 3645102
82911602 46318929
84271251 70344574
5704071 8214721
82365925 68857563
31119708 85676017
608801 25842645
8487647 85923858
67998145 76897994
14955914 55108438
39952603 53213822
1904695 2044688
91900517 31972394
38875694 30312261
5967120 74281236
24158748 91151217
4797086 21782420
28778741 14332279
66567750 84099760
66025012 48186166
34729345 86579596
54106546 56415623
66715294 95872285
98023468 72884057
77247172 59831712
48914904 78373601
62056126 97771597
84114131 85460953
58401508 82509351
60066813 11464270
19159695 85462933
3572865 30978201
29830348 60159885
15970994 44149583
45948228 62489952
59817538 12088924
6943143 29055953
55080242 36830149
85997550 45479095
36750794 95554789
19042361 68280105
65196959 39197254
4173030 63690794
66955538 71441788
86077603 99154284
51313777 75261673
65041251 93180693
79492633 34066377
73269782 6109623
26493956 47117657
99829044 13397715
52026200 19822956
98013985 21966609
72926813 56594981
33365957 89931602
50904804 77385167
30534598 88363267
85997875 9970128
57356218 38783044
17925957 717553
95753581 60541166
6174114 40474036
95685712 9254383
99737546 31159276
64708789 10535438
72645001 91627841
81457705 80943453
39551101 6619811
20446598 21488666
90268121 3836792
59004481 53971431
61103950 89243392
70900671 94879534
64588652 4821992
84785197 18067788
17273628 94087743
95698417 66977100
30170799 29949778
60743673 20743562
66121664 87408781
65376019 37364638
86374610 3615623
37133647 10910253
6238556 5844231
83943324 43061529
20728478 95799681
16318272 67005593
96772183 94979243
36942416 20191096
92088076 92954532
86555135 61498417
32727042 53610665
63363884 86467981
81562970 3159914
22077311 15470695
80811556 65062019
33071688 85032708
18908969 95103373
88210781 1779452
80377253 63558621
0 18200545
9615660 67243389
59477818 24340619
18891938 30066459
10536279 66963284
12800156 76416496
84671880 51561080
54372959 63834168
22710346 28303536
68514496 65189604
29611159 18812583
69218610 28336815
95169859 10477899
49764266 62053002
98215013 94612730
56157220 49056758
96891156 22821216
42447843 73364588
79611404 10378829
23184176 17054944
94593578 87028341
19832195 38709903
87973776 81433093
5491038 28391396
8723182 12160437
12405075 7364574
49776322 33587287
80807022 36712947
5573232 27782528
33928603 67850487
41101440 58971853
99272638 33885500
33989833 56951202
52699644 36858464
30834860 12100033
16318095 86751670
24703325 6586364
30065211 30055366
60245829 6498740
92060061 42761601
80275575 23985357
11123814 12168185
31519484 32284557
41315286 97092434
63787979 22906184
16231246 34814061
22923130 79167787
49740543 28911139
62869974 91009416
87890392 38699466
52151474 31684665
64807482 62178431
52358081 14806364
3979340 91151982
68441996 62061011
14790208 46470964
72010504 8889110
42444578 40984625
32196024 3483532
53428470 10169601
83275998 59616100
64346947 99492494
32209696 51073537
66234504 55425218
41905187 78799695
28806848 31600894
36709789 64849231
88401698 2038082
87865330 18282199
10389435 18760783
99999999 14361984
42329198 9769098
7350198 51087978
24628035 55807650
87115365 75376609
88567300 1236057
83948104 83538390
26363335 97304615
64635195 91733398
49529232 79935981
177004 8782548
50403595 22288468
11611084 54827048
57701397 29177242
38501235 68945144
42683303 10041140
24472399 72827285
45756321 97763256
66935077 96398640
46298214 94732991
89809904 76350598
91204763 21608161
13278540 24826661
26413047 81597523
34306175 2323847
35456536 24596538
30700287 6253521
7800037 77079034
8590218 26881393
88872798 65782437
32488053 69176884
14281881 49648674
58473293 60092972
29764425 73293478
22300624 55228239
31951879 88028715
77436972 40794068
44790978 54566816
