1000
3999
362
3084
1427
8236
6194
5363
1064
6424
4415
9274
1923
4827
7239
4383
259
1396
3606
9859
5806
7639
2312
5974
2967
7802
369
2159
9437
7233
7537
6851
9439
7344
61
7037
4836
7369
8672
7315
3581
173
7244
7740
1250
4660
902
5239
8546
9642
4787
4613
9084
4263
4731
3174
1729
4190
7812
8025
5350
1554
985
1229
598
7785
2940
8948
3480
9937
5725
2913
1168
7196
9172
9016
4484
1899
1873
8238
178
4911
5499
3814
1935
5629
9177
9001
2800
9302
5173
4076
21
293
4932
5528
8213
1678
9156
8555
704
223
1509
8085
8135
135
2359
1763
5636
2295
8934
4009
9935
6652
5761
5130
4837
6880
2062
425
7253
4335
3327
1499
6557
6828
3409
9081
5976
2927
6768
9458
6712
9902
4336
4116
6983
4468
3681
7950
592
8081
916
54
8831
1417
3772
4503
2165
682
9016
39
2817
6682
6429
2418
8465
8482
3128
7403
1048
926
5013
2386
289
6129
2847
2880
6385
2053
3920
7756
6385
9934
5654
1730
9605
1524
9299
8684
2857
1506
1767
3024
8639
4537
743
8968
4195
8206
2980
2689
1450
229
961
361
384
5900
1644
6020
7571
9675
3657
4518
8863
1858
5379
1994
3791
5270
8589
5665
9298
2096
2763
1922
1107
5282
4290
9175
7360
1180
8051
907
9325
5341
2361
7915
30
7941
1976
1192
6256
4355
1923
1187
6715
7320
2684
1128
8052
7110
6831
915
1201
4052
3296
1330
2890
4919
3608
3231
428
2014
2693
2162
6085
5105
2595
6123
4358
8720
1526
4868
6740
5235
1025
7148
3247
8678
8729
5847
5839
4679
7945
3095
2120
972
3709
4516
1093
6423
9037
1586
501
4713
6342
5447
9980
5991
9133
9325
9391
1471
8110
5947
6016
5959
3098
7766
8171
5637
7113
4582
3023
7364
2677
3474
3654
7018
421
2493
4476
7402
2793
8291
5758
4613
163
476
6049
7685
4721
2339
8864
4731
454
1885
1670
85
1276
4708
1362
359
1582
9680
3207
958
1667
7357
3735
7656
6559
7134
9428
4595
2552
6353
2732
2900
4047
5292
9088
9959
3160
9372
2649
9514
5347
256
9050
6639
9009
8156
8925
8714
3548
5619
6905
9165
7658
2267
2767
8401
312
119
4757
9097
3365
2988
39
379
3560
9950
6408
3844
8363
9917
1954
4598
4423
387
3741
719
2523
4403
1634
5490
1270
1381
5926
5563
4996
6897
7755
5542
225
5901
6339
5738
7595
2503
4165
5623
8324
4443
6643
2118
8265
2535
429
8896
4460
2038
8414
7819
6930
7293
4726
1389
3245
1242
4026
7762
7293
7035
8654
8707
4412
6609
959
2931
8019
6214
2410
2687
7884
6104
7911
111
4589
6382
2222
935
8072
7201
8710
9241
4050
7589
5483
5080
7567
3306
9706
5771
4655
3456
9743
4725
6683
8004
2450
5270
9551
9851
1477
2545
1915
5029
2914
3277
7638
1324
4124
9665
5155
1191
9304
3206
392
1527
2799
1223
9763
6695
4391
5760
1011
5132
983
5346
6475
4050
8861
3966
3675
9746
2752
1105
7296
5819
9036
2165
9512
3547
2913
542
1805
4189
8586
5135
3698
1548
212
2235
6438
6274
7716
734
6061
1698
6332
6012
3814
5120
2984
4248
8443
631
6201
9684
6244
8219
2894
2915
5515
1205
4500
3100
6389
1586
6267
7873
8780
4109
5879
5893
6398
5316
4955
5795
8395
4037
6727
9067
9888
8427
8140
1957
8934
4663
6631
3780
9698
1641
7158
3412
1030
1490
6890
8596
1324
7330
6922
2965
3534
2013
7750
2960
1057
8864
2421
6974
5536
3052
6152
9727
8081
2679
791
9766
4120
8797
8353
677
4907
6559
3541
3853
6111
6984
3297
5897
8258
8113
7879
8162
7082
6807
8195
5269
4970
6877
7904
4807
2665
6393
2076
89
9770
9384
3843
1451
860
7376
3747
9181
7772
916
2760
9003
3688
99
3713
6129
6337
9289
4609
2837
3272
1681
2464
5921
1027
9337
3939
1430
4418
8528
8390
7933
4285
6039
1819
7968
1598
4417
3446
6681
599
2932
9674
6703
1374
2473
3595
4491
6703
9975
3139
8903
138
7249
7997
9450
7585
3520
3268
855
8234
4826
9185
1134
5502
2041
7267
3354
7861
7468
9711
6036
643
7136
4996
2468
9639
5157
2353
4355
3786
5614
4932
1233
5473
4343
7544
6359
5657
1779
9778
6656
6082
6718
9593
6382
5408
5782
3514
8473
2036
4974
9459
4043
4395
5309
2387
7102
3134
7335
5866
414
2901
4223
2865
8661
5893
8957
5751
6471
3623
1019
8180
8891
9845
3973
2623
4104
1858
9484
8901
2226
2662
7151
2363
7652
2281
5009
8079
474
5748
2127
9582
3431
8584
4027
497
7296
939
7714
3961
1202
3727
7188
9849
725
2106
9169
9936
2949
4257
4277
594
6846
7280
1939
5339
8262
8807
4128
2740
9099
3915
799
3844
2523
1983
2509
734
5990
118
9072
8805
6371
2652
4620
2675
3482
9284
6979
2443
8673
4546
8883
3198
6762
5673
7235
1516
6492
795
8140
5041
2871
1975
4613
6749
4048
3826
8015
7283
4754
6677
268
2853
544
7610
2050
675
3754
8186
2865
1336
8978
47
989
6236
4593
3579
3346
2200
3388
6229
6048
9477
9351
8202
1932
1465
6998
9437
5854
6157
7038
2868
6149
3685
6969
1994
5427
9056
9484
6140
4844
4266
3036
5484
3388
8508
7711
1907
7652
6732
4508
5552
1221
4545
7043
4865
7110
5935
9185
3186
8643
2745
3867
7442
5153
8465
2422
3244
2550
9707
1719
2779
4708
3356
1916
8922
3278
4620
2747
3083
2900
1606
9020
9485
7284
9728
1025
2343
2370
3276
5532
4418
2423
8127
4197
9609
1259
4791
3814
7627
1855
6497
6886
6827
3026
5182
7816
9970
6412
7478
1639
7179
839
3215
519
63
7123
7323
3060
3034
4335
9939
899
4900
4873
1618
6169
8754
4482
60
9833
3825
6007
9484
6879
5309
682
900
5817
2247
3826
6638
9228
8998
7830
5659
8396
2559
4851
5216
5704
2725
7446
3306
742
5495
1222
2333
