20 200
1 2 15 7068
1 7 17 5622
1 11 15 843
1 20 1 653
1 16 19 160
0 2 15
0 16 19
1 16 17 19
0 20 1
0 13 20
0 7 17
0 20 1
0 2 18
1 19 12 6888
1 5 12 4229
0 5 2
0 16 17
0 5 12
1 6 9 37
0 3 4
1 12 16 3409
1 3 14 4482
0 3 14
0 7 17
1 9 3 5169
0 9 3
0 6 9
1 13 5 1330
0 6 3
1 17 18 7833
0 9 3
0 19 12
0 9 15
0 19 18
0 5 19
1 1 15 802
0 6 14
0 11 15
0 2 6
0 12 19
1 13 10 9238
1 6 1 3229
0 5 12
0 5 17
0 16 12
0 1 15
1 9 13 2388
0 6 19
0 19 16
0 5 19
0 19 12
0 19 17
1 14 20 100
0 6 3
0 6 16
0 6 1
1 9 11 2714
0 13 19
1 17 7 217
0 19 16
0 9 14
1 19 11 6796
0 20 1
1 9 5 9820
0 11 15
0 9 14
0 6 3
0 9 11
1 4 10 5587
0 9 16
1 1 10 7985
0 5 19
1 4 15 3817
0 12 18
1 20 11 7098
0 5 15
0 16 12
1 12 19 452
0 6 14
0 9 19
0 3 10
1 1 9 3701
1 9 11 7599
0 20 12
0 6 14
0 6 17
0 20 11
0 16 17
1 2 15 5522
0 13 17
0 6 17
0 6 12
1 7 17 4573
0 14 9
1 7 17 3047
1 2 15 5816
1 3 16 58
0 9 11
1 3 16 9694
0 13 7
0 14 16
0 16 17
1 14 20 4831
0 20 7
0 1 13
0 9 11
1 9 3 1877
0 1 14
0 3 16
0 19 16
0 9 18
1 9 3 4201
1 13 10 5909
0 4 15
0 1 12
1 9 3 1476
0 5 11
0 19 11
1 17 18 4455
0 20 9
0 5 7
1 13 10 4589
0 13 5
0 12 7
0 6 5
0 14 20
1 16 17 2813
0 19 16
1 9 3 8225
0 20 13
0 9 16
0 13 11
1 17 7 1835
0 16 11
0 1 10
0 20 19
0 9 12
0 4 5
1 16 19 2854
0 14 10
0 16 11
1 6 9 8695
0 19 18
0 12 16
0 20 5
0 6 15
0 19 17
1 2 15 2197
0 20 18
0 9 10
0 5 19
0 13 12
1 3 16 9417
0 6 16
0 6 19
0 4 15
0 5 17
0 3 11
0 16 11
0 1 5
0 20 19
0 14 16
0 19 17
0 6 15
0 9 5
0 13 10
0 6 15
0 1 12
0 13 12
0 19 15
0 20 18
0 13 18
0 9 1
0 9 11
0 9 7
0 14 16
0 6 13
0 20 16
0 12 7
0 4 2
0 9 3
0 20 1
0 14 13
0 13 18
0 12 18
0 19 16
0 6 13
0 6 10
0 19 18
0 6 3
0 16 19
0 3 15
0 13 12
0 14 20
0 6 17
0 14 20
0 6 1
0 20 9
0 9 3
0 19 15

