100 2500
1 100 44 151
1 59 4 40
1 54 14 63568
1 89 34 402
1 71 65 25863
1 56 74 8267
1 67 65 48023
1 96 25 81
1 13 74 34120
1 51 35 16571
1 7 33 491
1 84 39 1978
1 14 94 19672
1 74 34 579
1 38 9 571
1 64 66 3868
1 14 28 3400
1 61 68 44
1 26 98 3584
1 28 90 350
1 94 83 3576
1 30 3 210
1 24 33 5881
1 77 88 75527
1 75 63 46285
1 69 5 71138
1 71 4 303
1 58 81 138
1 92 23 264
1 9 48 84329
1 6 47 1446
1 80 39 86
1 24 98 1140
1 61 77 8050
1 14 91 19637
1 99 76 1368
1 49 76 974
1 63 95 8291
1 45 30 449
1 46 68 9427
1 22 56 5763
1 68 78 81840
1 64 99 94715
1 66 97 1845
1 57 86 18254
1 77 38 832
1 93 76 5634
1 94 74 1046
1 17 35 21139
1 19 27 63
1 29 28 6165
1 16 10 708
1 24 17 20355
1 67 47 715
1 75 41 63416
1 90 36 681
1 54 42 15668
1 14 42 179
1 98 33 89721
1 34 66 3622
1 48 85 8116
0 43 31
0 14 97
0 75 11
0 25 15
0 75 95
0 57 53
1 66 79 61
0 93 76
0 14 79
0 46 5
0 89 66
0 48 5
1 63 90 92936
0 74 46
0 71 62
0 100 1
0 38 48
0 30 3
0 56 2
0 98 8
0 49 76
0 86 98
0 35 48
0 29 47
1 54 84 2732
1 29 83 4191
0 12 40
0 41 11
0 13 45
0 71 65
0 64 76
0 41 67
0 31 20
0 26 8
0 78 100
0 35 28
1 35 81 7311
0 68 80
0 46 78
0 32 91
0 94 74
0 97 12
1 83 67 18758
0 35 59
0 97 21
0 64 66
0 65 48
0 2 90
0 91 52
1 56 77 93738
0 99 1
0 54 72
0 92 16
0 54 94
0 39 28
0 75 36
1 79 58 636
0 38 85
0 75 41
0 16 38
0 75 70
0 37 93
0 93 49
0 91 57
0 87 4
0 76 22
1 77 86 49626
0 19 27
0 1 46
0 56 81
0 56 85
0 30 62
0 50 2
1 19 12 54
0 75 66
0 36 73
0 75 48
0 24 69
0 22 91
1 14 48 77920
0 14 83
1 38 64 8575
0 22 10
0 68 36
0 13 17
0 64 9
0 24 35
0 37 91
0 56 77
0 35 10
1 54 65 90007
1 99 52 5353
0 86 70
0 56 64
0 87 55
0 72 13
0 11 12
0 81 43
0 64 76
0 92 74
0 14 66
0 72 22
1 36 27 627
0 53 78
0 44 23
0 54 48
0 45 68
0 66 58
1 89 52 9105
1 99 63 51075
0 10 57
0 61 99
0 98 22
0 54 85
0 34 58
0 3 27
0 37 78
0 92 87
0 41 29
0 12 3
1 96 31 1165
0 61 8
0 55 83
0 54 47
0 30 93
1 51 64 23082
0 38 99
0 61 25
0 21 88
0 65 96
0 26 33
0 17 90
0 24 79
0 9 2
0 49 48
1 82 88 5516
1 66 34 315
0 46 78
0 54 48
0 51 52
0 24 98
1 7 40 4914
0 13 81
0 31 50
1 23 17 7435
0 54 39
0 54 39
0 30 78
0 86 33
0 38 76
0 23 35
0 77 36
0 53 65
0 51 52
0 31 49
0 73 52
1 58 86 922
1 12 16 214
0 54 27
0 56 90
0 2 84
0 58 56
0 60 47
0 56 34
0 100 60
0 28 36
1 83 32 3902
0 7 34
0 46 42
0 77 99
0 61 76
0 97 60
0 25 26
0 86 28
0 56 63
1 76 54 5295
0 51 26
0 54 58
0 63 91
0 71 65
0 70 3
1 13 29 81737
0 14 66
0 93 28
1 91 73 927
0 96 25
0 38 14
0 51 79
0 54 32
0 68 90
0 21 3
0 14 32
0 31 18
0 14 42
1 97 100 3825
0 14 90
0 1 37
0 7 73
0 54 90
0 25 19
0 70 23
0 61 88
0 61 28
0 49 44
1 87 17 71841
1 1 80 921
0 22 9
0 8 78
0 56 9
0 14 66
0 20 53
0 32 21
0 28 77
0 93 42
0 34 13
0 60 17
0 54 81
1 29 52 3337
0 90 36
1 44 33 398
0 97 5
0 45 30
0 56 65
0 77 33
0 38 27
0 22 42
0 75 90
0 22 38
1 9 100 3123
0 40 81
0 54 58
0 77 59
1 87 88 98822
0 22 81
0 84 96
0 56 91
0 79 58
0 49 85
1 49 91 366
0 95 41
0 61 52
0 74 97
1 28 4 9540
0 68 30
0 8 99
0 66 23
0 66 95
0 56 27
0 54 39
0 61 90
0 46 60
0 55 78
0 84 52
1 3 45 598
0 76 29
0 99 44
0 93 32
0 62 12
1 35 20 3039
0 63 90
0 26 90
0 77 94
0 68 34
0 92 20
0 3 45
0 93 84
0 65 56
0 9 33
0 93 91
1 51 9 9691
0 99 63
0 76 39
0 61 65
0 8 46
0 54 14
0 90 70
1 49 20 4526
0 29 28
0 98 41
0 74 19
1 66 3 9138
0 82 19
0 38 73
0 96 2
1 67 80 243
0 76 54
0 83 70
0 34 33
0 6 47
0 28 90
0 53 87
0 93 36
1 28 6 89287
0 6 10
0 56 52
0 85 5
0 51 48
0 23 80
0 77 84
1 23 21 628
0 44 17
0 18 58
0 17 80
0 49 42
0 93 34
0 56 48
0 51 79
0 2 60
0 30 73
0 10 8
1 38 73 1326
0 77 38
0 34 44
0 93 39
1 5 49 24100
0 6 47
0 45 84
0 54 28
0 57 86
0 49 33
0 83 86
0 76 3
0 93 67
1 50 87 390
0 3 7
0 6 36
0 91 24
0 93 65
0 56 84
0 99 8
0 66 73
0 3 30
0 93 54
0 64 4
0 74 30
1 34 4 37288
0 94 34
0 54 33
0 5 80
0 36 27
0 77 58
0 58 74
0 56 36
0 89 34
0 38 6
0 22 73
1 13 8 2862
0 99 83
0 49 67
0 13 45
1 93 70 711
0 45 69
0 43 73
0 77 73
0 12 20
0 93 81
0 74 76
0 94 86
0 38 28
0 77 47
1 9 86 338
0 56 36
0 13 44
1 82 44 1255
0 74 33
0 64 45
0 77 38
0 69 67
0 38 3
0 69 84
0 17 81
0 96 51
1 51 60 4876
0 90 36
0 49 94
0 77 34
0 2 17
0 66 4
0 74 3
1 82 25 972
0 34 4
0 77 71
0 77 73
0 34 39
0 21 17
0 36 48
0 29 65
0 99 94
0 51 79
0 25 58
0 74 45
1 35 52 151
0 38 80
0 44 15
0 64 54
0 5 3
0 93 97
0 39 47
0 58 94
0 69 91
0 74 66
0 50 87
0 14 65
1 5 34 803
0 51 85
0 77 47
0 60 15
0 14 21
0 54 65
0 69 44
0 68 94
0 64 34
1 15 80 618
0 55 83
0 22 34
0 22 27
0 66 97
0 76 100
0 61 64
1 94 54 3166
1 43 51 675
1 41 49 4455
0 69 32
0 66 34
0 66 30
0 64 42
0 38 80
0 77 36
0 74 94
0 5 66
0 22 9
0 80 87
1 6 95 121
0 51 85
0 76 28
1 16 79 6042
0 13 44
1 30 36 529
0 52 38
0 13 52
1 100 33 9959
0 54 28
0 41 80
0 95 33
0 70 60
0 56 31
0 76 48
0 55 17
0 99 45
0 61 58
0 41 95
1 62 78 995
0 51 74
0 41 74
0 61 9
1 32 15 2852
0 5 58
0 34 39
0 34 3
0 17 81
0 56 44
0 61 52
1 73 48 56512
0 93 100
0 16 56
0 14 81
0 58 92
0 4 70
0 38 95
0 99 6
0 23 81
0 64 44
1 50 81 74869
0 60 29
0 43 4
0 13 66
0 56 95
1 23 68 947
0 66 97
0 86 84
0 49 72
0 94 48
0 82 88
1 26 5 878
0 75 48
0 49 36
0 22 3
0 22 77
1 100 4 83699
0 93 28
1 5 79 5171
0 89 3
0 56 95
0 42 93
0 16 79
0 56 88
0 62 25
0 10 5
0 71 4
0 76 4
1 41 40 21230
0 23 87
0 64 85
0 61 54
0 93 4
1 94 97 200
0 89 66
0 12 58
1 75 66 718
0 85 60
0 94 80
0 64 83
0 84 41
1 37 72 75550
0 76 47
0 83 80
0 76 28
0 43 86
0 75 97
0 16 1
0 54 58
1 20 52 6555
0 93 100
0 56 91
1 93 35 6395
0 4 36
0 99 4
1 73 31 38352
0 81 1
0 85 9
0 76 34
0 4 78
0 54 65
0 51 14
0 69 47
0 94 66
0 67 2
1 60 3 95689
0 92 21
0 77 69
0 16 13
0 49 95
0 100 69
0 38 35
0 39 22
0 28 36
0 67 80
1 30 21 6801
0 28 34
0 100 44
0 51 42
0 16 81
0 3 36
1 2 56 6916
0 99 90
0 99 97
1 44 57 644
0 28 90
0 30 21
0 37 99
0 43 28
0 97 57
0 49 95
0 49 74
0 76 85
1 74 20 862
0 13 44
0 60 3
0 75 74
0 88 12
0 54 84
0 52 48
0 2 80
1 72 75 68
0 63 86
0 49 44
0 14 4
0 89 44
0 43 97
0 65 70
0 26 6
0 22 3
1 81 34 35216
0 89 44
0 56 84
0 93 73
1 46 48 229
0 54 94
0 73 15
0 88 57
0 17 20
0 94 83
0 50 17
0 50 3
0 61 85
0 5 84
1 41 31 559
0 9 57
0 61 4
0 11 57
0 38 84
0 64 91
0 12 26
0 38 48
0 99 80
0 86 44
0 77 79
1 77 59 4008
0 56 54
0 37 45
0 5 54
0 64 66
0 41 15
0 43 73
1 31 49 52375
0 94 66
0 38 73
0 41 83
0 50 4
0 64 39
0 93 39
0 14 74
0 2 48
0 75 94
1 34 38 94077
0 50 20
0 12 76
1 31 75 77323
0 29 67
1 56 76 9757
0 96 99
0 94 31
1 76 45 4923
0 99 41
0 56 48
0 2 97
0 13 39
0 38 15
0 74 86
0 23 84
0 16 31
0 26 79
0 66 58
1 67 77 977
0 16 15
0 67 58
0 51 97
0 72 6
0 83 64
0 44 57
0 12 30
1 38 33 31
0 56 76
0 72 42
0 79 32
0 79 33
0 32 16
1 42 81 10547
0 75 59
0 74 99
1 19 80 82600
1 7 17 2556
0 49 88
1 46 21 30985
1 85 39 7466
0 35 57
0 91 85
1 92 63 438
0 51 45
0 58 34
0 42 73
0 38 65
0 30 36
0 26 83
0 99 9
0 22 75
1 5 17 1103
0 17 73
0 50 35
0 12 65
0 35 100
0 38 81
0 35 86
1 70 25 3852
0 66 85
0 35 90
0 61 83
0 69 41
1 34 65 327
1 61 74 875
0 43 76
0 46 21
0 12 90
1 43 40 494
0 83 13
0 5 12
0 38 44
0 35 9
0 7 90
0 6 30
1 89 86 2147
0 23 45
0 54 95
0 34 45
0 94 6
0 61 75
0 66 4
0 94 85
1 56 61 2666
0 29 10
0 24 64
0 81 77
0 22 31
0 77 63
0 17 49
0 37 54
1 24 62 6896
0 38 9
1 4 77 4609
0 49 59
0 87 58
0 67 4
0 34 42
0 38 88
0 17 53
0 16 66
0 14 79
0 59 38
0 37 40
1 10 80 6444
0 28 58
0 42 66
0 67 73
0 96 54
1 33 34 466
0 49 57
0 50 48
0 77 74
0 87 73
0 7 20
0 64 80
0 81 83
1 10 91 3770
0 51 45
0 64 80
0 39 28
0 82 30
0 71 44
0 61 3
0 23 73
0 22 61
0 24 39
0 19 67
1 71 89 365
0 19 80
0 28 75
0 28 33
0 44 45
0 22 31
1 92 7 540
0 75 30
0 72 44
0 17 79
0 23 45
0 24 95
0 84 60
0 58 95
0 35 39
1 19 17 71294
0 13 73
0 54 65
0 73 6
0 77 20
0 17 52
1 83 24 27081
0 50 64
0 98 44
0 19 59
0 38 100
0 10 15
0 23 3
0 98 47
0 14 75
0 98 4
1 73 62 78646
0 38 98
0 58 33
0 5 97
1 43 26 475
0 66 3
0 56 24
0 59 97
0 88 53
1 92 42 534
0 100 86
0 94 100
0 26 58
0 44 57
0 98 45
0 13 3
0 49 79
0 99 41
0 51 17
1 27 76 5942
0 30 48
0 4 41
0 31 10
0 13 75
0 7 98
0 77 31
0 24 83
0 36 86
0 97 78
0 14 94
1 70 59 5943
0 34 80
1 33 49 47718
0 59 38
0 29 100
0 19 97
0 63 90
0 29 48
0 12 77
1 49 18 1130
0 1 29
0 89 77
1 66 53 84
0 70 84
0 16 28
0 99 91
0 97 47
1 64 16 511
0 30 79
0 58 6
0 37 90
0 50 6
0 57 45
0 74 35
0 74 21
0 51 66
0 87 67
1 61 12 72428
0 5 1
0 81 63
0 38 15
0 14 88
0 41 85
0 81 75
1 48 4 79918
0 72 41
0 79 74
0 42 66
0 24 94
0 37 91
1 53 50 8133
0 23 58
0 64 24
0 9 59
0 59 21
0 51 86
0 31 14
0 82 30
0 90 28
0 2 44
0 91 100
1 38 72 702
0 97 14
0 31 50
0 70 15
0 10 4
0 96 25
0 79 40
0 90 15
0 66 17
0 61 9
0 23 17
0 61 30
1 86 91 4143
0 63 98
0 13 6
0 26 85
0 19 87
0 36 88
0 44 41
0 7 65
1 94 37 401
0 69 41
0 31 4
1 46 73 8360
0 97 78
0 66 74
0 14 87
0 51 87
0 46 50
0 2 73
0 53 50
0 87 95
0 14 62
1 18 47 750
0 7 53
0 24 33
0 77 87
0 85 64
0 54 18
0 54 95
1 37 57 339
0 76 78
0 35 10
0 26 58
0 67 83
0 79 87
0 89 37
0 34 62
0 38 58
1 77 26 673
0 87 83
1 39 95 80461
0 42 99
0 97 3
0 24 27
0 63 42
0 93 25
0 49 65
0 24 47
0 49 58
0 3 34
1 47 52 88
0 53 33
0 51 98
0 57 64
0 2 15
1 34 35 820
0 16 5
0 3 76
0 42 67
0 100 52
0 19 45
0 98 9
0 19 4
0 64 85
0 75 53
0 5 32
1 29 31 56
0 48 45
0 3 63
0 61 85
0 34 7
0 75 49
0 54 58
1 50 61 94151
0 51 31
0 59 18
0 26 14
0 91 61
0 12 20
0 38 48
0 37 26
0 44 78
0 75 36
0 3 10
1 7 1 816
1 54 68 6630
0 92 14
0 41 3
1 3 75 6632
0 80 99
1 30 83 5072
0 35 88
0 2 5
0 22 84
0 13 91
0 63 39
0 89 84
1 65 75 8971
0 35 85
0 42 12
0 36 49
0 71 54
0 16 76
1 68 64 8645
0 35 38
0 76 17
0 2 58
0 50 27
0 65 37
0 100 37
0 4 100
0 77 27
0 96 27
0 44 79
1 9 52 180
0 30 64
0 99 5
0 10 90
0 99 100
0 60 48
0 30 99
1 64 19 25867
0 13 58
0 7 12
0 46 84
0 98 90
1 80 97 96
0 98 40
0 98 42
0 34 83
0 58 28
0 59 64
0 54 16
1 66 19 310
0 48 50
0 41 100
0 44 9
1 58 29 672
0 28 63
0 48 86
0 88 95
0 27 26
0 63 26
0 15 24
0 4 66
0 90 30
0 3 47
0 17 40
0 54 97
1 10 12 5043
0 7 34
0 26 44
0 79 35
0 67 14
0 15 36
0 2 79
0 7 20
0 89 75
1 86 50 5804
0 36 86
0 51 63
0 54 48
0 46 38
0 92 38
0 79 88
0 3 63
0 68 37
1 60 33 778
1 44 15 804
0 93 64
0 98 65
0 89 52
0 9 17
1 89 4 57855
0 59 19
0 87 21
0 30 58
0 61 57
0 4 83
1 85 81 2099
0 36 41
0 9 57
0 96 21
0 45 67
0 7 36
0 85 40
0 3 36
1 89 62 54966
0 38 45
0 42 19
0 41 32
0 61 26
0 44 91
0 98 38
0 50 52
0 77 28
0 63 19
1 30 16 6515
0 46 12
0 64 28
0 96 35
0 31 99
0 29 74
0 70 64
0 45 86
0 73 91
0 46 39
0 81 58
1 1 65 90606
0 32 47
0 69 38
1 92 52 23942
0 57 41
0 41 65
0 26 72
0 48 57
0 2 62
0 49 15
0 58 5
1 28 76 52512
0 94 14
0 42 50
0 68 44
0 53 10
0 48 28
0 49 47
0 28 36
0 97 55
0 94 19
0 67 28
1 82 64 504
0 84 39
0 45 39
1 43 3 951
1 96 72 528
0 63 67
0 58 36
0 14 5
0 85 4
1 66 62 5239
0 61 50
0 59 14
1 27 10 8655
0 4 18
0 37 72
0 45 83
0 76 58
0 85 66
0 10 95
1 75 13 19581
0 61 91
0 61 3
0 68 83
0 63 5
1 20 75 879
0 10 63
0 85 32
1 57 51 7241
0 23 45
0 87 20
0 27 47
0 13 81
0 69 38
0 91 17
0 46 73
0 46 44
0 61 47
1 92 78 7547
0 9 38
0 60 12
0 22 98
0 65 61
0 5 53
0 36 4
1 2 94 5896
1 15 90 91
0 68 86
0 31 76
0 42 36
0 16 18
0 23 18
0 65 90
1 34 71 58050
0 35 100
0 13 71
0 13 86
0 26 52
0 86 27
0 68 66
0 76 59
0 54 37
0 36 3
0 96 89
0 70 63
1 8 56 2
1 40 75 6869
0 46 85
0 51 72
0 82 26
0 31 80
0 5 61
0 17 29
0 95 20
0 16 63
0 19 81
0 53 3
0 54 34
1 44 52 6330
0 71 31
0 70 98
0 43 47
0 66 45
0 27 54
0 13 75
1 60 61 92
0 65 72
0 20 52
0 93 47
0 87 31
0 93 13
0 81 94
0 9 40
0 81 28
0 96 21
0 87 73
0 93 78
1 96 62 7350
0 91 35
0 15 34
0 70 65
0 90 6
0 70 67
0 17 73
0 38 30
0 69 71
0 36 6
1 63 61 6036
0 46 75
0 87 64
0 5 16
0 38 50
0 85 66
0 87 26
0 30 68
0 94 97
0 22 47
0 64 63
0 43 88
1 82 51 4845
0 19 31
0 14 100
0 46 96
0 83 33
0 58 97
0 93 16
0 54 94
1 46 43 9
0 12 68
0 90 15
0 53 58
0 49 53
0 75 9
0 51 73
0 87 29
0 96 67
0 61 15
0 75 54
0 36 48
1 73 65 91231
1 74 90 1726
0 80 91
0 66 6
0 81 26
0 96 31
0 4 83
0 65 9
1 49 80 28152
0 10 17
0 51 30
0 34 72
0 77 95
0 54 31
1 37 84 81724
0 96 6
0 45 24
0 75 99
0 8 62
1 1 25 561
1 23 45 22350
0 31 10
0 42 75
0 13 42
0 64 54
0 74 80
0 28 84
0 36 89
0 85 19
0 16 87
0 74 58
1 47 20 5711
1 6 67 1438
0 53 19
0 9 98
0 85 13
0 43 19
0 82 87
1 20 40 375
0 12 50
0 36 77
0 72 87
0 74 20
0 61 59
0 94 26
0 14 98
0 60 89
0 42 40
0 70 20
1 55 71 361
0 97 18
0 31 32
0 77 59
0 77 33
0 54 66
0 64 81
0 43 83
1 65 49 403
0 53 74
0 38 39
0 94 99
0 85 26
0 71 87
1 6 28 6479
0 60 78
0 36 54
0 63 97
1 92 68 6
0 23 59
0 60 38
0 77 19
0 47 51
0 45 68
0 94 77
0 70 64
1 21 49 738
0 55 57
0 68 21
0 94 32
0 94 31
0 72 49
0 86 31
0 93 86
0 65 24
0 20 83
0 56 9
1 23 93 900
1 87 92 914
0 87 25
0 90 24
0 1 53
0 42 71
0 20 65
0 1 38
0 58 84
0 72 93
0 98 47
0 61 67
1 7 5 949
0 5 17
0 43 15
0 86 68
0 60 57
0 74 1
0 38 87
0 21 14
0 19 100
0 47 57
1 40 48 3858
0 16 13
0 43 74
0 21 42
0 30 28
0 96 52
0 46 50
0 49 15
0 87 71
0 4 92
0 35 92
1 60 30 284
0 100 32
0 97 24
0 19 39
0 28 40
0 92 79
0 41 82
0 92 26
0 10 97
0 64 98
0 2 44
1 2 89 8706
0 27 64
0 40 52
0 16 70
0 98 45
0 42 89
0 58 60
0 15 28
0 13 19
0 72 23
0 18 67
1 53 96 4144
0 48 44
0 76 87
0 80 94
0 97 24
0 94 24
0 60 87
0 16 47
0 2 74
0 93 19
1 72 55 290
1 30 9 5055
0 18 40
0 49 54
0 97 91
0 68 21
1 28 36 98405
0 44 95
0 45 3
0 1 3
0 13 77
0 60 100
0 13 73
0 50 25
0 75 7
0 92 88
0 37 56
1 69 95 47039
0 21 94
0 83 68
0 2 20
0 82 47
0 93 35
0 91 59
0 12 33
0 77 39
0 15 92
0 46 8
0 89 24
1 78 51 2760
0 51 24
0 65 60
0 42 4
0 87 3
0 98 93
1 31 58 25058
0 90 86
0 21 89
0 74 57
0 92 32
0 43 37
0 37 34
0 58 72
0 91 42
1 27 15 386
0 44 96
0 51 20
0 71 42
0 35 100
0 72 37
0 56 38
0 64 31
0 59 49
0 97 80
1 72 30 2248
1 49 92 564
1 22 18 784
0 41 53
0 58 89
1 90 3 825
0 59 85
0 16 5
0 83 80
0 34 67
0 74 73
1 2 85 9877
1 36 56 3428
1 61 94 66393
0 1 40
1 96 50 10737
1 25 11 26367
0 1 12
0 60 78
0 100 68
0 58 83
0 46 7
0 59 11
0 2 58
0 90 31
0 82 67
1 44 18 2125
0 91 75
0 49 31
1 69 78 7968
0 86 31
0 90 34
0 85 27
0 60 34
0 99 25
0 41 90
0 6 47
0 32 99
0 98 100
0 55 13
0 80 86
1 39 52 88524
0 55 56
0 94 33
1 95 61 8286
0 10 3
1 84 10 8389
0 18 37
0 29 26
0 96 62
0 100 50
1 29 64 76915
0 10 4
0 31 21
0 49 98
0 14 80
1 54 71 9105
0 23 19
0 45 84
0 55 73
0 74 31
0 74 83
1 27 57 13785
0 17 99
0 5 32
0 99 71
0 50 6
0 24 27
0 83 17
0 4 58
0 87 56
0 67 34
0 62 54
0 64 39
1 70 73 5202
0 68 36
0 27 73
1 18 40 692
0 23 3
0 47 29
1 79 60 673
0 5 17
0 33 89
0 62 42
0 53 77
0 39 73
0 93 53
1 32 60 70742
0 29 100
0 85 47
0 13 10
1 12 88 6424
0 15 72
0 92 66
0 41 23
0 48 49
0 89 53
0 19 49
1 1 49 54644
0 50 21
0 19 81
0 41 24
0 3 32
0 46 91
1 76 3 749
0 21 92
0 80 21
0 23 54
0 20 39
0 1 11
1 32 70 70928
0 65 44
0 82 4
0 55 52
0 23 11
0 49 83
0 37 75
0 98 48
0 65 49
0 58 86
0 61 93
0 60 97
0 28 91
0 100 3
0 73 60
0 8 11
0 51 45
0 39 40
0 81 63
0 96 71
0 97 38
0 99 31
0 20 48
0 20 37
0 9 37
0 63 76
0 77 86
0 56 75
0 33 74
0 49 17
0 27 68
0 18 44
0 19 10
0 3 30
0 70 99
0 44 18
0 43 74
0 83 91
0 19 11
0 83 12
0 1 4
0 80 52
0 35 65
0 20 35
0 69 59
0 46 53
0 8 5
0 2 1
0 15 28
0 100 15
0 100 99
0 29 32
0 55 89
0 38 34
0 34 5
0 49 99
0 61 70
0 15 89
0 23 64
0 100 36
0 42 10
0 100 36
0 35 97
0 15 37
0 49 74
0 81 96
0 48 92
0 80 81
0 67 95
0 49 76
0 63 57
0 77 85
0 47 38
0 68 64
0 56 7
0 87 15
0 26 70
0 27 31
0 31 76
0 36 8
0 62 80
0 48 29
0 72 64
0 97 85
0 19 89
0 38 35
0 80 71
0 80 9
0 62 48
0 20 62
0 56 66
0 76 86
0 27 20
0 31 77
0 90 6
0 75 27
0 21 97
0 58 3
0 59 46
0 94 76
0 2 65
0 16 36
0 74 14
0 13 16
0 63 83
0 48 89
0 76 42
0 44 15
0 84 44
0 98 52
0 60 10
0 67 55
0 90 12
0 96 77
0 62 87
0 20 75
0 43 58
0 19 100
0 23 100
0 60 86
0 55 49
0 64 86
0 27 87
0 43 85
0 2 38
0 33 26
0 93 88
0 64 27
0 85 7
0 24 53
0 100 72
0 56 10
0 92 45
0 79 51
0 49 51
0 47 66
0 86 100
0 15 40
0 93 26
0 77 9
0 47 56
0 29 18
0 53 42
0 34 95
0 42 71
0 40 84
0 5 31
0 48 26
0 42 54
0 63 57
0 34 80
0 41 32
0 6 35
0 82 1
0 14 78
0 36 77
0 49 66
0 95 17
0 5 32
0 71 56
0 6 35
0 74 20
0 47 24
0 9 37
0 42 28
0 57 50
0 5 64
0 3 56
0 17 39
0 50 80
0 96 49
0 5 54
0 54 68
0 20 81
0 76 54
0 22 12
0 98 55
0 48 14
0 70 36
0 20 89
0 87 79
0 57 89
0 1 10
0 77 85
0 24 57
0 73 42
0 12 65
0 67 64
0 87 40
0 78 6
0 60 66
0 81 13
0 29 36
0 89 100
0 22 36
0 93 15
0 19 9
0 80 7
0 83 98
0 14 86
0 2 51
0 48 4
0 50 79
0 18 1
0 95 93
0 15 77
0 37 73
0 96 95
0 68 48
0 19 74
0 2 37
0 44 31
0 73 90
0 89 84
0 71 59
0 41 21
0 34 93
0 79 94
0 54 80
0 45 57
0 75 55
0 77 78
0 41 45
0 5 45
0 79 58
0 35 59
0 79 67
0 68 57
0 59 7
0 69 45
0 9 35
0 20 71
0 74 65
0 68 65
0 32 94
0 43 20
0 5 29
0 30 3
0 35 54
0 91 5
0 22 40
0 10 59
0 63 35
0 95 16
0 39 64
0 4 30
0 43 30
0 20 75
0 30 42
0 36 28
0 83 52
0 49 87
0 61 29
0 66 98
0 56 72
0 23 79
0 56 23
0 9 52
0 69 16
0 28 63
0 75 6
0 87 70
0 22 77
0 23 16
0 57 98
0 58 57
0 70 53
0 92 73
0 70 8
0 8 20
0 5 1
0 34 11
0 7 3
0 61 37
0 54 95
0 79 90
0 12 49
0 85 67
0 83 17
0 86 57
0 50 66
0 6 3
0 67 4
0 3 99
0 26 94
0 5 91
0 46 74
0 51 27
0 73 49
0 84 65
0 70 64
0 59 33
0 92 23
0 84 8
0 21 45
0 31 89
0 30 57
0 19 15
0 46 12
0 93 7
0 75 39
0 76 53
0 49 57
0 53 73
0 14 66
0 18 3
0 71 33
0 84 53
0 39 63
0 39 19
0 29 68
0 55 26
0 19 85
0 18 99
0 97 93
0 53 96
0 90 80
0 41 1
0 36 28
0 92 45
0 89 16
0 24 90
0 22 58
0 68 50
0 64 24
0 38 19
0 19 11
0 62 97
0 87 8
0 68 52
0 19 36
0 85 59
0 80 100
0 44 95
0 36 48
0 35 68
0 94 42
0 56 42
0 95 50
0 83 74
0 82 79
0 57 28
0 66 92
0 9 83
0 89 20
0 72 13
0 8 86
0 58 3
0 80 83
0 79 68
0 29 1
0 31 97
0 19 41
0 36 94
0 58 91
0 54 99
0 86 20
0 39 97
0 45 100
0 78 51
0 29 49
0 20 54
0 23 60
0 47 97
0 96 13
0 73 64
0 73 70
0 46 63
0 95 11
0 26 62
0 76 86
0 48 89
0 79 77
0 46 75
0 54 62
0 30 96
0 78 51
0 100 1
0 33 26
0 27 40
0 50 34
0 4 1
0 76 28
0 72 7
0 38 51
0 51 75
0 40 42
0 94 88
0 15 21
0 98 49
0 91 71
0 3 39
0 38 92
0 79 4
0 45 61
0 98 27
0 71 39
0 47 62
0 17 64
0 58 90
0 17 18
0 66 28
0 92 40
0 43 66
0 91 5
0 37 36
0 37 4
0 66 15
0 38 28
0 85 52
0 77 8
0 54 62
0 58 68
0 58 33
0 45 72
0 17 61
0 5 53
0 87 71
0 29 62
0 87 45
0 16 23
0 14 28
0 65 60
0 59 86
0 51 19
0 82 21
0 16 90
0 90 44
0 87 67
0 51 33
0 68 63
0 93 11
0 20 1
0 10 36
0 41 48
0 37 64
0 47 41
0 62 55
0 32 55
0 28 16
0 6 97
0 27 90
0 58 92
0 13 75
0 28 97
0 78 31
0 10 96
0 31 23
0 36 31
0 92 33
0 70 75
0 17 98
0 14 68
0 26 9
0 76 28
0 85 84
0 7 4
0 33 32
0 29 14
0 29 89
0 2 95
0 9 25
0 24 94
0 33 31
0 72 14
0 83 13
0 72 5
0 29 28
0 15 75
0 2 11
0 80 53
0 34 70
0 12 8
0 98 84
0 68 55
0 43 47
0 84 97
0 29 64
0 60 36
0 37 49
0 49 70
0 9 44
0 73 78
0 89 51
0 57 83
0 23 44
0 100 36
0 17 51
0 35 56
0 9 7
0 100 77
0 100 33
0 64 55
0 16 68
0 12 65
0 49 40
0 48 26
0 74 67
0 90 54
0 80 67
0 77 35
0 57 28
0 31 34
0 18 7
0 60 71
0 36 27
0 93 49
0 32 9
0 73 86
0 12 9
0 94 75
0 1 87
0 7 5
0 49 26
0 21 96
0 81 13
0 5 20
0 40 71
0 80 100
0 76 6
0 40 53
0 60 85
0 36 84
0 56 94
0 19 59
0 60 38
0 50 67
0 80 50
0 48 20
0 12 80
0 14 70
0 30 41
0 41 27
0 41 80
0 53 13
0 73 23
0 10 95
0 49 30
0 55 59
0 37 29
0 79 85
0 53 45
0 40 72
0 4 36
0 16 13
0 70 34
0 26 31
0 35 17
0 16 26
0 35 50
0 23 79
0 47 89
0 81 7
0 93 40
0 63 58
0 15 20
0 10 75
0 18 19
0 47 26
0 62 73
0 42 81
0 43 5
0 63 20
0 69 90
0 24 31
0 77 67
0 42 85
0 75 57
0 68 56
0 80 76
0 64 48
0 48 21
0 45 77
0 2 91
0 67 37
0 87 37
0 4 9
0 43 73
0 60 3
0 3 40
0 19 74
0 78 57
0 5 86
0 82 48
0 28 48
0 78 63
0 84 4
0 3 62
0 87 81
0 57 77
0 74 69
0 67 50
0 55 92
0 78 27
0 32 24
0 73 13
0 29 17
0 33 79
0 71 6
0 82 79
0 35 29
0 26 58
0 4 7
0 14 54
0 97 63
0 45 51
0 61 74
0 55 72
0 93 92
0 68 63
0 98 10
0 60 17
0 41 94
0 70 29
0 45 19
0 33 62
0 85 84
0 7 57
0 1 12
0 36 53
0 57 65
0 13 25
0 19 57
0 16 65
0 82 41
0 4 1
0 26 65
0 33 100
0 94 28
0 24 29
0 1 93
0 42 20
0 60 96
0 43 91
0 43 36
0 90 55
0 75 70
0 33 87
0 7 66
0 42 25
0 93 36
0 12 29
0 98 42
0 5 90
0 23 57
0 67 3
0 83 5
0 4 14
0 69 47
0 12 35
0 93 18
0 27 19
0 49 20
0 91 64
0 97 98
0 74 30
0 55 21
0 99 83
0 43 51
0 26 47
0 93 19
0 62 33
0 46 56
0 47 5
0 23 30
0 94 45
0 89 31
0 27 28
0 78 60
0 4 3
0 73 72
0 95 18
0 94 79
0 59 51
0 82 85
0 67 20
0 53 55
0 25 2
0 95 72
0 97 34
0 76 11
0 74 56
0 27 58
0 84 25
0 42 30
0 74 75
0 84 20
0 19 20
0 42 83
0 40 90
0 84 34
0 8 39
0 4 74
0 22 48
0 20 12
0 93 21
0 11 29
0 9 85
0 83 74
0 40 28
0 19 27
0 94 80
0 9 6
0 78 59
0 82 76
0 73 79
0 55 13
0 62 84
0 53 40
0 46 39
0 35 3
0 32 46
0 36 63
0 59 28
0 46 12
0 49 48
0 12 73
0 57 58
0 64 1
0 29 89
0 41 26
0 9 18
0 32 85
0 43 38
0 95 58
0 33 54
0 76 54
0 12 16
0 29 72
0 30 77
0 86 91
0 95 12
0 66 86
0 89 40
0 60 62
0 72 18
0 58 16
0 2 92
0 61 60
0 36 41
0 39 18
0 26 99
0 71 59
0 59 1
0 30 51
0 84 8
0 5 96
0 78 99
0 71 9
0 53 1
0 72 79
0 62 41
0 40 67
0 55 36
0 17 59
0 83 91
0 48 37
0 29 56
0 53 10
0 13 37
0 36 81
0 33 66
0 10 14
0 92 53
0 35 5
0 93 12
0 63 80
0 21 64
0 81 75
0 99 28
0 78 56
0 86 16
0 80 17
0 14 15
0 20 64
0 26 73
0 57 79
0 65 57
0 20 53
0 19 4
0 94 63
0 41 30
0 97 15
0 64 95
0 63 35
0 38 62
0 46 14
0 35 58
0 34 97
0 3 21
0 73 36
0 12 44
0 26 66
0 37 38
0 20 86
0 72 26
0 86 39
0 77 75
0 66 81
0 57 40
0 23 80
0 87 80
0 100 97
0 41 1
0 99 50
0 46 53
0 60 96
0 62 67
0 44 70
0 45 41
0 66 7
0 8 84
0 81 5
0 47 19
0 43 54
0 97 27
0 21 15
0 93 55
0 72 86
0 10 98
0 62 83
0 94 92
0 71 34
0 83 61
0 56 5
0 27 26
0 82 25
0 76 89
0 48 52
0 56 29
0 61 36
0 45 81
0 6 15
0 41 74
0 97 55
0 17 85
0 100 65
0 17 96
0 77 23
0 1 14
0 97 58
0 63 67
0 66 76
0 48 62
0 92 80
0 58 24
0 71 23
0 92 73
0 2 21
0 90 29
0 77 81
0 5 41
0 68 50
0 39 92
0 12 78
0 31 12
0 95 78
0 82 33
0 70 39
0 42 58
0 97 26
0 86 53
0 5 55
0 50 96
0 15 23
0 66 96
0 8 98
0 75 98
0 66 45
0 74 76
0 69 12
0 9 15
0 69 79
0 33 51
0 46 62
0 51 50
0 73 52
0 53 8
0 17 79
0 63 57

