7068
160
653
-1
5622
653
-1
-1
19
4229
-1
4482
5622
5169
37
5206
5169
3569
-1
8012
7798
9688
843
-1
3569
4229
7657
3409
802
11553
160
7798
3569
179
5206
11393
3229
9128
160
4019
653
843
4019
5206
2714
9670
7798
11261
7275
3409
3982
8399
13220
9546
3982
8615
2298
19
6190
8615
7984
4019
2714
6407
4540
19
4876
5654
2714
753
58
160
9787
3817
5813
6432
4408
3919
5077
1330
848
3755
100
160
6307
1534
5102
4248
7985
4800
2146
11092
8738
4248
4634
612
7637
3594
179
9114
6977
4681
4534
1571
1731
3817
4860
4190
4248
6984
4800
4540
179
3594
3718
4589
3594
5412
4534
5251
9114
8396
3266
2714
1770
4540
2425
4640
848
6014
1476
653
6407
8396
5086
160
2425
7014
4634
1513
160
5033
4534
100
1590
100
3229
3919
1476
5251
