-1
841
-1
-1
-1
937
458
-1
-1
-1
-1
-1
-1
154
-1
6607
-1
465
-1
48
100
-1
957
990
-1
-1
465
-1
-1
841
-1
-1
458
-1
5768
5516
-1
-1
-1
-1
94
-1
107635
83746
-1
48
405
-1
-1
2633
-1
-1
107635
108216
77978
7008
-1
125447
-1
-1
405
47369
923
-1
-1
-1
405
83746
990
45814
4127
51523
596
-1
1673
453
-1
71371
12375
-1
94
6607
53928
6607
6121
1150
31880
45814
117
-1
31880
117234
48
-1
-1
7651
16138
329
2633
54076
-1
6882
51523
-1
66221
125347
-1
-1
-1
148
596
615
-1
-1
117
-1
238353
-1
117639
54076
-1
69477
65361
173597
-1
-1
110188
-1
-1
957
692
53976
39044
148
-1
68487
47369
957
-1
110088
113999
113594
-1
99104
9935
6607
-1
1159
937
716
44872
83746
44836
12375
29109
937
-1
36
592
-1
110040
7651
-1
58338
-1
113594
83746
-1
1333
13164
47469
113999
6121
66221
18187
226572
-1
23332
89693
596
48
16174
134189
92624
5768
54568
458
598
45464
262166
48
596
8613
209415
8613
126537
8487
7651
1429
230781
22524
615
-1
249
16174
38776
279
-1
178670
3640
49930
4083
11120
99910
133100
1429
2324
101390
726
100563
84344
100502
138756
-1
51577
108489
598
7604
85304
9935
1673
101236
-1
154946
101482
15634
70796
7289
47660
10403
4127
14547
465
16937
16174
63956
12375
279
62719
94
880
598
54542
106441
-1
48
102236
7008
100602
97871
741
90944
4220
23332
45
47941
55268
101390
77978
24058
64372
465
22411
9982
16750
923
6220
22524
75
16571
18535
36447
7008
20327
85243
135302
16138
14171
26977
36917
29179
23983
120
6511
454
64372
35128
14171
24650
85291
60635
4581
896
91349
87461
12382
12827
16604
117578
120
92053
29179
3640
242
-1
11120
23542
9577
465
4127
54021
957
20528
24041
8553
7445
17854
6927
42626
2324
127488
19993
120
6427
990
94422
93400
615
511
1150
89833
9199
242
11928
25578
4466
17361
1608
390
26294
88123
6964
1429
98
15115
3675
13338
6927
75932
6220
976
20396
13492
73641
38177
37045
826
511
4581
42562
1429
453
10961
12372
81942
6964
33846
181
249
32408
5768
71336
52600
15520
8043
23078
511
-1
38421
66221
923
18486
7687
17516
29109
7801
181
390
1445
11120
