-1
26764
-1
-1
54576
-1
5634
24980
-1
4024
-1
-1
-1
-1
84900
210
-1
-1
974
-1
-1
-1
-1
-1
-1
25863
96083
-1
-1
-1
-1
-1
-1
91267
-1
1046
-1
-1
-1
3868
-1
-1
-1
-1
-1
-1
33179
23957
139902
93016
63416
-1
-1
-1
6608
-1
-1
118182
63
-1
13303
187586
-1
-1
158750
-1
342286
-1
52045
13756
-1
41579
67606
9146
41494
-1
25743
-1
-1
16336
-1
-1
-1
-1
96083
-1
22579
-1
-1
-1
93767
-1
697
-1
39807
69011
101883
4319
-1
-1
-1
185028
-1
-1
-1
49076
-1
30925
-1
-1
-1
10605
48814
49579
-1
114079
91267
93767
34539
1140
35849
-1
4710
4710
-1
118422
28986
28574
30178
-1
34539
-1
-1
20905
23595
-1
9858
-1
8846
-1
1031
56327
50247
28450
37868
-1
-1
17491
74781
62789
22535
93222
25863
-1
19272
30176
81
31715
24656
30626
37591
-1
17658
-1
179
3750
-1
95848
19597
-1
-1
83577
37197
23338
27938
-1
22175
19272
-1
-1
29147
26597
34699
-1
22673
681
-1
449
79670
19494
29973
32587
112565
27367
12459
22535
108699
15759
-1
46282
636
106633
117992
28068
2739
-1
-1
36720
74541
24903
4710
34468
-1
-1
14748
10058
20996
23785
-1
66280
33046
12136
18605
31877
598
13661
58951
3672
6974
51075
10005
69824
-1
15847
-1
6165
189191
16699
108832
26368
-1
5295
-1
6534
1446
350
-1
22888
29144
18353
-1
94020
47204
34766
26634
-1
39769
20182
21862
102283
18545
-1
26352
-1
832
6136
15639
1446
30720
19247
18254
6862
7135
22095
15968
15848
27478
12377
57563
30145
-1
10690
210
10929
29280
10242
1625
13131
35165
627
10893
1591
24276
402
16088
25614
12881
11308
44750
116957
-1
2158
23498
19426
13851
3559
19816
15474
24276
40245
6523
13604
832
106546
11666
104239
28450
-1
681
7087
3675
-1
25412
10032
25097
29075
2158
16441
8063
82351
41871
9429
11587
6761
10630
13684
-1
15284
38385
13600
1044
2637
95604
894
390
39106
102136
15474
-1
42255
53062
77487
13394
4183
-1
14609
30666
1845
7287
15278
81044
315
9348
23319
12430
20263
1046
1118
16881
109943
102136
16223
40245
9431
43311
13198
15520
18056
25076
17865
88493
-1
15406
10713
18045
12542
10496
9453
1815
9501
8115
28450
14392
18313
12921
15264
12205
36287
29976
14955
13863
35885
9099
24935
29833
35014
19800
1845
9457
-1
62306
5516
125676
12086
22724
18284
19725
8517
19800
23304
6042
21163
97833
7929
303
23631
79276
72350
16516
29265
717
6892
81092
7962
9384
13456
11049
7372
14091
10704
2563
16926
5803
12921
13942
10571
24395
11658
66525
6436
110804
48904
23018
82486
1940
-1
892
75616
41117
13590
77336
9280
22952
1031
243
8407
151
23197
6816
739
15109
9334
350
6801
-1
20293
4620
13590
6041
66895
39342
24202
1612
18197
2732
65312
24191
22337
6464
12940
5948
14168
52465
13672
22724
5948
15211
7901
3166
12976
7415
21592
3576
72231
83382
17816
8326
3918
19520
-1
10366
8649
8313
18582
11459
3612
3299
12479
84375
5594
3868
16138
12263
1940
1326
11784
81718
13684
15639
12386
37187
2658
77460
12316
11806
8521
7649
6797
30271
16429
43042
13048
2513
20239
12847
2057
697
11179
3640
13493
7284
9384
644
1273
9757
12457
7989
2498
14031
8086
7730
9819
8396
11857
18778
1012
12778
31046
529
6882
5532
15642
4404
78617
37481
7903
1969
6414
12132
10003
15533
79245
14530
11002
1425
38742
7435
429
6752
10670
12935
7878
7321
8354
8438
2487
7408
14072
8862
10588
2801
16628
6822
5697
81442
571
7459
74759
5025
11697
7200
-1
6103
11431
4840
84300
8667
11382
3135
9585
3692
85291
1908
75570
2398
6732
6351
15121
6732
9227
9902
5612
8630
4268
8429
8050
7663
7420
8810
8751
8945
14220
8308
1965
2282
7878
10003
15597
5600
7115
36522
5118
5296
2770
6537
78320
6129
7796
580
7062
7639
8286
12210
6335
5762
1478
2628
7800
10467
2935
-1
1489
2640
2693
644
12884
42079
3492
6797
3131
16540
5966
9150
35732
6222
4734
11548
7115
16063
3835
2549
1607
8983
8216
4901
17964
7777
11438
1731
10624
1989
2708
4846
5927
5479
82354
78604
8138
3901
2494
3146
76053
4273
3085
2670
8913
14065
1553
5997
955
2346
7972
79401
2773
10530
2178
3499
4237
5615
8300
350
11900
2833
4035
12869
9178
6472
81
3026
8195
2221
2522
3360
6928
7200
39166
11782
13254
13287
4032
1284
76837
5407
16063
894
11132
11753
18715
12859
8133
13510
14521
1356
5881
10251
14284
6504
7321
17396
9882
2693
7198
8668
2249
13243
1509
14123
6557
7921
11372
972
4563
3443
7089
4128
6391
865
4734
5691
14203
5497
5521
3405
1986
1668
5660
6032
13752
802
6241
15779
6321
11023
957
3389
5803
6557
2919
3280
4204
6349
9915
2917
14170
6055
2405
713
8550
5180
8455
11839
13964
37449
2801
4483
8749
5354
5802
5558
5818
1317
5819
12048
12927
2174
1134
2085
6354
8197
1240
1998
6084
2347
5541
17446
6740
35711
5865
13547
10614
4553
6685
5201
6622
5293
9485
18944
4183
1000
4281
10824
9606
2369
3005
7235
1385
1210
3113
2950
3366
957
1934
1196
3233
3559
11412
2398
1435
2619
4155
14787
9686
1062
8011
3989
2366
8323
5592
1373
2974
1735
9057
2226
2661
6271
2984
1644
4629
4067
2272
5899
739
2790
2656
6819
3135
2682
5089
6322
3675
2560
10862
2500
3484
6478
2263
7612
3597
927
11569
138
4428
72438
3807
2626
2207
10988
24279
3456
1815
3286
8309
2362
1370
12758
1880
1031
-1
2250
4120
1978
4005
2958
1697
3013
4319
8664
3320
2879
2114
5521
4382
2934
4227
4204
3508
5541
2738
3536
7769
4054
8752
1747
21134
72438
4656
8360
10115
2513
571
1923
15148
1781
1202
2385
2904
5110
3346
2702
2915
2086
1482
21381
21260
2256
1992
1813
5023
3567
739
2031
6663
8345
3357
3189
3214
2257
3590
4055
2828
1145
1823
4791
2507
10252
2819
1978
5479
8017
1428
2400
6634
7844
12305
2775
3045
2866
3184
8429
12192
2485
1668
5889
3113
6717
3729
2341
72708
3794
10456
8902
1696
6713
2934
8608
3224
200
10169
3339
9179
1735
2293
10916
5358
2542
6536
3166
2059
91
781
3338
1341
3981
7788
2784
2072
5749
1928
3204
2820
2831
1165
6271
1395
3507
1836
1101
3238
6531
3515
6748
5731
9558
2711
2366
7319
6195
1342
3123
1717
3244
8391
1591
394
5660
10115
2380
8787
7787
2610
7805
862
2446
2189
6864
1646
3620
5408
1804
6049
2439
863
5106
1924
6233
978
1883
4697
4930
8367
7793
4852
2811
2760
809
1954
3494
3673
1516
5328
2636
898
3766
3024
1831
1650
6783
6674
5484
4138
2831
7174
2040
2687
1768
1338
4550
2817
5928
2455
1103
2462
1854
1820
2263
1865
1605
1640
1912
7759
1731
1426
1560
1981
3969
2398
3067
2456
1853
3807
6713
2166
3215
1762
2777
2062
3131
6669
7280
842
2775
3788
5608
2322
2256
441
7125
1917
1465
2647
3518
296
6713
6913
1056
1952
6942
2809
3613
5521
2921
898
2835
598
1992
7263
1327
7757
3221
1292
8089
4917
2863
5492
7804
2523
3017
2206
1145
1306
1727
4214
6749
5874
1571
2990
1550
6810
2233
1870
1786
4579
3065
1847
1483
2530
1659
1544
2687
1482
2114
3567
2514
1840
96
2068
1414
4359
1696
3872
1774
2402
2492
2042
4880
1463
4863
2136
27970
8266
2275
2593
2129
2470
1650
1165
3307
1244
4782
2834
1446
6998
5669
7423
1564
4559
1782
2341
2405
3365
6553
2773
2671
3208
5995
2883
1909
4196
2318
2319
4622
4978
4729
3839
4540
7035
7107
2082
3630
1774
10078
1932
949
2511
900
2200
1103
868
6551
1728
3209
2124
2699
3765
7642
1545
876
3002
2389
801
1355
2196
1145
8646
3768
2526
892
3062
5401
2290
26928
1191
2535
1743
28548
5931
2182
4297
403
922
1214
2124
2611
1821
1999
31002
2224
2486
2027
1179
1893
4648
1107
2309
1923
1823
1741
4210
1045
2636
1243
2018
976
210
4628
2018
1731
6297
28072
4993
2124
1046
1147
2056
14213
2272
4207
7113
441
955
3938
4980
726
497
803
2342
1925
1476
2229
1727
2696
1727
1293
1315
1309
2031
1825
2212
1559
974
2400
4578
839
1959
3256
2466
3937
1798
3280
3430
6616
3664
1875
4407
1027
902
2459
1226
4668
5299
3492
2961
1970
3069
2390
1091
3063
1803
2819
2579
7848
958
1638
6934
5936
2796
1919
804
3486
5840
2020
2546
594
2062
6931
879
2754
1404
1733
1718
1858
2708
2163
4991
7709
1536
8828
842
4206
6746
1282
4778
875
2793
2826
1374
1489
2361
3226
1403
4406
2950
1494
2626
2492
4464
2543
713
5671
2400
1692
5595
1685
1533
5735
2454
1045
4532
4729
4574
1685
862
6751
1923
2345
3266
2207
3252
3684
3474
2359
5594
5131
2432
5295
3272
6081
2538
2830
1843
1729
1910
2964
4578
6923
2391
1006
2089
2995
6817
734
7069
2369
1417
3433
2716
1693
1737
9349
2573
9235
3008
2119
2629
4521
1838
2738
3365
1819
1204
6297
2604
2650
4158
343
3630
2355
1734
3462
2553
358
4583
3329
2364
636
1930
1681
1956
2067
12952
331
1598
906
973
3766
869
2487
210
4659
1899
1476
2711
2291
3137
1932
2403
1161
879
960
1031
4918
1478
2073
5580
4269
1079
2980
180
13987
2249
3055
2789
3118
1718
6162
2520
2835
1857
4593
4405
1765
28077
1176
2251
5264
911
1409
4480
7107
1982
2180
3215
2844
2117
2189
1899
1740
2928
1293
4083
3840
1576
264
6852
1767
2142
2104
449
2379
1704
2181
2061
2238
2222
1589
2137
1233
3525
2694
1153
2117
2497
3244
3472
3335
1398
709
2366
1031
875
1295
6975
3062
1310
7751
1122
28072
6712
3632
1696
690
4359
1573
2835
1928
1847
2505
3250
4661
4622
1654
1889
876
5098
1843
7133
4478
1803
3872
809
1863
2824
2294
1686
2108
6663
2423
182
2060
2760
2414
5074
406
1054
7578
3227
3732
2034
29651
4905
2961
2796
1705
1757
10078
2323
2760
1856
1536
2345
2495
2124
1924
1224
2655
2423
2615
7841
2444
5995
1863
1620
951
1446
825
5953
2545
6366
3310
1547
3642
1200
2081
2179
1899
2087
2917
759
1674
3677
4401
10078
1445
1478
2244
2642
1202
2872
6608
1789
1718
2524
1109
2516
2991
3361
808
895
3327
2686
444
29448
2117
1666
4279
2543
2815
6315
4687
1158
1777
477
1451
7074
1155
6917
2600
2443
2425
920
3469
5565
719
2076
1924
6375
2027
4054
2836
2086
7994
1882
6913
2206
2366
10978
1904
2569
1477
34041
1461
3066
3858
7541
1937
1936
2160
2458
813
2577
2439
1000
6741
3233
4316
1582
1727
3131
4469
1093
1412
549
2165
1448
1006
1822
713
1585
4171
243
1734
1889
1740
2111
1816
627
1728
4656
2235
1747
2391
2270
949
2411
2890
7069
2222
1973
1573
3964
2056
3546
3454
4587
1735
809
3717
3474
1107
1121
2588
2880
2357
3287
6440
2121
3845
990
704
3443
2873
1551
1322
2385
6934
3066
3421
2726
2574
3157
1079
1461
2107
3245
1889
2356
2004
2434
2344
7377
2123
1353
2225
13179
8087
977
4222
1843
2710
2283
3333
2717
2374
8617
940
3215
2138
3306
494
1445
1204
6488
2209
3635
2364
5460
4826
5381
2503
1905
13134
3717
1943
5688
9918
7437
3590
842
3272
1654
2263
2693
2027
5850
2609
2224
875
290
1164
444
6866
2734
3583
3998
1668
6020
6375
1533
2042
1084
1835
7497
1897
1220
2777
2124
2008
549
1355
8031
2520
2321
2039
2517
1690
1926
3469
1834
1272
2451
2119
1733
6180
1968
2226
1777
6004
2974
13339
1499
2858
63
2171
2500
5573
1251
2596
7399
675
2344
2350
6020
4212
1862
690
2428
2142
827
4880
2613
2028
2317
1734
3485
4527
2447
1160
7674
3108
1788
29669
3541
1070
3546
960
1612
4268
1907
6032
2270
3756
4874
1649
2208
1961
1528
27669
3497
4622
2620
63
296
1714
6245
3397
2199
7423
8680
2056
2463
2205
4728
1393
2625
2379
2389
2502
2520
2037
2086
3980
1018
6545
1980
3095
4948
5295
214
1749
1925
2502
2923
1619
2218
5875
2014
1275
7867
92
2984
1794
3543
343
2164
1836
6852
2407
6503
1835
2040
847
7223
2157
2076
3016
6297
3303
4739
1370
7781
1835
781
2875
960
1623
2404
2608
2857
1553
3292
7638
2197
3598
2265
2686
2831
1884
1835
1681
1695
2409
2880
714
3648
2291
6051
2309
1591
1788
1528
2812
1307
1996
1412
2423
2207
1650
1602
835
3023
2434
3084
1669
2366
4057
2272
2039
6555
3193
3329
1272
6852
1953
1684
5830
1100
2444
3107
1611
6866
10488
1971
767
5448
4205
2369
972
2106
2262
4739
905
2180
2299
2878
2477
5155
1342
3510
2047
2069
2170
2851
1977
4668
2170
7359
2222
1857
8759
2219
2479
3102
1310
2256
5805
1789
6938
1653
4131
1985
1989
1703
1931
3302
1816
1314
8264
5807
1467
2210
13773
1804
13521
2686
4439
3566
2077
3578
2282
2400
