80 500
1 40 23 154
1 10 7 741
1 33 32 4220
1 4 37 28119
1 80 6 329
1 61 46 5516
1 69 28 8487
1 10 64 48
1 60 53 37045
1 68 66 45
1 8 7 94
1 76 32 458
1 50 46 937
1 48 76 465
1 45 10 100
1 12 75 596
1 71 55 6607
1 29 3 453
1 60 55 51523
1 18 15 117
1 37 30 990
1 59 13 44117
1 62 41 4127
1 67 5 957
1 4 11 99104
1 74 70 31880
0 27 67
0 45 7
0 35 1
0 47 7
1 77 54 44836
0 6 47
0 50 46
0 76 32
0 38 24
0 13 58
0 61 6
0 39 4
0 1 4
1 75 46 7008
0 10 30
0 40 23
1 34 67 716
0 39 10
0 71 55
0 39 55
0 48 76
0 41 59
0 10 64
1 61 37 44824
0 45 10
0 12 51
0 67 5
1 39 78 405
1 68 71 5768
0 37 30
1 44 16 15259
0 2 11
0 51 59
0 48 76
0 54 57
0 48 20
0 45 7
0 58 41
0 58 70
1 55 44 56112
0 76 32
0 43 27
0 68 71
1 28 58 2633
0 61 46
0 53 63
0 19 71
0 48 39
0 55 69
0 8 7
1 28 54 7651
0 32 27
0 60 44
0 68 16
0 4 42
1 34 44 92957
0 10 64
0 39 78
0 45 5
1 64 71 47321
0 12 73
1 11 79 6882
0 28 58
0 8 73
0 79 49
0 60 44
0 34 16
0 71 16
1 19 76 692
1 54 21 36
0 75 46
0 34 25
1 31 41 8613
0 45 16
0 17 50
0 12 47
0 39 78
0 10 71
0 48 32
0 29 27
1 8 59 3640
0 3 18
0 25 80
0 39 78
0 68 16
0 37 30
1 25 66 66221
0 61 30
0 62 41
0 60 55
0 12 75
0 4 60
0 34 5
1 13 39 69477
0 3 29
0 32 28
0 55 16
0 68 55
0 78 6
0 8 7
0 71 55
0 64 55
0 71 55
1 49 52 6121
0 49 52
0 19 32
1 41 36 6642
0 74 70
0 61 30
0 18 15
0 12 70
0 74 70
0 8 39
0 10 64
1 52 30 306
0 24 75
0 55 61
0 28 54
0 69 54
0 80 6
0 28 58
0 45 55
0 62 32
1 12 8 55958
0 11 79
0 60 55
0 63 21
0 25 66
0 10 16
0 20 64
0 72 48
0 60 20
0 45 64
0 12 75
1 17 15 615
0 17 15
0 42 15
0 28 20
0 18 15
0 61 22
1 35 14 23332
0 67 53
0 52 18
0 8 78
0 45 55
0 76 28
1 56 29 706
0 13 39
0 12 49
0 12 78
0 34 23
0 36 9
0 45 44
1 27 4 9935
0 58 11
1 77 15 1685
0 76 35
0 67 5
0 19 76
0 10 55
0 27 30
0 45 64
0 80 5
0 68 44
0 10 71
0 67 5
1 49 19 279
0 75 36
0 10 44
0 59 78
1 12 56 2924
0 59 39
1 69 38 42626
0 69 23
0 4 11
0 27 4
0 71 55
0 54 57
0 56 3
0 50 46
0 34 67
0 77 21
0 68 16
1 39 17 704
0 77 54
0 68 55
0 4 30
0 50 46
0 68 72
1 61 10 592
0 54 21
0 61 10
0 41 38
1 11 65 726
0 64 44
0 28 54
1 22 33 9112
0 31 59
0 75 30
0 64 26
0 59 39
0 68 16
0 74 6
1 1 59 64372
1 5 66 38701
0 61 7
0 64 75
0 45 71
0 59 78
0 49 52
0 25 66
0 12 59
0 77 60
0 24 79
0 35 14
1 16 20 598
0 4 29
0 12 75
0 10 64
0 69 21
0 77 75
1 11 64 49930
1 31 48 85069
1 23 5 75
0 7 5
0 68 71
0 61 55
0 76 32
0 16 20
0 64 37
1 53 44 893
0 44 62
0 10 64
0 12 75
0 31 41
0 27 20
0 31 41
0 61 20
1 40 42 249
0 69 28
0 28 54
0 49 32
0 46 38
1 68 56 120
0 10 71
0 17 15
0 77 51
0 40 42
0 69 21
0 23 66
0 49 19
1 36 62 454
0 51 64
0 1 17
0 8 59
1 5 35 651
1 5 64 13
0 11 64
0 12 3
0 69 58
0 61 16
0 12 15
1 80 71 6220
0 49 32
0 34 35
0 40 20
0 23 35
0 5 16
0 68 20
0 16 10
0 76 53
1 52 78 390
0 2 38
0 59 78
0 1 13
0 16 20
0 12 46
0 5 44
0 27 4
0 34 5
0 23 20
0 46 57
1 49 67 90391
1 48 79 753
0 8 38
0 4 55
1 79 75 281
0 49 64
1 28 30 6927
0 13 15
0 79 46
0 27 79
0 33 29
0 62 41
1 77 15 820
0 12 8
0 48 76
0 23 66
0 69 21
0 27 55
0 68 55
0 49 19
0 71 44
0 8 7
1 23 5 55644
1 31 48 511
1 31 41 7801
0 40 35
0 16 20
0 27 11
0 20 58
0 74 8
0 10 64
1 31 41 70255
0 34 16
0 75 46
0 45 16
0 20 37
0 10 7
0 1 78
1 10 64 80372
0 33 32
1 33 32 3254
0 35 14
0 68 66
0 27 75
0 27 65
0 40 20
0 71 16
0 23 14
0 59 1
0 48 76
1 59 13 8151
0 61 37
0 12 39
0 53 20
0 48 32
0 80 71
0 10 71
1 27 4 9312
0 23 5
0 11 71
0 34 66
0 13 15
0 75 46
0 11 64
1 53 44 98
1 74 70 66480
0 10 44
0 27 20
0 69 54
0 11 46
0 59 39
1 44 16 7445
0 21 40
0 64 55
0 5 14
0 68 56
0 49 78
0 62 36
0 1 59
0 13 39
0 11 46
0 35 18
1 22 33 954
0 64 44
0 54 14
0 36 41
0 5 8
0 1 39
0 65 16
0 31 36
0 80 55
0 49 67
0 4 16
1 27 4 9779
0 68 56
0 1 17
0 64 55
0 59 8
0 40 64
0 74 37
0 69 58
0 67 71
0 12 78
0 48 76
1 34 67 88831
0 62 41
0 4 55
0 67 5
0 11 36
0 8 17
0 31 46
0 44 16
0 77 21
0 28 30
1 16 20 1456
0 69 38
0 34 35
0 27 20
0 22 35
0 68 56
0 49 30
0 37 30
0 34 16
1 49 52 4076
0 35 16
1 61 37 211
0 17 15
0 31 48
0 19 32
0 67 20
0 19 46
0 40 64
0 31 62
1 79 75 181
1 40 42 712
0 67 55
0 49 78
0 61 71
0 67 35
0 52 78
0 34 55
0 61 20
0 59 78
0 49 32
1 29 15 54
0 53 44
0 13 78
0 61 29
0 35 13
0 28 30
0 68 16
0 80 71
0 31 76
0 48 54
0 65 22
0 5 44
0 4 71
0 60 53
0 68 29
0 31 48
0 36 41
0 4 11
0 49 32
0 29 3
0 45 71
0 12 59
0 49 16
0 59 78
0 4 46
0 79 75
0 40 42
0 79 14
0 68 71
0 1 78
0 27 65
0 39 13
0 44 20
0 11 55
0 31 48
0 24 58
0 27 30
0 25 66
0 48 32
0 67 55
0 28 21
0 64 55
0 4 30
0 31 41
0 79 75
0 52 78
0 31 75
0 69 58

