100 5000
1 100 57 3163
1 46 60 942
1 86 34 8809
1 10 46 516
1 54 83 5164
1 19 100 7278
1 100 24 976
1 60 41 7848
1 13 57 3144
1 51 15 89753
1 20 99 1362
1 37 19 3116
1 21 16 32312
1 60 33 614
1 62 67 7948
1 15 95 15529
1 12 11 75192
1 87 37 58550
1 7 100 959
1 63 95 76123
1 99 89 53
1 88 37 63456
1 11 76 254
1 70 76 140
1 4 47 6504
1 50 93 7241
1 55 19 145
1 16 4 66849
1 96 92 5317
1 86 39 8094
1 46 45 9871
1 12 37 342
1 93 10 5422
1 48 94 8644
1 75 60 137
1 58 57 4706
1 48 88 71639
1 28 1 2036
1 93 12 410
1 19 21 34428
1 79 7 7652
1 93 19 93214
1 26 72 24
1 96 20 5120
1 48 67 693
1 13 86 969
1 1 48 869
1 58 63 6247
1 100 40 8251
1 2 6 65614
1 71 54 528
1 35 88 7562
1 56 79 44350
1 98 84 531
1 44 83 83886
1 63 12 735
1 43 21 461
1 96 69 259
1 34 57 77346
1 71 98 82
1 10 88 26177
1 65 70 19111
1 73 16 2671
1 22 56 6031
1 17 35 50
1 19 83 73123
1 89 23 5663
1 42 3 45942
1 16 80 22
1 20 27 93538
1 95 74 867
1 15 68 70221
1 43 49 13615
1 63 43 95733
1 52 87 848
1 8 95 55322
1 1 97 2779
1 89 100 78225
1 75 10 75
1 91 4 6115
1 81 89 130
1 69 3 280
1 55 14 22973
1 12 71 96
1 44 50 41614
1 12 8 9488
1 78 20 652
1 2 90 60297
1 36 83 5549
1 77 62 952
1 58 93 32160
1 100 99 89155
1 45 64 384
1 54 35 4285
1 72 61 646
1 9 33 96678
1 12 100 76
1 13 61 198
1 87 80 782
1 92 91 928
1 54 4 889
0 21 80
0 72 57
0 79 57
0 22 23
0 35 24
0 82 84
1 67 61 613
0 56 58
0 68 13
0 71 9
0 1 99
0 80 42
0 93 47
1 37 85 946
0 96 69
1 76 18 90221
0 35 92
0 87 85
0 28 67
1 97 55 9464
0 10 45
0 13 39
0 15 74
0 75 16
0 37 21
1 72 64 798
1 70 51 588
0 7 99
1 40 93 27516
0 40 11
0 7 24
0 87 98
0 89 99
0 61 35
1 35 47 65109
0 55 86
0 63 48
0 89 98
1 92 42 734
0 93 74
1 58 74 622
0 98 89
0 19 93
0 97 12
0 58 50
1 92 21 9221
0 75 35
0 50 88
0 79 64
0 50 80
1 29 26 2873
0 50 98
0 61 7
1 55 37 96
0 100 88
1 15 96 9380
0 54 74
0 79 18
0 86 52
0 99 18
0 1 46
0 72 31
1 66 56 71436
0 61 88
0 15 96
0 93 76
1 9 43 144
0 59 38
0 15 19
0 50 95
0 89 60
0 75 11
0 99 19
0 87 33
1 93 17 91085
0 53 54
0 66 11
1 96 66 451
0 70 92
0 40 54
0 90 52
0 51 43
0 70 16
1 53 24 7636
0 79 76
0 96 98
0 71 21
0 51 54
1 43 16 923
0 47 96
0 75 33
0 55 16
1 90 79 84572
0 65 12
0 65 19
0 71 8
0 55 23
0 65 76
0 59 11
0 48 57
1 54 34 9
0 58 100
0 37 85
0 10 75
0 78 34
0 100 33
0 71 85
0 20 41
1 9 18 177
1 71 88 294
1 75 27 58917
0 65 7
0 93 46
0 19 33
0 74 31
1 82 84 24750
0 28 40
0 78 47
0 93 47
0 70 60
1 56 41 11086
0 70 68
0 81 93
0 15 55
0 54 18
0 88 37
1 65 8 129
0 1 93
0 56 28
0 28 46
0 56 57
0 67 61
0 82 4
0 56 93
1 70 100 56555
0 17 57
0 75 40
0 77 67
0 17 4
1 47 2 1728
0 70 90
0 70 92
0 16 33
0 93 24
0 65 37
1 19 79 62880
0 55 80
0 21 54
0 75 27
1 58 72 27
0 51 12
0 63 24
1 23 98 4769
0 20 11
0 92 90
0 63 18
1 34 99 1
0 21 4
0 1 79
1 94 4 85
0 50 19
0 91 19
0 96 33
1 76 30 2210
1 16 77 742
0 48 30
0 34 76
0 37 84
1 62 74 301
0 34 93
0 91 39
0 99 95
0 16 10
0 73 2
0 40 30
1 56 12 3292
0 43 7
0 65 56
0 54 8
0 13 93
0 97 45
0 18 84
0 48 17
1 46 13 63606
0 73 42
0 22 12
0 16 80
0 20 35
0 92 77
0 88 77
0 92 79
1 53 23 735
0 73 4
0 16 23
1 34 88 492
0 52 60
0 56 93
0 73 39
0 71 89
0 63 74
1 63 78 813
0 93 33
0 58 41
0 73 46
0 99 80
0 94 4
0 51 96
1 23 60 4854
0 15 70
0 50 60
0 16 84
1 91 7 6051
0 91 10
0 17 86
0 87 74
0 75 34
0 9 6
0 1 21
0 87 84
1 9 44 76
0 71 86
0 35 54
0 94 71
0 34 83
0 100 85
1 52 97 21661
0 19 60
0 51 89
1 41 46 35901
0 43 46
0 79 60
0 89 57
1 98 34 134
0 16 4
1 6 43 71522
0 66 30
0 56 11
0 65 100
0 13 99
0 97 13
1 73 41 784
0 43 80
0 81 13
1 25 29 533
0 70 60
0 89 43
0 73 76
0 91 6
0 23 71
0 87 2
0 48 93
1 79 77 6555
1 20 36 52174
0 9 54
0 40 33
0 94 19
1 95 51 97283
1 38 1 15
0 91 27
0 53 83
0 94 77
0 98 33
0 79 69
0 66 99
0 81 20
1 37 36 56773
0 46 51
0 43 84
0 90 19
0 23 6
1 85 39 35604
0 42 83
0 21 2
0 87 56
0 56 100
0 79 80
1 88 8 818
1 34 11 3034
0 37 6
0 65 33
0 1 37
0 51 37
1 32 55 6070
0 63 86
1 34 7 7567
0 63 36
0 14 9
0 92 79
1 81 99 51187
0 12 96
0 73 24
0 7 64
0 93 33
0 98 42
1 43 3 9079
1 37 5 309
1 53 82 364
0 65 4
0 4 100
0 13 12
0 94 20
1 64 61 28549
0 54 24
0 56 84
0 37 21
0 95 84
0 99 11
0 23 17
0 55 68
1 95 100 16887
1 94 57 544
0 71 41
0 37 13
0 56 96
0 4 39
0 22 68
0 95 43
0 38 99
1 22 9 1351
0 66 37
0 21 40
1 67 57 1752
0 20 74
0 89 47
0 20 15
0 19 23
0 34 89
1 87 29 920
0 55 14
0 38 55
1 96 94 8982
1 18 82 2449
0 92 6
0 98 33
0 60 36
0 96 67
0 43 91
0 40 71
1 51 70 2236
0 23 84
0 93 62
0 51 12
0 98 80
0 37 100
0 52 21
1 7 40 33030
0 41 76
0 46 21
0 25 29
0 17 51
1 83 56 766
1 94 75 375
0 29 26
0 46 21
0 41 99
0 38 77
0 43 86
0 50 11
0 94 43
1 38 10 6270
0 12 8
0 87 41
0 99 27
0 97 68
0 37 98
1 100 4 104
1 60 63 963
0 17 66
0 35 63
0 66 89
0 100 68
0 96 35
0 19 71
1 56 82 5148
0 63 92
1 28 70 9566
0 15 41
0 9 100
0 89 21
0 48 36
0 95 2
0 96 17
1 64 35 72791
0 28 86
0 56 73
1 27 61 5551
0 32 45
0 51 79
0 20 75
0 52 69
0 54 42
1 4 36 2100
0 70 67
0 21 78
0 89 85
0 64 75
0 28 1
0 38 64
0 23 56
1 1 14 1993
0 54 55
0 79 21
1 49 70 46592
0 53 77
0 58 47
0 28 89
0 83 96
0 19 8
0 50 20
0 17 20
1 8 38 7439
0 46 70
1 35 44 3263
0 73 13
0 37 14
1 49 63 1106
0 100 61
0 55 96
0 81 67
0 90 42
0 92 63
1 90 50 91
0 2 51
0 44 37
0 40 12
0 71 67
1 74 97 767
0 41 7
0 77 71
0 72 93
0 81 16
0 34 97
0 17 66
1 59 99 8449
1 54 73 352
0 86 33
0 13 16
1 48 39 6125
0 55 63
0 100 6
0 91 46
0 49 2
0 4 89
0 49 91
0 53 15
1 67 33 605
0 62 73
0 1 47
1 78 71 3
0 35 5
0 60 30
0 41 96
0 9 85
1 65 1 394
0 96 100
0 34 60
0 26 68
0 13 33
1 93 99 78
0 41 83
1 41 62 44687
0 58 76
0 49 48
0 93 84
0 66 83
1 86 7 2251
1 65 22 928
0 17 35
0 53 84
1 84 21 9468
0 71 67
0 23 75
1 47 83 4174
0 59 7
0 88 14
0 17 45
1 6 30 1268
0 29 41
1 81 21 217
0 75 21
0 11 2
0 15 40
0 71 88
0 23 48
0 90 85
1 2 20 82097
1 96 95 3469
0 13 16
0 20 24
0 21 24
0 91 24
1 43 80 52345
0 6 88
0 86 15
0 1 79
0 62 82
1 18 70 9579
1 66 46 442
0 32 35
0 93 5
0 91 10
0 83 21
0 56 10
1 14 38 283
0 100 10
0 53 30
0 35 39
1 91 39 71486
0 81 30
0 50 14
0 84 57
0 11 90
1 90 70 35133
0 60 13
0 60 19
0 6 73
1 50 83 98082
0 76 39
0 94 77
1 43 47 64943
0 19 30
1 24 59 209
0 59 10
0 65 96
0 56 75
0 16 61
0 67 68
0 72 97
1 10 41 851
0 22 48
0 53 61
0 18 7
1 23 13 43860
0 47 49
0 70 17
0 94 7
0 96 74
0 59 49
1 16 22 19090
0 64 49
0 12 68
0 59 99
0 88 89
0 17 71
1 63 4 4966
0 28 24
0 48 2
0 48 13
1 24 27 884
0 93 34
0 65 99
0 36 15
0 75 96
0 19 48
1 5 59 770
0 11 33
1 80 44 807
0 35 2
0 23 47
0 86 48
0 44 49
0 17 55
0 89 13
1 10 38 7136
1 17 48 847
0 71 73
0 13 7
0 59 4
1 39 28 86361
0 83 74
0 36 54
1 41 35 52549
0 16 46
0 54 20
0 98 79
0 19 83
0 85 6
0 60 7
1 75 28 1755
0 76 98
0 70 63
0 47 42
0 76 30
0 78 46
0 86 50
0 28 37
1 68 9 4001
0 91 35
0 1 4
0 82 12
1 95 37 31680
0 27 61
0 5 38
0 52 90
1 91 43 8371
1 96 2 1480
0 1 13
0 59 84
0 5 75
1 95 2 92220
0 54 16
0 18 61
0 58 12
0 82 96
0 60 51
0 75 54
0 100 41
1 58 97 4829
0 78 82
0 6 41
0 90 50
1 96 1 1479
0 94 64
0 66 30
0 13 94
0 77 8
1 30 56 5224
0 74 28
0 15 14
0 50 49
0 10 21
0 15 35
0 88 99
1 65 16 26942
0 97 35
1 32 3 93059
1 18 68 53534
0 75 55
0 94 78
0 98 19
0 9 7
1 84 54 335
0 42 19
0 21 36
0 19 100
1 23 41 65522
0 53 62
1 100 71 7179
0 17 44
1 67 86 14576
0 68 56
0 10 11
0 5 98
0 96 30
0 98 55
0 52 29
0 65 18
1 78 86 3971
1 7 55 80672
1 64 3 69465
0 91 6
0 44 6
0 85 2
0 15 11
0 69 95
0 95 14
1 54 21 7339
0 47 96
1 96 71 2838
0 48 44
0 53 4
0 50 97
0 12 66
1 72 48 11472
0 45 39
0 74 96
0 84 98
0 87 55
0 91 66
1 87 59 5277
0 91 39
0 40 92
1 63 18 341
0 16 41
0 84 57
1 90 37 882
0 22 91
0 89 28
0 87 51
0 73 5
0 55 4
1 38 88 4446
0 34 20
1 35 13 6953
0 76 20
0 7 2
0 76 82
0 91 74
0 16 67
0 24 88
0 86 38
1 57 99 5457
1 82 18 775
0 80 24
0 48 95
0 98 2
1 66 61 31103
0 57 88
0 79 36
0 84 42
1 79 3 12805
0 36 100
0 56 40
0 47 78
0 83 4
0 11 54
1 66 91 9654
0 65 55
0 23 39
0 70 9
0 60 1
0 20 34
0 1 17
0 74 80
1 77 41 91359
1 51 95 23567
0 90 21
0 24 50
0 38 44
0 5 1
0 80 67
1 46 29 546
0 99 2
0 55 51
0 22 6
0 63 66
0 90 11
0 22 69
1 30 66 74463
0 86 99
0 87 10
0 58 26
0 19 10
0 99 70
0 1 36
1 97 42 291
0 18 64
0 30 39
0 85 62
0 73 28
0 6 63
0 59 85
1 30 87 6168
0 16 49
0 35 100
0 100 60
1 54 41 8902
0 54 35
0 70 55
1 23 35 32
0 63 14
0 8 88
0 15 25
1 60 79 38
0 24 22
1 26 50 7921
0 17 22
0 68 64
0 47 96
1 25 65 55495
1 60 30 45387
0 65 72
1 32 29 93522
1 55 89 558
0 6 22
0 12 74
1 16 25 392
0 10 28
0 78 46
1 64 82 931
0 71 84
0 75 96
0 41 92
0 22 6
0 25 85
1 51 3 90606
0 84 75
0 39 68
0 98 44
0 49 74
0 17 82
0 19 27
0 15 57
1 49 96 9558
1 49 81 26
0 98 46
0 44 64
0 70 38
1 28 80 94649
0 57 13
0 40 55
0 12 65
1 40 96 93
1 58 81 1169
0 17 40
0 77 9
0 32 39
0 1 17
0 98 12
0 49 21
1 36 11 1755
1 17 72 35359
0 65 56
0 68 55
0 6 30
0 85 48
1 11 13 70060
0 78 10
0 70 76
1 42 72 16
0 20 63
0 37 95
0 76 7
1 5 51 54
0 5 91
0 79 36
0 64 96
1 33 79 5759
0 7 46
0 56 50
0 5 88
0 5 54
0 87 56
1 96 23 74929
0 39 25
0 62 4
0 12 89
0 11 59
1 50 88 6404
0 83 17
0 78 25
0 99 42
0 72 47
1 33 8 767
0 58 50
1 52 84 286
1 39 3 3392
1 68 15 811
0 83 63
0 76 34
0 9 40
0 59 19
1 53 92 82700
0 4 84
0 86 11
0 11 77
0 51 95
0 33 70
1 25 38 214
1 76 38 6262
0 20 96
0 52 96
0 36 30
1 9 55 23419
0 48 18
0 49 65
0 38 98
0 66 7
0 9 91
1 99 19 8154
0 82 95
0 84 62
0 77 88
0 76 8
0 17 27
0 9 42
0 81 23
1 69 57 15648
0 87 4
0 15 39
0 68 5
0 25 87
1 18 11 53858
0 99 37
0 24 99
0 91 6
0 32 76
0 1 89
0 29 85
1 46 17 5647
0 45 13
0 86 57
0 22 89
1 95 20 53532
0 32 77
0 51 5
1 75 5 9862
0 68 77
0 22 58
1 41 37 92365
0 21 17
0 53 83
0 73 90
1 42 49 43453
0 46 28
0 37 14
0 21 94
0 19 1
0 100 43
0 62 38
0 63 34
1 52 45 4185
0 89 9
0 71 78
0 65 79
1 70 20 545
0 11 15
0 24 69
0 82 85
1 82 100 192
0 26 13
0 17 93
0 89 88
0 40 65
0 90 27
0 37 64
0 90 33
1 47 74 3557
0 71 98
0 23 65
0 2 55
0 48 19
0 76 29
1 72 56 1778
1 6 46 63050
1 31 14 826
1 83 14 806
0 65 74
0 22 89
0 37 91
0 53 35
0 58 64
0 98 90
1 43 92 6026
0 53 94
0 40 37
0 9 42
0 74 18
0 100 64
0 21 87
1 56 100 413
0 45 74
0 10 98
0 57 63
1 63 30 50627
1 18 17 88282
0 25 30
0 67 71
0 94 20
0 4 83
1 33 2 3740
0 14 50
0 56 22
0 37 16
0 71 68
1 88 35 2943
0 22 56
1 34 8 823
0 92 41
0 36 74
0 70 75
0 56 22
0 53 64
0 80 41
0 59 36
1 45 99 42184
0 18 3
0 42 62
0 89 72
1 99 91 632
0 42 5
0 35 70
0 56 25
0 41 81
0 89 2
1 90 88 904
0 45 6
0 33 43
0 76 3
1 7 1 47985
0 2 65
1 77 4 66609
0 69 11
0 41 43
0 50 57
1 69 54 812
0 3 92
0 30 34
0 76 60
1 8 22 3310
0 67 63
0 98 17
0 49 60
0 46 47
0 60 91
0 90 48
1 51 71 9220
0 46 62
0 63 29
0 68 27
0 55 81
0 54 50
0 44 65
0 57 94
1 66 30 1707
1 10 54 5525
0 42 35
0 85 71
0 11 13
0 1 59
0 37 26
0 96 44
1 89 4 251
0 6 21
1 6 73 7048
0 55 44
0 10 19
1 30 54 311
0 82 95
0 84 97
0 15 90
1 28 99 863
0 66 33
0 38 68
0 30 66
0 14 92
0 25 84
0 98 68
1 66 37 955
0 47 5
0 21 54
0 47 55
0 24 22
0 100 1
1 78 43 9409
0 16 74
0 64 98
0 89 96
0 14 25
0 9 65
1 69 22 295
0 59 16
1 6 100 18
0 8 56
0 97 48
0 19 21
0 99 43
0 51 84
0 93 37
0 85 57
1 91 70 91119
0 56 50
0 74 12
0 44 25
1 44 27 396
0 93 59
0 50 37
0 68 70
1 62 25 8351
0 59 57
0 46 13
0 80 2
0 63 38
0 15 7
0 38 46
0 87 2
1 58 12 7037
0 14 47
1 43 13 19439
0 26 69
0 4 13
0 29 17
1 39 80 92162
0 75 25
0 65 30
0 21 100
0 63 21
1 86 87 51753
0 36 55
0 43 35
1 91 2 70834
0 22 29
0 19 6
0 79 98
1 1 87 48
1 38 57 4834
0 94 30
0 74 18
0 4 93
1 51 83 9317
0 95 27
1 40 39 895
0 5 28
0 86 43
0 99 28
1 100 62 485
0 68 12
0 31 26
0 6 13
1 2 76 502
0 4 94
0 95 40
0 63 77
0 80 4
0 58 64
0 67 77
0 84 99
1 36 47 93296
0 60 78
0 66 15
0 46 84
0 23 79
0 70 12
0 2 40
0 78 18
1 3 84 55922
0 53 59
0 70 50
0 73 13
0 96 64
0 51 91
0 34 55
0 5 68
1 89 3 175
0 86 50
1 11 7 76488
0 14 27
0 60 10
0 70 21
0 17 93
0 94 28
0 11 39
0 72 86
1 84 72 21494
0 99 83
0 4 36
0 87 44
1 84 57 624
0 62 87
0 35 44
0 6 83
0 30 11
1 79 5 2248
0 80 61
0 80 36
0 22 55
0 43 68
0 14 50
1 52 3 994
0 53 86
0 32 25
0 13 77
0 84 43
1 80 63 3839
0 73 50
0 38 41
0 69 91
0 63 91
0 82 3
0 52 38
0 46 62
1 100 11 1528
0 93 5
0 92 4
0 8 66
0 58 86
0 25 2
1 71 22 401
0 90 61
0 28 45
0 13 86
0 46 86
0 49 75
0 11 49
0 64 93
1 26 35 38481
0 87 34
0 98 64
0 20 34
0 23 2
0 59 48
1 63 10 21591
0 1 21
0 55 25
0 57 80
0 67 99
0 70 80
1 70 48 695
0 2 60
0 45 6
1 71 94 50017
0 47 75
0 44 49
0 82 83
0 62 95
1 93 50 272
0 39 94
0 99 70
0 14 81
0 99 22
0 59 29
0 48 10
0 78 9
1 8 3 44276
1 65 91 9367
0 69 7
0 52 30
1 80 13 513
0 68 73
1 92 17 55689
0 25 11
0 62 50
0 92 12
0 88 60
0 4 92
0 93 4
1 44 66 54
0 8 41
0 84 35
0 45 4
0 13 26
0 22 95
1 19 90 8174
0 79 91
0 44 57
1 69 39 8460
0 68 95
0 7 47
0 35 71
0 33 19
0 57 7
0 95 41
1 7 66 36152
0 2 77
0 48 47
0 81 26
0 84 97
1 9 65 95757
0 85 75
0 14 10
0 74 99
1 94 25 5112
0 10 64
0 67 65
1 7 61 1680
0 75 96
1 14 68 1399
0 71 37
1 36 10 2470
0 12 93
0 97 26
0 67 62
0 49 86
0 46 39
1 13 39 38687
0 52 88
0 46 4
0 86 33
0 78 27
1 23 92 29019
0 40 24
0 22 89
0 80 54
0 80 34
0 54 39
1 88 26 314
0 22 17
0 24 35
0 83 41
0 84 20
0 51 47
1 24 56 425
0 8 72
1 84 89 7029
0 30 29
0 50 57
0 30 83
0 64 40
1 18 95 848
0 48 3
0 83 18
1 59 13 78049
0 19 51
1 38 9 2540
0 80 40
1 17 13 5976
0 20 51
0 33 47
0 99 43
0 45 97
1 28 36 5364
0 23 35
0 89 45
0 82 35
1 21 54 51847
0 79 33
0 25 1
0 99 18
1 89 22 15
0 40 50
0 70 42
1 81 11 936
0 51 99
0 78 54
0 99 24
0 44 64
1 64 24 9541
0 74 87
0 1 55
1 69 76 648
0 42 47
1 57 38 44252
0 87 26
0 64 20
0 48 16
0 52 80
0 67 26
1 13 77 2852
1 40 36 200
0 3 2
0 25 23
0 65 93
0 1 92
0 46 15
0 7 36
0 46 89
1 85 41 434
0 77 71
0 33 40
0 69 3
1 89 5 333
0 8 42
0 75 33
0 11 13
0 89 18
0 53 99
0 64 40
1 30 9 58
0 89 9
1 56 2 4095
0 3 46
0 7 57
0 60 82
0 4 44
0 28 43
0 3 71
0 56 76
1 86 94 20883
0 20 59
1 94 59 6523
0 57 22
0 55 38
0 44 84
1 18 90 920
0 88 69
1 2 94 9943
0 77 25
0 59 85
0 15 42
0 29 99
0 62 71
1 79 49 8092
0 59 8
0 34 35
0 79 59
0 39 37
0 87 26
0 51 84
1 41 29 297
0 77 21
0 98 19
0 54 55
1 52 29 8938
0 55 68
0 67 92
1 9 58 432
0 4 19
0 83 94
0 84 68
0 63 41
0 37 17
0 64 68
1 93 29 1713
0 39 90
0 33 42
0 91 88
0 50 67
0 33 75
0 55 96
1 37 72 3082
0 26 70
0 96 40
0 52 54
0 58 66
0 39 29
0 25 22
1 55 32 183
0 94 86
0 40 93
0 59 76
0 60 33
0 23 91
1 85 52 3079
0 15 27
0 98 75
0 87 3
0 60 94
0 55 17
0 39 45
0 9 28
1 38 84 629
0 99 86
0 69 58
0 88 39
0 29 36
0 49 54
1 4 58 4470
0 32 54
0 1 35
0 69 6
0 16 61
0 29 7
1 63 42 3621
0 2 5
0 89 39
1 88 78 9822
0 99 21
0 71 46
0 48 96
0 47 68
1 83 81 7894
0 19 16
0 39 76
0 51 3
0 47 52
0 91 97
0 57 49
1 74 79 43685
0 31 35
0 37 54
0 32 82
1 62 60 67325
0 1 36
0 78 70
1 43 100 1519
0 91 3
0 29 28
0 55 56
0 43 20
0 71 64
1 73 24 1362
0 53 52
1 84 30 139
0 100 51
0 29 59
1 6 74 699
0 78 99
0 27 79
0 3 47
0 52 63
0 56 41
0 38 49
1 14 43 46589
1 18 3 1917
0 30 40
0 67 17
0 65 57
0 60 20
0 37 64
1 6 70 55050
0 28 43
0 30 80
0 85 39
0 71 97
1 95 47 4875
0 13 71
0 22 99
0 34 61
1 60 64 52126
0 39 29
0 42 14
0 56 60
0 75 80
0 88 62
1 82 96 8066
0 95 25
0 53 12
0 87 47
0 32 51
0 99 83
0 76 50
0 10 26
1 13 71 835
0 50 47
0 17 70
0 91 70
0 97 96
0 51 96
0 87 50
0 2 99
1 11 58 734
0 1 64
0 50 90
0 55 50
1 78 55 873
0 91 88
0 60 27
0 21 59
0 48 23
0 17 38
0 17 7
1 85 62 1289
0 47 9
1 44 11 8665
1 44 62 5987
0 50 33
1 77 6 1815
0 47 28
1 16 70 54
0 19 56
0 41 26
0 9 2
0 96 85
0 24 95
0 88 12
1 1 95 1569
0 88 83
0 72 34
0 72 89
0 18 57
0 12 22
1 27 99 79004
0 73 42
0 78 62
0 93 40
0 72 4
0 99 79
0 79 76
1 96 33 11115
0 8 25
0 98 41
0 23 88
0 71 10
0 35 21
0 91 57
0 70 26
1 4 34 64863
0 16 92
0 63 22
1 44 31 8342
0 87 44
0 30 13
0 5 39
1 19 42 61970
0 36 92
0 25 39
0 96 61
0 84 85
0 87 76
0 99 59
0 90 12
1 45 63 1772
0 4 46
0 99 33
0 57 88
1 20 31 1369
0 67 6
0 29 3
0 79 44
0 88 70
1 39 11 2111
0 32 56
0 9 6
0 39 41
0 51 23
1 32 1 70453
0 16 76
1 52 18 216
0 58 75
0 9 4
0 18 28
0 1 18
0 28 100
0 23 76
1 35 77 575
0 65 22
0 60 63
0 46 71
0 75 62
0 58 51
0 46 66
1 93 51 7525
0 46 99
0 10 92
0 81 94
0 46 100
1 61 23 47553
1 63 74 50999
0 77 75
0 49 55
0 89 42
0 74 71
1 68 27 1
0 58 3
0 4 90
1 48 59 53
0 89 57
0 5 59
0 88 43
0 45 64
0 59 29
1 15 4 3697
0 43 35
0 51 67
0 13 31
0 50 56
0 36 93
0 62 66
1 14 20 494
0 100 11
0 61 50
0 89 72
0 70 50
0 83 49
0 28 34
1 17 83 4268
0 2 72
0 19 17
0 83 73
0 1 91
1 82 72 6544
0 100 31
0 75 68
0 60 13
0 70 45
1 33 94 319
0 20 68
0 79 21
0 69 29
0 83 90
0 75 80
1 39 34 2881
0 100 35
0 54 41
0 26 66
0 18 24
0 49 93
1 32 9 358
1 98 16 450
0 58 2
0 62 51
1 63 85 41025
0 92 83
0 11 51
0 30 11
0 4 46
0 25 29
0 50 87
1 80 25 88165
0 66 36
0 79 12
0 26 57
0 76 91
0 66 81
0 40 48
1 19 76 940
0 75 69
0 43 15
0 30 10
0 17 14
1 22 89 73311
0 91 93
0 6 68
0 56 33
0 15 91
0 63 29
0 48 66
0 36 15
1 56 54 156
0 45 87
0 93 75
0 19 82
0 6 63
0 62 17
0 73 2
0 92 25
1 23 3 3281
0 35 44
0 80 96
1 97 83 43555
0 28 7
0 44 99
0 54 15
0 90 76
0 2 95
1 75 95 51361
0 3 85
0 67 66
0 55 3
0 9 61
0 5 31
0 38 36
1 61 75 73834
0 84 55
0 81 29
0 63 83
1 46 20 64407
1 45 24 96123
0 95 22
0 30 15
0 53 95
0 99 33
1 96 99 4419
0 51 85
0 9 29
0 11 54
1 43 94 656
0 88 65
0 42 44
0 11 44
0 51 94
1 90 64 468
0 80 55
0 39 64
0 8 68
0 21 71
0 3 5
1 43 20 4745
0 30 56
0 63 48
0 49 16
1 56 98 9108
1 38 96 440
0 31 6
1 55 96 63595
0 40 21
0 89 99
0 25 26
0 52 59
0 38 90
1 85 83 92
0 42 56
0 47 76
0 25 77
0 28 88
1 94 29 45576
0 85 20
0 3 9
0 9 95
0 97 73
1 69 40 24
0 49 64
0 18 91
0 48 50
0 50 40
0 15 20
0 67 81
1 30 86 8564
0 42 44
1 70 31 99647
1 45 34 6592
1 13 2 55818
0 72 30
1 96 8 9658
0 8 27
0 65 17
0 11 91
0 24 94
0 37 90
1 3 61 55
0 80 13
1 62 80 92218
0 92 30
0 35 85
0 1 95
0 83 68
0 52 21
0 56 30
0 92 96
1 7 73 3258
0 99 79
0 67 39
0 85 71
1 95 60 1728
0 68 61
0 92 75
0 90 99
1 61 53 547
0 20 57
0 67 6
1 92 66 5978
1 79 56 43
1 58 5 79120
0 31 97
0 9 34
0 55 3
0 14 89
1 25 68 96407
0 99 32
1 100 2 784
0 86 51
0 18 75
0 71 70
0 69 24
0 83 46
0 85 12
0 36 77
1 93 44 5325
0 48 73
0 15 85
0 96 18
0 57 22
0 24 56
0 70 26
0 66 75
1 72 82 69
0 94 97
0 31 67
1 33 99 834
0 46 21
0 91 75
0 10 37
0 95 90
0 74 79
0 69 5
1 74 99 61549
1 93 3 647
0 41 23
0 17 83
0 93 84
1 48 3 61704
0 9 73
0 49 81
0 96 7
0 30 5
1 62 27 24741
0 14 49
1 66 73 5656
0 15 6
1 96 28 79020
1 64 37 385
0 73 33
0 82 21
0 6 74
0 42 43
0 45 21
0 92 99
0 47 41
1 59 61 9242
0 30 31
1 3 91 5683
0 44 89
0 94 82
0 33 75
0 54 58
0 61 24
1 23 57 69238
0 5 87
0 96 45
0 92 64
0 74 45
0 4 55
0 47 60
1 38 62 1001
0 42 39
0 48 52
0 13 56
0 41 14
0 44 13
0 19 20
1 9 85 96420
0 81 65
0 54 12
0 99 15
0 8 27
0 87 99
0 31 75
0 61 5
1 50 78 35661
1 2 33 161
0 99 23
0 22 77
1 32 60 968
0 41 38
0 84 17
1 24 70 52391
1 50 11 4150
0 28 77
0 57 21
0 95 16
0 63 41
0 40 83
0 22 27
0 58 90
1 10 32 61851
0 93 52
0 96 88
0 51 17
0 71 46
1 52 27 93071
0 44 18
0 92 10
0 93 31
0 86 40
0 31 16
0 24 41
1 81 93 630
0 25 66
0 84 44
0 54 21
0 86 32
0 62 23
1 88 36 5921
1 99 83 6881
0 43 53
0 96 92
0 32 39
1 75 59 412
0 78 65
0 79 15
1 82 88 1457
0 19 18
0 42 71
1 6 37 85780
0 50 66
0 62 50
1 30 10 833
0 51 22
0 98 7
1 92 55 70872
0 90 26
0 12 32
0 52 19
0 13 90
0 18 71
1 22 25 44
0 14 78
0 18 26
1 86 25 219
0 67 78
1 48 12 102
1 59 64 42783
0 62 35
0 54 95
0 66 54
0 52 9
0 19 11
1 100 10 71559
0 11 42
0 24 82
0 47 96
1 22 80 15298
0 35 27
0 97 62
0 42 78
0 33 18
0 70 82
1 57 83 876
0 82 18
1 2 100 2772
0 36 61
0 71 100
0 35 69
0 23 27
1 16 7 2748
0 65 36
0 49 3
0 78 90
0 67 91
0 5 35
0 55 34
0 96 80
1 72 30 411
0 89 86
0 96 84
0 77 57
0 95 36
0 31 57
1 65 35 238
0 68 85
0 75 80
0 13 15
0 54 28
1 23 62 2683
1 3 95 515
0 98 51
0 14 11
0 49 85
0 45 80
0 96 98
1 24 77 589
0 91 51
0 36 47
0 19 81
1 92 69 409
0 11 80
0 15 8
0 36 51
0 9 63
0 29 34
1 91 48 9529
0 48 82
0 33 64
0 72 33
1 76 6 8
0 91 29
0 65 82
0 50 5
0 25 12
1 67 13 758
0 43 83
1 44 33 22
1 39 85 25961
0 69 90
1 46 27 98201
0 39 13
0 99 40
1 50 76 45032
0 39 98
0 22 89
1 91 93 988
0 98 92
0 2 78
1 100 67 72325
0 83 91
0 20 57
0 95 93
1 3 92 692
0 44 79
0 26 57
0 88 51
0 23 59
0 7 77
0 29 80
0 64 31
1 13 8 7458
0 55 92
0 40 87
1 21 9 18277
0 36 56
0 91 85
0 56 5
0 33 26
0 41 32
1 96 57 455
0 2 14
0 4 55
0 10 15
0 14 16
0 88 69
1 90 71 206
0 36 89
0 66 36
0 2 24
0 7 99
1 46 72 382
0 24 29
0 84 60
0 99 57
0 5 51
0 59 29
0 1 77
0 20 73
1 95 25 10353
1 10 22 6404
0 13 43
0 79 52
1 48 68 6624
0 3 10
0 22 20
1 78 38 69567
0 58 85
0 70 1
0 18 14
0 58 46
0 11 1
1 9 60 8593
0 97 8
0 56 28
0 18 77
0 85 66
0 92 42
0 44 23
0 55 28
1 80 78 3806
0 64 71
0 26 28
1 62 75 25085
0 32 85
0 69 9
0 50 31
0 88 67
0 50 24
1 82 81 5040
0 43 80
0 13 31
0 80 58
0 81 20
0 26 52
0 94 45
0 10 89
1 2 61 6017
0 70 11
0 89 62
0 26 67
0 64 68
0 10 22
1 66 72 8646
0 24 14
0 74 19
1 4 46 495
0 45 46
0 82 32
0 50 66
0 5 86
0 42 80
0 31 46
0 33 94
1 5 60 507
0 18 23
0 81 12
0 3 56
0 69 30
0 31 82
0 3 43
0 42 48
1 37 68 5031
0 47 52
0 80 95
1 68 64 3770
0 96 21
0 97 6
0 71 61
0 49 81
1 44 76 45853
0 64 6
0 64 49
1 23 48 9442
0 2 9
1 76 73 844
1 81 1 80505
0 10 68
0 79 13
1 81 44 43977
0 15 23
0 28 85
0 77 8
0 82 29
0 81 75
1 91 69 2330
0 4 31
1 63 94 385
0 75 41
0 48 21
0 85 84
0 76 35
0 79 69
1 55 58 543
0 72 94
0 17 97
0 23 48
0 2 4
0 20 65
0 59 17
0 70 53
1 20 8 30
0 82 91
1 18 92 18
0 6 46
1 73 25 48
1 71 7 9669
0 87 13
0 72 91
1 98 17 4593
0 65 56
0 4 100
0 96 20
0 64 32
0 3 83
0 83 20
0 77 48
1 70 66 448
1 51 79 9879
0 49 93
0 89 20
0 67 97
0 38 33
0 98 27
0 3 38
0 96 18
1 47 14 2858
0 19 30
0 33 57
0 30 2
0 38 84
0 70 67
0 35 84
1 13 51 96592
0 15 66
0 21 26
0 41 50
0 54 8
0 31 48
1 55 70 4483
0 61 82
0 68 60
0 62 100
0 87 68
0 36 100
0 29 21
0 33 81
1 50 28 83904
0 4 98
0 24 35
0 32 60
0 43 99
0 43 77
0 28 37
1 86 37 2359
0 69 74
0 20 61
0 13 55
1 56 78 19968
0 58 13
0 97 50
0 100 48
0 74 25
1 90 58 7111
0 49 31
0 67 2
0 4 70
0 87 19
0 45 22
0 51 32
0 53 72
1 74 55 375
0 20 12
0 32 57
0 49 41
0 9 46
1 97 3 205
0 22 91
0 66 87
1 57 27 8059
0 78 67
0 92 26
1 59 54 33
1 68 54 219
0 57 93
0 74 80
0 74 27
1 75 1 7947
0 71 10
0 82 64
0 31 100
0 47 65
0 87 98
0 20 95
0 81 70
1 84 37 571
0 5 19
0 18 52
0 31 52
0 91 15
0 61 73
0 6 34
1 79 40 3945
0 61 91
0 92 16
0 60 88
1 66 9 676
0 29 83
1 32 50 840
0 21 87
0 94 87
0 79 93
0 7 13
1 37 76 418
0 68 58
0 70 55
0 12 4
0 57 66
0 80 36
0 100 66
0 40 54
1 57 82 592
1 78 28 2435
0 58 81
0 92 28
0 98 12
0 57 72
0 72 100
0 48 63
1 73 9 33296
0 52 20
0 54 38
0 68 31
0 97 85
0 76 4
0 96 84
0 30 89
1 91 46 6387
0 52 15
0 27 16
1 72 59 83232
0 29 26
0 31 92
0 66 80
0 20 75
1 16 56 388
0 58 14
0 44 42
1 97 34 8022
0 64 50
0 41 61
1 52 44 963
0 88 26
0 58 1
0 47 68
0 7 82
0 37 43
0 99 23
1 34 42 1709
0 71 66
1 19 89 713
0 11 95
0 35 80
0 28 34
0 30 98
0 86 7
0 11 56
0 69 26
1 1 94 629
0 30 76
0 31 42
0 38 48
0 59 42
1 14 35 64888
1 27 4 35468
0 12 34
0 69 24
0 10 36
0 31 37
0 83 14
0 18 91
0 26 27
1 57 95 16
0 68 53
1 89 17 844
0 52 62
0 27 9
0 61 54
0 63 4
1 5 61 34712
0 36 77
1 22 36 10804
0 20 100
0 67 52
0 90 22
0 54 36
0 49 24
0 7 25
1 80 97 60189
0 73 44
0 59 51
0 100 11
0 46 39
0 12 81
0 26 15
0 87 25
1 63 75 8341
0 99 21
0 7 35
1 42 78 14261
0 6 55
0 80 42
0 65 13
0 13 53
1 52 32 8421
0 95 1
0 58 65
0 95 98
0 43 61
0 45 35
0 53 39
0 59 74
1 87 22 546
0 58 70
0 93 33
0 88 84
0 23 62
1 98 65 7107
1 49 24 609
0 23 96
1 89 48 51612
0 87 69
0 84 93
0 6 38
0 14 59
0 38 8
1 100 88 93765
0 54 83
0 33 60
0 40 34
1 26 52 82
1 18 79 39741
0 83 52
0 5 69
0 69 3
0 90 71
0 12 89
0 75 10
1 14 90 4936
0 17 70
0 11 39
0 42 63
0 51 49
0 28 1
1 67 84 28712
0 34 76
0 39 7
0 19 55
0 45 76
0 19 21
0 1 28
1 57 68 697
0 21 100
0 10 21
0 23 61
1 14 83 94332
0 1 65
0 50 13
1 45 100 661
0 9 63
0 18 6
0 77 47
0 80 75
0 58 34
0 84 57
1 69 97 5467
0 75 81
1 51 82 27012
0 74 94
0 67 26
1 99 47 6767
1 65 50 6534
0 46 68
0 15 93
0 64 76
0 51 19
1 81 10 75153
0 68 20
0 72 44
0 11 90
1 10 61 21904
0 51 12
0 61 7
0 84 3
0 53 59
0 33 87
0 50 93
0 89 74
1 29 44 2971
0 75 86
0 70 15
0 34 64
0 90 88
1 50 49 333
0 44 71
0 28 4
0 87 97
0 25 89
0 42 32
0 34 79
1 75 21 70
0 77 8
0 40 98
0 15 9
1 60 14 44308
0 100 12
0 60 2
0 33 76
0 19 49
0 12 82
0 13 58
1 45 9 12745
1 16 57 2233
0 91 32
0 68 21
0 82 12
0 22 29
0 14 33
1 48 69 20014
0 37 23
0 91 51
0 60 70
0 67 16
0 86 83
0 39 63
1 48 82 9233
0 19 9
0 33 70
0 8 98
1 23 69 80
0 1 96
0 77 18
1 82 5 9294
0 39 19
0 93 28
0 42 22
0 45 32
0 63 27
1 24 9 787
0 66 79
0 45 5
0 82 40
1 75 83 1
0 19 38
0 71 96
0 89 70
0 74 79
0 31 87
0 95 13
0 94 43
1 16 11 1249
0 97 5
0 41 36
0 16 53
1 20 86 15292
0 53 51
0 30 3
0 78 38
0 89 25
1 58 71 42999
0 34 69
0 25 86
0 34 73
0 8 13
0 29 76
0 17 9
1 90 10 7324
0 62 21
0 18 90
1 21 39 77648
0 34 97
0 92 27
0 77 29
0 91 81
0 72 39
0 24 10
1 69 11 901
1 89 13 9400
0 50 16
0 65 86
0 63 65
0 75 5
0 93 86
0 36 84
1 82 10 28251
1 67 24 26973
0 52 78
0 48 27
0 83 29
0 45 7
0 82 20
0 56 84
0 60 91
1 65 78 776
0 7 67
0 88 85
0 34 9
1 59 58 96386
0 43 13
0 82 38
0 100 2
0 25 31
0 55 59
0 77 18
0 43 89
1 22 39 809
0 76 97
0 87 62
0 6 21
0 54 43
0 41 55
1 62 56 813
0 25 56
0 42 7
0 19 1
0 53 6
0 68 48
1 18 48 223
0 56 61
0 79 58
0 34 27
1 64 18 3284
0 22 93
0 57 30
0 72 64
0 51 10
1 23 7 8748
0 83 37
0 52 62
0 44 32
0 23 100
0 50 7
0 78 39
0 74 42
1 1 16 866
0 97 20
0 28 72
1 2 72 336
0 61 93
0 94 4
0 40 79
0 56 30
0 72 56
0 35 22
1 90 89 7451
0 10 36
0 18 70
0 79 76
0 87 40
0 14 92
0 57 87
0 42 68
1 98 33 119
0 2 49
0 99 74
0 97 70
0 86 67
1 27 48 35
0 62 98
0 87 28
1 39 12 57881
0 5 18
0 70 34
0 59 39
0 59 100
0 74 7
0 12 99
0 64 88
1 31 29 706
0 40 13
0 23 64
0 27 79
0 36 72
0 60 69
0 60 24
0 8 28
1 15 58 83476
0 18 94
0 7 75
0 84 7
0 74 46
0 28 97
0 4 82
0 10 64
1 27 45 200
0 21 67
1 48 31 8468
0 32 6
1 100 63 74859
0 87 33
0 99 63
0 48 80
0 38 63
1 19 55 9628
0 29 30
0 12 86
0 2 4
0 63 55
1 90 55 492
0 27 50
0 69 37
0 96 53
0 61 29
0 69 27
0 20 90
1 79 74 267
0 93 94
0 28 27
1 49 13 8318
0 78 48
0 71 92
0 13 74
0 63 53
0 29 98
0 69 52
1 44 75 201
0 24 29
0 88 39
0 48 88
1 38 23 782
0 29 44
0 57 74
0 77 56
1 4 96 56653
0 87 29
0 52 15
1 52 93 20
0 32 31
0 89 68
0 77 66
0 94 20
0 65 18
0 47 54
0 80 12
1 74 12 408
0 59 17
0 52 8
1 94 60 2
0 89 43
1 98 22 99581
0 36 91
1 42 4 8600
1 55 8 81325
0 48 47
0 5 99
0 86 39
0 83 3
0 66 29
1 22 93 3799
0 18 10
0 84 87
1 72 53 5096
1 42 66 51409
0 46 63
0 58 49
0 70 97
1 93 62 2322
0 23 53
0 32 97
0 85 59
0 57 50
0 92 76
0 10 83
1 98 4 738
1 5 9 51163
1 89 25 50291
0 62 2
1 27 89 508
0 31 100
0 34 38
0 15 7
0 98 65
0 33 20
0 90 51
1 78 79 9719
0 20 1
0 50 56
1 35 9 353
1 19 65 380
0 70 42
0 74 41
0 68 43
0 53 68
0 78 100
0 90 100
0 39 4
1 43 28 264
0 82 75
0 85 81
0 36 5
1 93 78 428
0 79 19
0 51 3
0 17 3
1 30 55 45245
0 76 79
0 87 74
0 17 15
0 65 90
0 68 80
0 19 58
0 5 10
1 33 11 5029
0 69 75
1 43 45 549
0 88 98
0 89 49
0 25 92
0 35 94
0 59 73
0 26 49
0 75 72
1 1 28 5295
0 94 22
0 67 60
0 97 87
0 76 23
0 17 1
0 77 37
1 66 50 92
0 24 95
0 75 38
0 92 25
0 88 27
1 41 47 534
0 37 22
0 20 79
0 69 64
0 48 74
1 65 84 508
0 48 59
0 30 15
1 70 84 387
0 66 62
0 78 28
0 84 62
0 98 64
0 35 78
0 25 76
0 31 84
1 1 70 230
0 72 21
0 91 58
0 25 30
0 83 28
0 71 50
0 6 28
0 94 5
1 77 89 301
0 35 100
1 92 22 89955
0 1 31
0 62 15
0 23 75
0 44 55
0 66 69
1 5 90 64112
0 15 41
0 57 95
1 75 15 55
0 89 66
0 42 39
0 26 77
0 35 56
0 90 52
1 17 92 175
0 52 8
0 37 74
0 74 19
0 91 25
1 57 42 7087
0 42 34
0 47 43
0 87 67
0 33 94
1 47 9 355
1 24 94 954
0 62 41
0 66 1
0 73 1
0 65 4
0 29 51
0 92 93
0 17 18
1 71 28 1179
0 86 45
0 54 89
0 86 16
0 11 27
0 70 41
0 7 48
0 54 84
1 44 85 32534
0 7 69
0 84 27
0 81 73
1 84 55 86457
0 57 50
0 30 96
1 20 16 10616
1 52 64 7557
0 73 91
0 88 78
0 68 83
0 17 47
0 44 69
0 86 73
1 98 96 74626
0 92 75
0 15 91
0 56 81
0 96 52
0 40 7
0 77 38
0 21 29
1 80 5 71862
0 12 31
1 93 95 5467
0 33 67
0 22 17
0 85 91
0 94 43
0 35 45
1 25 86 72146
0 56 67
0 39 24
0 6 93
0 8 81
0 41 56
1 84 32 654
0 29 40
0 11 62
0 91 75
0 92 56
0 95 37
0 43 4
1 6 65 98982
0 35 3
1 21 82 82042
0 94 38
0 63 14
1 39 59 1570
0 7 41
0 92 55
1 69 2 49836
0 91 75
0 4 47
0 50 34
0 72 3
0 44 5
1 22 96 229
1 42 68 4098
0 25 26
0 10 97
0 81 62
0 72 9
1 82 56 978
1 40 76 3955
0 15 95
0 77 19
0 19 22
0 65 83
1 10 63 864
1 61 100 7330
0 74 81
0 66 73
1 22 52 88778
0 86 47
0 63 53
0 66 20
0 57 62
1 58 54 6
0 99 33
0 47 97
0 51 30
0 58 3
0 91 34
0 22 95
1 94 23 89509
0 30 93
0 96 42
0 54 92
0 26 17
1 26 13 13066
0 68 78
0 87 13
0 6 80
0 56 61
0 8 97
1 9 34 89104
0 9 28
0 63 28
0 96 27
0 28 99
0 37 90
0 93 16
0 74 30
1 25 75 404
1 51 67 95939
0 91 35
1 41 20 50
0 71 49
0 69 31
0 82 78
0 6 56
0 20 94
0 29 30
1 46 21 6218
1 29 23 8809
0 1 38
0 95 56
0 16 21
1 63 38 188
0 16 74
0 56 12
0 17 99
1 86 71 823
0 56 27
1 79 50 1730
0 55 17
0 53 33
0 66 9
0 86 45
0 88 58
0 72 16
1 32 6 64307
0 4 77
0 88 100
0 72 78
1 65 34 858
1 71 90 5766
0 31 22
0 62 87
0 40 68
0 5 69
0 91 100
0 10 41
1 87 88 468
0 78 34
0 64 10
0 76 95
0 43 60
0 51 82
0 67 89
1 54 99 4637
0 47 85
0 12 53
0 45 29
1 47 35 783
0 31 59
1 22 77 850
0 7 44
0 73 27
0 66 94
0 73 25
0 6 82
0 37 84
0 41 64
1 6 80 4585
0 22 84
0 50 76
0 70 21
1 92 89 49084
0 59 8
0 48 40
0 84 30
1 94 36 311
0 28 14
0 26 64
0 50 53
0 59 53
1 64 73 350
0 81 72
0 21 65
1 11 59 65
0 63 26
0 35 80
1 11 81 5239
0 17 9
1 2 82 18
0 71 40
0 11 71
0 87 8
0 17 5
0 76 69
0 11 22
0 34 50
1 12 84 193
0 28 81
0 10 80
0 61 79
0 85 49
0 12 1
0 42 43
1 39 88 2502
0 58 56
0 14 31
0 13 35
0 19 90
0 84 79
1 1 84 60674
0 22 58
1 5 80 81230
0 92 59
1 71 44 68
0 20 60
0 49 14
0 43 93
1 90 24 2401
0 72 15
0 40 85
0 84 35
0 38 41
0 91 24
0 35 36
0 61 37
1 75 9 4350
0 57 78
0 6 59
1 79 80 365
0 83 68
0 38 19
0 42 61
0 75 16
0 95 88
0 96 64
1 80 74 58154
1 92 64 41394
0 36 66
0 98 13
1 12 38 7852
0 95 19
0 47 12
0 73 54
0 35 53
0 84 50
1 79 24 6578
0 8 11
0 97 60
0 3 39
0 36 42
0 9 74
1 82 2 367
0 40 63
0 52 30
1 83 80 86934
0 45 48
0 57 40
0 82 72
0 38 49
0 32 49
1 62 3 168
0 57 20
0 69 93
0 10 11
1 54 74 6849
0 40 94
0 12 37
0 98 60
0 55 95
0 19 50
1 79 61 937
0 62 85
0 36 99
0 73 55
0 53 21
1 31 90 84353
0 77 67
0 2 55
0 67 98
0 78 91
0 59 21
0 67 99
0 93 52
1 53 80 480
0 95 1
0 16 28
0 51 53
1 33 71 99935
0 23 62
0 1 82
0 11 14
0 96 57
1 31 71 640
0 97 96
1 86 61 5233
0 68 53
0 54 7
0 31 52
0 60 96
0 94 96
0 50 83
1 67 48 1387
0 62 19
0 42 21
0 97 49
0 73 83
0 91 75
0 74 76
0 63 14
1 92 72 397
1 61 82 832
0 19 48
0 49 92
1 8 39 15568
0 78 69
0 84 6
1 24 40 12
0 22 35
0 40 95
0 32 50
0 48 51
1 31 73 404
1 38 53 57654
0 4 27
0 13 36
0 23 54
0 73 27
0 81 58
1 12 31 82586
0 17 79
0 30 100
0 65 34
1 25 1 55516
0 51 57
0 61 81
0 52 95
0 90 46
0 8 66
0 58 33
0 16 2
1 94 84 6421
0 84 2
1 11 28 2220
0 12 94
1 3 50 659
0 95 59
0 83 42
1 41 9 65975
0 97 10
0 26 12
0 12 39
0 48 87
1 46 70 51944
0 80 86
0 68 30
0 46 74
0 15 93
0 98 15
0 15 72
0 82 3
1 66 81 626
0 6 58
0 22 36
0 38 9
0 23 26
0 85 34
0 3 77
0 18 97
1 44 19 6173
0 90 33
0 16 1
0 91 20
0 38 93
0 68 81
0 51 94
0 14 22
1 67 89 198
0 67 16
0 39 98
0 52 6
1 44 37 570
0 78 57
0 54 2
0 60 52
0 66 86
0 95 76
1 73 66 72493
1 48 8 7538
0 48 5
1 87 63 449
1 42 37 25417
0 90 93
0 44 92
0 63 20
0 61 44
0 36 77
0 31 51
0 69 72
1 20 95 93
0 10 9
0 62 98
0 64 82
0 92 64
0 94 66
0 69 61
1 16 46 82
0 55 37
0 55 42
0 37 55
0 12 67
0 25 79
0 10 71
1 94 45 116
0 90 19
0 1 9
0 52 90
0 23 49
0 50 35
0 93 27
1 34 71 54
0 72 89
0 83 55
0 28 89
0 95 36
0 23 27
0 69 47
0 64 86
1 33 14 61630
0 42 5
0 51 50
0 42 55
0 26 14
0 40 10
0 38 82
1 6 18 3745
0 58 98
0 73 62
0 96 19
0 33 66
0 1 73
0 49 94
0 100 39
1 10 3 95937
0 99 40
0 86 49
0 47 67
0 75 6
1 56 87 8751
0 2 24
0 53 30
1 22 31 12764
0 100 9
0 83 63
0 77 34
0 1 5
1 16 63 7145
0 83 10
0 2 39
1 45 95 87080
0 83 34
0 31 8
0 27 55
0 60 69
0 34 4
1 57 4 6447
0 61 67
0 84 90
0 54 10
0 2 76
1 26 46 51291
0 63 53
0 3 21
0 56 43
0 15 64
0 17 16
0 23 57
1 62 79 625
1 40 83 2515
1 17 71 94
0 58 54
0 70 14
0 76 100
1 70 16 834
0 80 33
0 6 71
0 57 20
1 74 40 153
0 21 62
0 51 83
0 86 32
0 31 64
0 91 16
0 32 92
0 10 46
1 6 85 97245
0 62 20
0 36 74
0 63 86
0 29 49
0 12 11
0 37 5
1 16 45 83088
0 98 71
0 62 46
0 1 89
0 20 84
0 73 56
0 2 60
1 8 41 63195
0 12 76
0 91 19
1 49 98 134
0 92 7
0 13 11
0 32 17
0 34 51
0 60 81
1 23 40 94362
0 33 58
0 41 24
1 80 2 27159
1 93 46 5966
0 31 14
1 72 60 91879
0 76 83
0 42 6
0 5 59
0 29 90
0 79 70
0 38 83
1 28 73 805
0 47 87
0 42 8
0 4 41
0 51 14
0 7 16
1 74 44 2847
1 25 32 3966
0 40 86
0 76 16
0 72 92
0 39 79
1 21 65 9185
0 24 89
0 62 41
0 9 43
0 59 90
0 5 71
0 77 43
1 57 18 74136
1 76 49 7703
1 18 65 100
0 38 23
0 85 3
1 81 52 365
0 73 80
0 26 78
0 94 89
0 89 18
1 12 48 71844
0 27 90
0 36 82
0 73 51
0 89 9
0 77 20
0 69 95
1 63 31 80951
0 62 95
0 6 66
0 71 79
0 54 64
1 97 8 620
0 45 68
0 39 27
0 37 26
1 41 79 45
0 77 30
0 95 62
0 22 83
0 77 72
0 47 7
0 41 7
0 73 53
1 66 42 64591
0 82 88
0 60 96
0 27 83
0 9 7
0 44 100
1 30 68 58930
1 2 30 90243
0 63 81
0 89 47
0 76 85
0 100 89
0 43 12
1 68 89 4963
0 96 26
0 89 85
1 5 14 235
0 49 42
0 35 32
0 71 25
0 55 77
0 40 80
1 52 14 939
0 28 17
0 68 36
1 78 45 9631
0 23 38
0 5 22
0 39 53
1 41 54 86
1 95 64 2376
0 81 30
0 94 46
0 2 24
0 4 29
0 67 80
1 36 38 8212
0 69 1
0 21 36
0 52 3
0 30 20
0 65 22
0 72 88
1 62 35 3308
0 54 59
0 63 36
0 56 37
1 94 12 232
1 83 22 965
0 9 19
0 50 23
0 85 24
0 60 12
0 33 99
0 4 57
0 40 6
1 55 35 378
0 93 69
0 47 55
0 96 33
0 18 32
1 22 20 7876
0 38 33
1 88 54 406
0 60 79
0 9 85
0 8 68
0 15 18
0 56 84
0 13 90
0 97 28
1 83 71 75251
0 18 46
0 64 27
0 68 58
1 3 49 146
0 11 81
0 69 77
0 70 94
0 81 16
0 19 47
0 3 41
1 63 41 58804
0 39 91
1 81 25 7240
0 2 41
0 64 86
0 91 59
0 75 99
0 85 79
0 7 55
1 54 8 5031
0 77 19
1 31 46 4764
0 2 9
0 8 28
1 98 58 68694
0 86 60
0 60 82
0 68 12
0 18 85
0 64 81
0 56 50
0 38 21
1 49 66 1379
0 70 90
0 17 53
0 65 69
0 73 76
0 73 88
1 17 69 679
0 8 64
1 70 85 37774
0 82 42
0 14 69
0 9 75
0 7 53
1 52 99 181
0 59 56
0 41 8
1 14 19 224
0 51 20
0 13 92
0 3 46
0 79 57
0 94 78
0 29 20
0 78 3
1 55 36 1
0 70 93
0 58 21
0 27 87
0 87 13
0 28 61
0 25 77
1 4 35 842
0 53 33
0 100 77
0 3 91
1 66 48 52006
0 28 100
1 47 88 90280
0 71 37
0 87 57
0 11 94
0 36 54
0 23 88
1 40 28 445
0 95 93
0 77 10
0 50 100
0 44 90
0 72 61
0 4 95
0 72 89
1 73 21 26722
0 91 98
0 88 74
0 25 35
0 4 2
0 53 97
0 30 68
1 19 95 72
0 97 17
0 86 1
0 6 91
0 100 4
1 44 57 56327
1 83 4 92964
0 21 68
0 48 32
0 59 72
0 9 10
0 10 67
1 8 7 201
0 30 79
0 54 35
0 83 73
0 100 68
1 99 52 575
0 48 39
1 27 57 8384
0 69 99
0 24 99
0 11 79
1 43 14 94702
0 2 62
0 2 84
0 29 41
0 55 23
0 98 68
0 60 7
0 19 27
1 52 6 22080
0 6 56
0 27 89
0 8 94
0 75 3
0 42 18
1 32 49 458
0 27 35
0 12 47
0 42 72
1 19 54 23
0 88 59
0 77 19
0 79 32
0 7 65
0 97 20
0 66 67
0 72 22
1 62 78 4004
0 11 37
0 89 11
0 12 33
0 13 35
0 79 26
0 17 39
1 85 87 51872
0 5 100
1 35 30 884
0 33 37
1 13 36 39711
0 8 70
0 53 74
0 76 22
0 15 68
0 30 89
0 10 28
0 62 22
1 27 91 2493
0 66 51
0 28 62
0 49 87
0 24 62
0 40 29
1 87 20 4857
0 10 96
0 100 46
0 13 23
0 53 46
1 94 93 46103
0 9 49
1 9 32 7
0 28 80
0 6 16
0 82 28
1 40 66 898
0 23 83
0 60 24
1 98 1 6496
0 90 2
0 91 6
0 38 20
1 53 91 8668
0 25 91
0 52 40
0 26 23
0 95 66
0 75 52
0 76 66
1 96 47 98411
0 23 82
0 19 88
0 52 7
0 80 3
0 42 74
0 80 35
1 69 87 23849
0 37 6
0 61 56
0 94 19
0 68 23
0 66 93
0 6 66
0 63 17
1 9 47 6966
0 35 29
0 98 27
1 81 84 58381
0 31 67
1 51 60 90286
0 54 29
1 28 17 82289
0 87 73
0 54 15
0 100 27
0 91 87
0 5 28
1 57 34 78210
0 88 22
0 47 48
0 11 88
0 45 11
0 26 16
0 94 45
1 53 63 17
0 71 13
0 51 6
0 99 31
0 53 52
0 51 58
0 4 3
1 77 91 3063
0 51 19
1 96 93 3845
0 43 80
0 13 47
0 44 50
0 9 11
0 69 26
0 29 52
0 37 80
1 82 4 67826
1 1 9 28048
0 26 97
0 24 31
0 63 75
1 29 74 190
0 32 46
0 78 3
1 70 33 911
0 88 36
0 72 75
0 55 73
0 30 79
0 63 48
0 35 94
0 67 83
1 44 56 5057
0 8 42
0 53 83
0 2 48
0 46 96
0 30 38
1 95 35 3426
0 42 92
0 39 35
1 6 24 932
0 7 31
1 18 62 31224
0 48 62
0 20 84
0 34 100
0 87 64
1 24 49 91557
0 15 97
0 28 10
0 100 39
0 54 70
0 57 67
1 78 21 451
0 15 38
0 94 33
0 99 36
0 69 32
0 7 98
0 32 8
1 11 22 413
0 63 18
1 79 85 6357
0 4 60
0 45 37
0 38 52
0 85 70
0 84 46
0 3 67
0 29 49
1 83 57 872
0 95 59
0 48 92
0 71 87
0 52 29
1 16 12 1287
0 91 48
0 63 85
0 86 21
0 61 75
0 40 71
1 28 34 98962
0 81 15
0 4 60
0 17 43
0 99 56
0 45 46
1 33 16 26206
0 14 66
0 46 1
1 85 92 5439
0 83 47
0 36 54
0 64 6
0 85 30
0 17 48
0 36 27
0 29 77
1 7 19 5048
1 20 23 49069
0 64 4
0 12 78
0 27 71
0 15 3
1 5 85 2013
1 49 5 4946
0 21 52
0 56 81
1 5 83 15789
0 23 26
0 62 47
0 68 22
0 34 94
0 65 48
0 84 8
0 17 65
1 89 57 17329
0 35 79
0 46 38
0 64 97
0 23 16
1 74 79 6939
0 67 24
0 95 76
0 100 79
1 10 32 943
0 69 44
0 42 21
0 18 3
0 64 78
0 66 51
1 94 29 281
0 76 30
0 23 68
1 70 84 78
0 43 54
0 78 79
0 63 26
1 50 76 92642
1 5 80 525
0 89 4
0 51 37
1 61 53 806
0 27 25
0 57 73
0 100 30
0 17 41
0 41 8
1 30 66 9156
0 18 100
0 41 42
0 9 54
0 36 44
0 54 83
0 89 61
0 70 89
1 42 3 5179
1 6 74 394
0 62 5
1 28 80 180
0 90 7
1 22 80 67119
0 83 52
0 51 83
1 67 24 5
1 38 88 30
0 98 12
0 47 71
0 91 76
1 23 92 41576
0 2 11
0 61 2
0 91 8
0 26 2
1 5 83 8347
0 66 68
0 1 68
0 70 5
0 38 92
1 66 81 98052
0 74 38
0 43 83
0 60 70
0 61 67
0 52 36
1 33 79 663
0 36 34
0 9 21
0 36 2
0 78 61
0 98 33
0 30 91
1 92 42 6100
0 39 2
0 73 96
0 70 37
1 64 37 2332
0 15 52
0 59 76
0 1 100
0 72 36
0 77 10
0 77 84
0 4 62
1 65 22 64855
0 88 22
0 7 26
0 65 4
0 45 57
0 71 10
1 2 90 491
0 96 70
0 45 17
0 5 75
0 85 22
0 97 44
0 3 31
0 81 70
1 6 70 17653
0 28 98
1 32 3 51537
0 67 25
0 82 70
0 36 7
0 85 20
1 81 1 94443
0 24 75
0 84 70
0 80 18
1 69 40 803
0 94 27
0 59 96
0 44 85
0 22 91
0 69 60
0 34 47
0 97 42
1 69 3 90288
0 5 91
0 38 29
0 74 25
0 90 38
1 40 39 1735
0 48 93
0 43 31
0 13 53
0 16 25
0 89 16
1 6 30 9182
0 14 60
0 92 38
0 52 10
0 13 73
0 47 29
0 35 45
0 34 31
1 24 77 245
0 90 99
0 7 61
0 80 49
0 56 33
0 13 61
0 10 79
1 44 85 987
0 25 19
0 21 40
0 4 31
0 62 30
1 34 99 97
0 100 11
0 26 41
0 79 53
0 47 65
0 32 95
0 95 38
1 44 66 27
0 35 16
0 73 76
0 72 74
1 24 49 6081
0 63 58
0 75 54
0 18 35
0 90 22
0 34 79
1 32 1 3574
0 96 74
0 42 90
0 13 37
0 76 52
0 32 66
0 11 38
1 26 13 7304
1 9 65 329
0 97 42
0 24 70
0 71 13
0 17 65
0 99 51
0 100 50
0 5 32
1 53 91 164
0 62 91
0 2 19
0 99 4
0 45 80
0 25 50
1 57 4 45457
0 42 56
0 94 85
0 16 9
0 30 38
1 78 43 45633
0 94 51
0 88 43
1 63 42 4440
0 94 51
0 3 92
0 86 48
0 40 59
0 85 95
1 24 94 8087
0 57 89
1 4 47 5010
0 38 22
0 38 77
0 68 60
0 54 12
0 66 10
0 78 48
1 16 46 60188
0 41 68
0 36 99
0 44 65
0 99 51
0 38 56
1 40 39 360
0 89 65
0 12 21
0 70 33
0 2 27
1 37 36 5220
0 81 67
0 15 8
0 54 83
0 75 62
0 13 96
0 46 94
0 69 57
1 21 16 20343
1 61 82 287
0 46 95
0 89 27
1 50 93 60650
0 48 62
0 79 4
0 12 92
0 52 66
0 22 18
0 23 36
0 39 88
1 46 17 406
0 66 62
0 74 82
0 43 80
0 75 69
0 64 82
0 64 99
0 68 35
1 69 26 15938
0 38 52
0 72 63
0 83 62
0 31 48
0 74 53
0 77 33
0 66 35
0 70 77
0 84 86
0 66 17
0 25 10
0 70 95
0 68 88
0 45 25
0 54 59
0 78 54
0 41 30
0 84 68
0 15 21
0 48 39
0 92 90
0 24 54
0 30 36
0 21 60
0 66 39
0 28 16
0 91 38
0 43 66
0 49 7
0 23 34
0 72 9
0 13 8
0 31 40
0 17 91
0 82 94
0 16 88
0 93 45
0 96 11
0 38 20
0 7 82
0 81 55
0 73 90
0 3 94
0 34 91
0 88 8
0 72 90
0 5 12
0 37 68
0 38 87
0 99 9
0 26 29
0 27 45
0 20 14
0 90 17
0 58 97
0 100 41
0 13 45
0 63 97
0 39 56
0 59 38
0 33 94
0 84 49
0 81 18
0 17 51
0 77 20
0 81 44
0 99 35
0 92 62
0 60 30
0 63 1
0 76 30
0 77 73
0 23 74
0 81 88
0 34 96
0 65 62
0 21 96
0 86 43
0 78 67
0 91 9
0 28 78
0 32 71
0 17 13
0 24 7
0 14 27
0 82 19
0 28 84
0 9 62
0 100 27
0 67 58
0 28 17
0 4 57
0 10 30
0 72 58
0 78 23
0 15 42
0 24 22
0 10 73
0 96 67
0 46 31
0 34 83
0 17 60
0 22 95
0 57 4
0 44 74
0 61 39
0 66 20
0 31 9
0 6 89
0 24 86
0 95 42
0 31 94
0 25 26
0 97 75
0 5 52
0 83 36
0 87 65
0 63 83
0 91 74
0 8 15
0 27 65
0 15 68
0 19 37
0 34 27
0 6 11
0 41 3
0 30 17
0 75 100
0 23 19
0 63 33
0 66 81
0 75 49
0 75 68
0 74 70
0 14 71
0 68 63
0 65 80
0 7 51
0 95 27
0 78 74
0 34 83
0 66 31
0 33 23
0 55 41
0 46 82
0 48 25
0 96 11
0 83 12
0 19 7
0 88 7
0 1 39
0 99 8
0 98 11
0 3 65
0 70 21
0 9 14
0 12 30
0 79 47
0 16 91
0 40 88
0 71 66
0 52 42
0 3 36
0 18 11
0 90 57
0 42 73
0 72 68
0 86 19
0 85 45
0 88 89
0 81 76
0 49 23
0 58 83
0 58 15
0 68 24
0 76 84
0 41 94
0 75 38
0 28 2
0 60 67
0 8 63
0 15 71
0 17 79
0 88 41
0 59 56
0 58 91
0 44 43
0 50 69
0 5 59
0 10 17
0 89 98
0 86 30
0 88 14
0 65 14
0 94 31
0 60 2
0 20 33
0 72 19
0 74 1
0 54 87
0 64 73
0 68 71
0 55 74
0 60 47
0 91 57
0 57 46
0 98 38
0 13 37
0 52 85
0 53 23
0 31 22
0 88 84
0 54 32
0 32 95
0 69 19
0 84 53
0 73 96
0 83 52
0 98 2
0 47 1
0 42 94
0 36 79
0 92 74
0 27 81
0 66 68
0 76 7
0 33 87
0 79 92
0 83 56
0 44 40
0 92 79
0 66 85
0 28 8
0 3 64
0 96 17
0 95 72
0 61 78
0 49 70
0 4 60
0 93 23
0 89 15
0 37 78
0 29 42
0 46 97
0 35 22
0 1 51
0 53 17
0 27 26
0 78 9
0 10 69
0 95 3
0 89 60
0 48 64
0 91 23
0 29 58
0 85 1
0 24 23
0 26 68
0 46 11
0 11 82
0 26 77
0 52 30
0 51 5
0 86 94
0 7 29
0 17 13
0 49 90
0 85 86
0 4 61
0 44 99
0 9 39
0 30 11
0 90 30
0 58 67
0 62 70
0 11 72
0 65 73
0 75 5
0 2 56
0 87 63
0 56 74
0 22 25
0 36 26
0 13 29
0 66 9
0 49 65
0 67 29
0 53 20
0 59 34
0 19 53
0 41 100
0 8 75
0 59 66
0 16 78
0 72 2
0 72 90
0 9 33
0 32 25
0 73 50
0 97 48
0 1 43
0 88 15
0 22 69
0 49 30
0 50 54
0 50 69
0 35 84
0 88 62
0 44 7
0 16 74
0 86 100
0 57 82
0 59 22
0 85 98
0 42 91
0 2 21
0 74 5
0 51 59
0 52 38
0 87 42
0 64 97
0 7 59
0 16 94
0 27 58
0 65 54
0 79 22
0 29 45
0 80 41
0 10 77
0 43 90
0 44 4
0 59 89
0 12 10
0 58 35
0 25 87
0 40 85
0 77 99
0 40 11
0 99 31
0 98 26
0 53 21
0 19 54
0 7 96
0 81 62
0 99 51
0 15 18
0 40 11
0 4 93
0 19 89
0 70 84
0 77 11
0 75 44
0 54 77
0 16 18
0 46 4
0 62 14
0 17 63
0 22 9
0 85 82
0 68 9
0 52 36
0 99 16
0 54 84
0 41 3
0 36 16
0 2 33
0 62 15
0 68 19
0 96 22
0 54 56
0 39 26
0 13 51
0 24 76
0 84 33
0 18 13
0 52 13
0 89 33
0 48 74
0 55 56
0 36 29
0 10 20
0 37 32
0 53 98
0 28 22
0 44 64
0 79 36
0 63 52
0 89 70
0 98 40
0 87 4
0 47 34
0 37 28
0 69 70
0 90 41
0 29 98
0 84 65
0 81 34
0 41 40
0 41 10
0 51 17
0 97 73
0 23 6
0 28 31
0 39 13
0 51 76
0 38 18
0 35 44
0 46 65
0 1 55
0 54 76
0 24 19
0 62 68
0 57 56
0 7 77
0 70 4
0 4 64
0 69 52
0 30 87
0 64 27
0 45 49
0 23 34
0 32 91
0 70 32
0 80 15
0 49 21
0 10 15
0 18 23
0 2 46
0 9 12
0 51 56
0 40 7
0 47 51
0 70 13
0 85 19
0 83 68
0 27 50
0 25 80
0 99 4
0 28 86
0 30 15
0 25 67
0 51 11
0 85 77
0 67 99
0 86 13
0 5 56
0 39 25
0 1 10
0 5 20
0 58 60
0 83 37
0 60 36
0 50 89
0 2 37
0 30 6
0 81 73
0 24 16
0 2 44
0 48 82
0 97 27
0 92 95
0 57 13
0 100 31
0 54 5
0 14 62
0 31 48
0 78 59
0 89 66
0 6 33
0 57 36
0 31 55
0 96 54
0 51 94
0 65 60
0 24 70
0 57 49
0 87 66
0 16 100
0 63 80
0 5 31
0 25 73
0 82 35
0 91 9
0 37 86
0 9 84
0 79 52
0 99 22
0 28 24
0 26 88
0 50 74
0 48 84
0 59 51
0 7 62
0 76 81
0 74 57
0 66 46
0 81 19
0 48 60
0 50 68
0 73 19
0 22 62
0 50 30
0 71 90
0 100 44
0 73 51
0 35 99
0 60 77
0 22 56
0 55 88
0 26 35
0 15 58
0 38 100
0 51 95
0 50 3
0 40 12
0 53 12
0 10 32
0 29 72
0 2 40
0 49 29
0 24 73
0 20 77
0 74 71
0 4 50
0 75 86
0 69 34
0 97 6
0 59 49
0 6 33
0 44 37
0 48 35
0 97 9
0 56 78
0 80 64
0 55 61
0 70 52
0 97 48
0 61 99
0 37 81
0 82 22
0 49 30
0 56 11
0 50 28
0 97 45
0 90 29
0 18 74
0 34 26
0 27 20
0 83 79
0 13 45
0 85 11
0 36 47
0 78 98
0 81 52
0 44 63
0 49 59
0 46 16
0 5 70
0 62 19
0 92 7
0 80 3
0 79 39
0 4 38
0 40 7
0 78 11
0 6 60
0 95 58
0 26 45
0 67 90
0 47 3
0 50 15
0 84 1
0 100 40
0 10 38
0 96 5
0 82 40
0 22 88
0 81 22
0 17 95
0 35 42
0 1 90
0 2 5
0 86 40
0 48 100
0 2 97
0 12 82
0 68 42
0 100 4
0 80 25
0 57 29
0 73 23
0 85 2
0 63 83
0 23 5
0 55 33
0 77 35
0 68 65
0 97 67
0 54 79
0 53 8
0 93 9
0 86 38
0 57 20
0 57 85
0 79 83
0 30 43
0 96 80
0 13 31
0 94 13
0 22 33
0 67 60
0 10 11
0 79 20
0 44 47
0 58 92
0 82 7
0 70 14
0 56 6
0 82 1
0 27 82
0 80 47
0 76 86
0 98 86
0 52 6
0 97 89
0 84 1
0 23 4
0 26 71
0 38 70
0 34 69
0 90 44
0 23 39
0 12 18
0 26 48
0 66 52
0 86 69
0 30 96
0 3 100
0 98 56
0 20 55
0 67 96
0 75 46
0 55 17
0 100 62
0 85 87
0 27 84
0 47 9
0 96 2
0 42 84
0 69 81
0 79 99
0 21 9
0 95 86
0 47 13
0 85 77
0 3 26
0 35 25
0 10 16
0 62 30
0 9 16
0 12 92
0 95 17
0 53 96
0 73 38
0 34 77
0 51 61
0 53 37
0 65 86
0 97 46
0 4 35
0 59 55
0 55 32
0 63 20
0 74 82
0 97 61
0 46 1
0 51 100
0 19 60
0 51 25
0 89 46
0 75 67
0 18 3
0 61 89
0 82 52
0 58 7
0 51 56
0 95 16
0 44 55
0 86 90
0 9 25
0 63 60
0 88 29
0 6 51
0 10 52
0 82 59
0 1 34
0 25 10
0 2 80
0 39 9
0 44 35
0 61 58
0 67 8
0 25 93
0 56 45
0 96 30
0 66 33
0 57 89
0 30 16
0 30 94
0 76 58
0 33 56
0 13 19
0 64 93
0 78 79
0 38 15
0 7 56
0 66 38
0 45 80
0 90 71
0 69 65
0 41 45
0 73 5
0 58 50
0 14 31
0 57 40
0 50 42
0 33 7
0 9 75
0 4 24
0 10 49
0 26 64
0 70 25
0 64 48
0 63 36
0 46 60
0 28 71
0 37 93
0 55 66
0 19 76
0 74 17
0 52 90
0 86 23
0 53 3
0 8 60
0 4 64
0 42 18
0 60 64
0 46 40
0 17 98
0 39 88
0 56 29
0 69 71
0 60 33
0 11 12
0 3 59
0 31 98
0 32 59
0 10 90
0 18 42
0 72 32
0 58 64
0 56 79
0 7 16
0 32 31
0 44 35
0 33 17
0 80 26
0 6 91
0 37 30
0 15 47
0 100 62
0 19 4
0 70 91
0 12 10
0 87 93
0 13 92
0 87 84
0 33 61
0 80 49
0 81 24
0 55 86
0 60 22
0 36 62

