32334
3988
11774
85139
5961
-1
60019
156943
103432
29111
120028
8427
259
12217
59496
3598
10387
9063
16396
65603
37544
21390
83519
1935
59070
53
11490
10955
8622
20394
66087
20394
3868
11535
14633
10816
20122
16560
57762
7829
7464
12547
8228
174354
59093
186022
13874
-1
19052
9380
75856
-1
23836
16122
26452
81099
20938
57551
-1
199665
84142
8951
-1
94412
125675
84133
13859
17681
76798
18864
751
19599
94697
95280
9584
26509
19251
-1
4648
7058
946
75
19030
6734
1384
32885
95732
5938
7241
-1
18967
24636
8427
81630
160562
20948
23691
17935
732
9166
35572
15910
28217
613
26780
24568
8198
14234
8900
5224
98770
37284
25819
1462
9959
19621
17153
58917
29316
1787
41147
75572
19294
16264
17291
8234
8211
13774
38965
29501
1051
1043
23074
9105
14213
22015
39405
11557
12909
10112
6793
6782
11552
12846
14010
9323
22
5657
11347
9247
17243
13783
14546
16077
3702
15222
591
6869
6248
19656
16368
10255
85
36432
45224
12875
10308
12918
12311
2799
6540
86025
6849
11112
7448
4285
1502
5173
1364
6627
30003
14620
14731
3926
10809
38324
32414
9693
6696
5152
945
6879
34772
10888
41138
79961
4851
19845
8297
10987
14985
1878
71910
10811
10152
6836
15741
6933
1545
35664
11231
70322
79647
13830
20425
13695
3368
7319
75398
7995
9098
4670
8087
11769
34077
14631
6795
13322
8842
6248
8809
2337
1286
6383
2346
1373
4001
11325
9180
3035
9247
86834
11830
5325
10087
12836
95719
3785
7060
7588
18182
6550
7456
14500
5530
54
22973
5606
80889
6836
17078
9762
10610
8423
5300
6210
4328
7338
418
3036
13925
9912
533
8360
2873
8549
9344
4738
5380
10997
7122
1208
4259
60276
92866
520
11278
5341
6986
86472
10777
679
7958
21846
7455
8214
12861
13388
10827
5378
11120
11510
13015
2315
11934
8278
6301
9396
1654
4728
2036
3634
6247
759
8681
4799
10171
6525
10853
1791
9326
5707
4971
6159
6458
3098
7233
3057
76306
7958
12740
7949
8327
2657
9508
5818
4230
6960
5548
11278
5202
3488
1173
73950
7166
10253
546
8136
21501
4365
9882
5257
6587
7136
5699
5947
1089
87290
1416
5515
6882
3981
744
10380
50
6035
2092
4991
9797
3334
8282
5179
1353
11758
23578
294
6766
9011
3488
1803
1765
7195
7258
16178
10418
5387
11114
1042
6650
4771
4007
639
9494
13006
5682
9451
1518
10445
2030
1360
7127
12115
3104
6393
1824
3461
3932
3290
82441
1416
2191
6917
2530
8525
7772
1148
4336
3102
5345
81725
1574
546
4560
4819
10741
1504
79
1440
13424
1484
3183
4737
13018
11187
2473
3220
5094
3173
577
3220
1289
7962
2601
3328
880
8865
4641
8366
1660
3422
4460
14281
2210
1330
10918
2737
9521
1911
3944
4393
2397
10846
2373
1970
1291
1794
4104
3282
6068
5105
961
1490
3851
7911
91
3788
7483
2542
3837
5019
11157
9458
1428
12625
493
4265
1078
364
761
2353
8540
2993
659
5589
3313
8611
4061
829
7934
616
1768
2456
13373
7848
4892
14850
3728
4635
3208
3618
4488
11865
1673
9259
4336
478
3339
6696
14718
15398
2930
1465
8560
2761
6605
1324
618
871
4159
4487
6920
9839
3605
1442
3357
3171
3468
3782
1199
10815
8613
2204
11619
5431
4238
3043
1775
11215
4434
2508
871
1716
2017
1937
2261
2764
2382
3583
3917
4766
9123
2133
4570
3060
3599
1982
51
1298
3429
4011
4524
14325
5079
3068
7798
2025
2529
3510
701
3608
4178
2749
818
11352
3317
3038
8348
3208
3215
9123
3904
1830
1330
560
1484
5982
9123
3598
1296
13106
1216
4524
1181
2413
11783
1409
1959
5276
2563
8765
1337
3288
1647
15233
1716
178
243
4629
5511
1268
3888
814
140
1465
3442
4635
3967
2735
4614
2114
4607
1041
972
5989
9844
2768
366
1806
7090
2396
1395
7024
2926
4793
1745
3195
1320
836
4973
4472
3805
2684
2875
3066
4219
2572
1649
1732
2556
3696
3245
2620
2704
2641
4968
2034
2873
1970
11748
5905
1196
655
1365
8227
7257
1887
3065
2026
3532
2303
9101
54
5648
3342
2738
6273
1897
2346
2371
978
2314
1250
2300
1032
952
3
1548
7628
3283
3139
868
1840
546
1966
3054
1541
2615
82
2192
4042
2879
3210
3010
2303
3658
767
825
1402
745
2559
2034
2790
1123
1879
1831
893
1544
5414
2092
1016
1283
3344
2754
2385
5223
2754
3275
4567
1933
2681
1295
2860
3389
3464
966
1326
2305
2692
2069
1329
3970
6494
2239
4096
3353
4070
2007
2124
2662
3766
2210
2182
1627
1299
4101
1722
3114
3165
2237
7005
688
1496
1844
544
2865
1384
4034
2919
2004
2162
4907
1586
1298
3245
2031
7214
1784
5512
1707
3205
1919
5141
4923
410
4710
3244
1734
1995
1377
1134
497
1920
3234
1624
2259
1050
861
1361
733
2097
1804
2287
1221
1652
973
6423
1918
2758
3602
2029
6915
1293
3839
4980
2225
2421
2478
1670
1272
702
1123
2718
2227
1993
677
993
710
2790
382
3952
1827
3687
863
5221
3874
2297
85
3214
2165
2004
825
2925
345
876
7168
1700
2030
1293
1573
1142
1741
1924
2585
2591
1650
612
5872
4601
2114
212
1817
1840
1252
3224
1813
1568
2100
1498
2267
2159
1197
2130
2818
4104
1308
4145
2634
3766
8257
2746
1206
1848
2506
1140
1665
722
911
1640
1042
1864
2042
1840
3188
3381
2759
969
3727
867
2020
1590
1394
1377
871
3302
3405
1747
2187
2449
2120
3223
2712
1525
4303
924
1371
1168
2038
1417
1828
618
2886
2124
1225
1769
932
5368
2187
1224
1873
1167
1864
382
1968
2055
1611
868
2226
1571
1908
6798
4698
1495
1974
1692
3143
3448
3065
1220
2031
1928
2092
1175
1762
1501
1425
438
391
331
2209
3035
1881
1122
1051
2385
1697
1878
671
1816
1807
1765
1946
2299
2669
1215
2958
1156
2222
1283
1887
2285
2340
2146
604
1405
1133
4363
861
1489
32
1862
1131
652
229
1182
1065
1848
1018
228
1227
1959
2376
1895
4088
1703
1950
1490
1539
1283
1430
2027
1031
2429
3786
2176
1302
1609
2124
280
1172
751
2593
1129
945
2140
432
1179
1692
893
759
1386
445
1726
1874
895
1910
780
856
1134
2025
4203
1497
657
1980
1711
1786
2199
1703
785
2126
761
621
3592
2009
763
1368
2879
1933
1791
4174
2051
1880
1125
2440
751
1127
1808
93
621
562
2427
1551
2806
793
1552
614
2312
4324
818
1560
512
1887
3210
1242
2644
1174
2103
1732
219
804
1766
683
733
2660
1284
1557
400
1166
1742
5631
2040
1895
562
3872
1770
1036
2890
663
889
1772
1197
860
2306
927
1393
1295
1574
742
2531
220
1658
3158
1001
1903
1183
732
1540
1662
1528
1541
1386
941
3145
939
1476
68
1476
2427
1584
1114
1894
951
2065
632
3982
642
1568
1361
1419
3591
1542
1660
1347
956
1387
1513
2098
91
961
1125
1620
1450
929
1731
2332
3620
1865
4104
1072
1898
1601
2157
2381
390
1645
830
884
998
381
1196
660
793
908
939
1844
752
1279
1757
811
2025
1565
1179
1959
965
965
1361
1890
2083
2481
1686
1905
863
1156
754
1051
1515
1199
1836
1671
1262
1493
1110
784
2724
2033
194
1395
683
1419
1018
1252
1764
928
963
1166
1049
1251
442
951
2193
466
1155
2001
714
900
889
1039
745
880
770
941
384
1684
2227
1570
2250
1152
993
1381
1421
1600
884
1378
1690
864
1517
2032
1928
1621
2147
1484
1708
2337
1722
1233
1698
2009
1762
1323
1136
613
1533
287
1490
1227
2733
982
1224
1051
533
1387
744
815
1304
1411
692
1818
1021
1428
1146
2014
710
1257
921
2295
1636
1596
2006
2530
842
851
829
1577
1641
2249
2146
1123
2211
455
1653
1220
2626
1763
1822
733
1105
2411
1700
738
1626
1809
1472
1342
1987
708
1309
1118
1041
947
551
1242
723
1088
2519
1674
617
508
467
1730
794
2165
1009
53
1523
1411
1415
1000
2230
1134
1356
1392
607
1025
1487
1118
1188
1203
737
2533
1390
551
517
1673
2110
1665
980
882
513
1267
2442
1569
1764
998
467
1790
939
1867
1239
1135
2118
441
1560
1131
2701
378
733
1150
737
1784
920
586
954
1369
1288
1808
1195
2667
758
895
425
1179
873
757
2614
1177
1016
1057
1768
1173
643
2571
2300
423
721
26
1741
707
1306
2022
1070
894
699
619
1693
1400
3646
1877
508
381
694
685
874
1263
1773
1548
1831
618
3006
1861
1464
647
1327
936
1334
1073
321
1663
1673
983
2413
563
1565
1395
1044
1906
2190
1227
1930
1933
1319
919
1118
709
973
1724
1166
253
1650
2107
1526
1715
1569
1105
273
410
2138
1559
1036
1790
1927
1171
1852
863
449
859
1224
402
1213
1115
621
1079
922
771
829
660
1116
1527
1394
499
393
1194
777
632
2971
2043
1053
452
1264
950
705
559
172
1649
2075
1142
331
661
1528
1650
612
870
278
778
2073
1899
2262
1856
910
2144
873
575
1337
1233
1761
615
1072
3078
833
470
2485
921
518
646
370
1311
769
1277
1229
736
425
1435
804
1452
387
1417
15
907
703
1564
1444
821
644
1018
933
982
1921
947
2344
1277
596
753
1656
552
581
1630
1247
618
1999
889
856
534
744
968
1348
1236
572
933
54
1113
1207
1232
1004
820
687
940
1559
675
1165
409
923
1463
1029
1716
1513
734
1188
1474
674
1537
1225
698
1785
1185
757
945
1810
530
1055
860
1376
512
394
840
1156
1495
527
1200
1376
1564
886
859
611
519
2128
319
1441
496
394
684
1929
751
455
2380
1163
774
586
500
26
821
1100
259
1188
690
2396
1887
942
997
567
1633
926
815
1349
1101
572
450
1557
929
565
1186
900
722
1213
617
764
1282
901
104
1008
664
1160
1300
851
287
841
1439
803
984
448
544
744
863
317
629
1037
1276
1262
987
1292
832
1850
715
1033
485
1241
889
939
660
358
1159
964
523
1518
1518
1355
1071
986
871
1037
178
1131
1538
766
270
1039
1343
642
433
751
1179
1045
572
700
898
894
678
1011
923
1201
674
867
1709
2785
524
1531
623
550
216
2020
1672
337
291
915
827
738
823
683
672
287
1714
771
654
180
906
977
584
397
745
1437
178
661
261
752
1288
336
1664
1457
130
778
374
1651
704
952
2009
524
1236
1171
551
559
1119
314
903
2308
1151
781
1005
724
1297
1018
864
454
1564
693
816
601
1986
422
508
197
615
1046
1975
806
946
769
1039
1370
472
293
470
1428
711
1096
491
597
461
1345
615
483
280
1881
381
1579
277
400
2034
522
519
1110
745
926
1158
878
806
2110
1801
948
454
555
836
1559
1119
616
423
618
652
538
922
614
388
1543
643
280
206
251
75
992
1821
679
543
1204
299
2515
145
1187
1050
1204
674
859
1156
394
831
518
601
3166
628
561
624
567
906
1156
893
1118
803
604
1081
535
658
638
1516
573
787
866
272
933
715
1460
890
500
670
1167
716
59
769
208
942
522
1284
76
775
534
859
268
792
1369
629
268
577
1086
1373
1072
523
1091
1263
1687
686
524
767
455
1114
1932
941
619
1048
990
698
1078
842
976
697
493
1173
1172
768
561
713
1393
776
1164
549
546
59
364
219
161
1012
945
766
1119
920
434
667
1486
815
1668
691
689
842
1118
644
409
932
542
306
823
1620
903
491
879
1830
968
378
1004
792
528
1323
593
1114
576
594
1064
652
513
1447
278
1236
991
574
305
449
744
229
146
763
798
773
905
852
434
717
1428
1097
665
994
1398
361
85
596
467
674
407
1026
567
482
596
946
958
760
624
986
734
1120
739
1252
705
439
920
231
1676
198
968
557
1334
320
973
610
479
1687
590
1523
1558
1031
1296
296
1280
1189
705
643
660
420
986
966
529
565
1059
481
903
932
822
494
861
467
994
201
439
957
1096
780
643
897
1370
492
921
883
987
810
1286
2039
185
1169
900
777
2151
318
568
922
549
1219
2237
386
1072
593
975
529
692
965
440
734
735
1060
500
1059
445
76
1013
1625
327
1984
848
797
863
553
516
443
969
580
769
175
378
1075
520
380
867
787
562
442
255
865
1468
985
456
688
719
727
376
156
444
724
203
389
588
317
926
716
728
682
1295
995
690
444
527
608
940
1078
510
53
1244
934
710
1038
756
655
412
1696
604
863
433
686
297
897
509
749
1124
1510
662
617
568
1834
16
383
1097
534
641
383
826
471
520
744
221
1482
1178
319
1270
671
277
894
979
254
193
662
63
611
493
1021
1137
335
1596
456
237
998
639
792
297
497
725
541
267
472
1071
349
578
1620
574
894
1549
605
457
1109
560
701
935
1129
370
919
745
896
765
1016
483
1167
645
392
575
1243
1814
736
1016
856
351
432
662
292
872
942
459
754
1004
718
869
659
490
1038
1096
873
1152
254
1055
761
244
633
700
399
356
327
491
237
764
224
449
964
408
926
428
760
588
572
777
1107
426
1562
330
290
716
966
15
643
618
698
344
507
277
813
728
130
662
365
481
552
466
261
1283
929
519
643
906
602
219
981
775
558
552
842
725
632
976
1394
1354
291
394
48
210
571
1215
413
495
564
865
483
139
1369
762
826
499
226
806
581
865
370
604
316
571
805
648
176
351
942
645
492
406
472
506
162
826
645
637
498
84
294
714
712
557
462
743
550
618
884
336
823
864
249
497
789
342
548
1015
671
705
616
1318
595
170
767
419
930
577
999
599
648
720
419
235
548
69
429
897
1081
441
547
511
342
380
1242
728
836
560
665
836
1143
657
724
852
443
789
20
926
944
916
528
453
717
455
602
588
1223
955
544
546
348
821
459
536
453
1016
510
471
685
541
583
287
407
564
580
536
317
757
358
291
199
639
374
637
1086
360
783
625
807
268
430
455
265
743
424
789
245
1075
485
633
433
881
517
397
462
340
288
519
678
415
476
476
629
259
284
1429
404
315
563
541
649
1012
385
864
120
345
661
775
482
363
271
756
559
801
898
311
352
531
622
842
394
335
96
586
96
449
321
344
637
693
383
546
575
209
96
804
660
764
413
820
617
445
709
586
676
661
438
149
450
847
76
277
452
1104
264
434
805
346
362
699
316
525
355
621
76
1007
324
1083
575
515
305
428
495
407
236
989
522
507
694
814
538
6
528
26
504
190
109
690
699
888
754
1079
553
516
776
353
621
748
220
309
82
787
288
667
326
357
102
1336
1378
589
596
441
424
159
595
826
355
295
429
906
395
619
943
623
751
943
1179
582
194
340
1086
305
826
144
302
441
697
557
645
462
123
302
367
390
556
494
252
927
588
683
312
262
520
201
1008
558
611
683
393
397
1630
1233
636
407
544
454
1275
240
591
607
447
280
384
364
470
268
646
167
859
694
646
510
557
348
1353
435
491
362
467
671
568
520
326
401
373
338
33
696
657
657
390
641
234
145
329
470
366
896
442
535
471
38
370
288
509
491
742
955
703
584
128
291
611
355
581
1012
324
1509
206
617
675
316
268
1473
1004
259
781
510
271
138
547
587
433
620
544
623
350
413
509
665
85
836
277
1515
189
80
586
805
653
204
237
347
286
471
382
520
764
890
360
543
581
860
724
438
644
269
454
470
317
745
386
237
326
313
96
767
727
311
314
740
387
497
448
877
104
498
651
66
352
642
396
207
453
214
973
288
252
229
526
455
297
305
265
364
422
290
184
165
459
338
328
595
16
390
387
482
330
476
428
111
362
161
186
645
188
1026
613
417
520
864
321
483
310
760
358
617
899
492
466
637
688
302
613
584
351
966
202
685
446
411
389
877
472
744
362
296
280
414
320
341
380
475
648
447
558
426
449
194
361
255
312
534
590
264
709
383
325
361
213
1021
993
417
648
455
353
488
116
536
685
564
539
456
426
473
702
1035
146
305
335
491
634
331
816
524
579
286
526
339
338
396
564
378
568
215
542
206
722
583
356
1031
941
492
471
226
675
701
760
1104
401
372
673
319
179
407
510
380
341
87
524
424
587
523
373
602
128
241
444
491
728
617
625
514
280
342
87
382
166
607
432
366
633
169
707
428
243
290
747
585
99
184
514
484
349
296
950
200
180
323
501
288
338
381
837
568
503
356
229
324
425
542
568
617
400
361
351
197
474
251
363
243
281
374
243
80
401
135
207
267
307
230
446
676
636
415
699
178
499
885
218
413
808
111
307
473
601
527
641
422
357
376
277
178
347
289
341
119
889
1007
321
558
469
257
396
202
745
698
589
288
424
379
360
344
685
444
644
477
471
686
576
625
257
358
536
363
548
78
528
292
314
294
700
447
553
291
1018
719
427
530
174
907
745
392
451
416
527
489
535
831
494
565
261
660
606
309
198
250
145
562
762
653
280
143
442
632
309
431
536
413
431
477
306
243
329
140
246
318
755
351
110
434
291
606
536
288
440
359
588
934
143
266
521
354
205
232
329
462
563
582
563
552
427
221
456
174
258
574
291
159
303
152
208
179
353
440
492
358
435
373
241
328
355
307
627
650
491
389
510
184
492
125
343
248
382
304
878
546
500
444
525
622
510
329
424
450
628
660
709
499
239
747
675
189
479
496
479
409
33
66
351
331
125
634
475
242
249
207
735
202
369
247
586
230
240
657
726
715
273
329
375
379
472
469
361
421
409
633
523
302
537
386
63
199
440
200
383
300
334
274
778
757
770
369
319
505
497
589
500
301
199
720
434
203
357
408
257
433
298
701
591
674
300
699
555
151
630
609
368
125
334
595
213
253
631
329
410
27
179
410
218
527
110
926
316
326
173
329
501
719
294
763
298
481
144
745
179
646
484
451
442
525
873
355
358
483
241
130
262
324
296
328
262
560
328
313
428
542
310
600
619
817
216
436
316
714
266
254
451
208
379
366
390
724
863
176
241
533
564
454
298
579
666
518
95
122
407
341
380
219
155
364
348
303
436
392
313
367
298
218
85
593
632
416
550
324
288
443
189
624
220
443
429
438
188
588
313
542
745
289
289
56
656
399
350
185
354
617
741
526
406
755
507
633
496
353
214
309
301
528
321
415
263
838
220
300
514
314
280
581
477
372
219
348
372
321
670
632
279
128
341
554
87
309
424
330
432
689
267
587
551
178
147
600
333
232
606
797
389
701
116
179
513
200
421
355
54
512
578
630
422
716
481
123
751
363
344
253
651
131
465
644
276
251
310
44
226
874
103
514
360
537
42
489
274
300
191
395
87
302
98
318
402
426
627
618
254
409
250
443
433
646
498
596
558
213
111
435
613
454
701
483
424
447
837
400
409
127
295
209
397
410
745
430
344
96
440
213
277
642
354
286
564
200
611
23
674
340
440
509
286
344
86
78
462
201
364
506
406
653
534
267
495
329
277
447
335
324
520
161
682
145
229
156
671
815
466
295
795
579
198
427
324
543
345
279
609
638
633
300
556
446
362
548
553
694
594
355
526
474
184
340
295
589
487
366
1046
917
693
509
212
688
519
261
265
528
247
731
270
585
386
495
584
506
230
706
282
595
243
130
275
469
240
606
621
994
589
422
429
371
414
266
813
390
257
548
763
251
706
552
634
683
532
175
548
313
295
384
365
237
654
183
188
461
370
602
791
396
653
660
99
203
280
234
742
307
563
292
606
330
482
220
497
844
48
309
699
605
197
239
68
457
314
620
295
483
773
436
471
442
216
255
372
193
358
253
206
240
494
199
533
234
525
264
367
411
545
470
376
625
359
416
374
602
310
500
433
463
623
287
586
252
280
362
293
547
222
812
461
364
426
283
457
180
409
254
603
627
652
532
66
257
176
778
497
546
85
281
580
252
82
601
429
448
648
745
515
621
164
209
101
344
503
782
375
308
452
668
577
356
288
145
252
256
545
516
493
178
394
261
171
104
414
456
391
477
525
617
288
393
359
526
131
567
277
433
109
472
176
202
687
939
662
213
416
479
95
431
333
469
528
290
452
223
706
584
466
343
380
308
452
120
245
287
210
464
325
143
248
517
542
455
299
304
110
591
325
485
749
330
355
427
384
369
141
347
436
1035
763
295
311
598
653
329
343
252
645
262
355
617
730
636
689
420
201
183
520
500
260
366
667
192
446
478
553
542
230
175
373
606
550
266
592
311
387
740
685
489
135
342
479
452
751
212
299
413
190
199
542
49
174
271
436
267
309
514
588
197
648
369
419
521
206
350
201
440
256
821
365
299
520
277
454
388
577
446
606
652
493
552
352
293
284
339
359
562
602
163
585
338
502
592
176
878
364
256
321
220
271
699
247
486
338
247
526
43
713
770
212
184
510
738
344
687
485
279
614
440
467
805
356
428
606
333
509
247
575
