1000
9810
9873
9937
9934
9833
9843
9864
9868
9915
9847
9894
9857
9894
9823
9897
9943
9913
9961
9923
9871
9983
9947
9814
9964
9821
9792
9797
9764
9860
9851
9745
9775
9731
9728
9850
9656
9685
9801
9815
9661
9659
9689
9766
9684
9632
9579
9584
9612
9646
9674
9662
9672
9498
9484
9550
9636
9490
9589
9587
9595
9546
9533
9497
9489
9420
9453
9464
9439
9433
9326
9443
9465
9284
9294
9349
9254
9416
9335
9314
9267
9254
9215
9293
9305
9180
9151
9165
9266
9298
9277
9193
9175
9235
9255
9065
9154
9240
9144
9176
9195
9197
9037
9081
8999
9084
8956
9091
8936
9059
8916
8940
8949
8884
9039
9054
8856
8959
8846
8953
8919
8885
8819
8866
8793
8769
8761
8744
8868
8765
8802
8867
8883
8819
8825
8798
8692
8646
8795
8702
8654
8646
8755
8602
8707
8743
8627
8604
8588
8677
8548
8621
8525
8611
8531
8570
8518
8478
8590
8576
8438
8478
8393
8446
8555
8397
8534
8502
8355
8334
8382
8365
8472
8354
8402
8333
8439
8344
8341
8250
8276
8265
8282
8279
8337
8265
8275
8261
8190
8141
8176
8201
8201
8189
8201
8144
8234
8173
8122
8118
8138
8072
8047
7987
8087
8058
8104
8072
8055
7982
8018
7957
7956
7938
7899
8029
7895
7880
8030
7922
7946
7965
7973
7911
7944
7823
7811
7808
7921
7866
7736
7737
7718
7874
7773
7664
7732
7721
7717
7741
7736
7748
7691
7659
7593
7702
7629
7622
7682
7651
7511
7510
7526
7498
7512
7490
7612
7608
7569
7604
7578
7438
7570
7435
7383
7498
7467
7494
7428
7506
7382
7475
7358
7346
7337
7367
7382
7347
7278
7262
7365
7394
7358
7228
7359
7279
7197
7210
7299
7277
7189
7248
7108
7154
7123
7220
7217
7102
7165
7199
7143
7042
7079
6992
7007
7064
7028
7126
6932
7039
6944
7019
6913
7055
6935
6903
7007
6864
6868
6974
6945
6937
6792
6824
6850
6817
6943
6742
6928
6896
6750
6763
6729
6707
6826
6750
6695
6785
6643
6736
6661
6701
6619
6606
6571
6667
6627
6696
6694
6703
6606
6696
6678
6535
6485
6651
6456
6463
6537
6506
6501
6434
6401
6487
6539
6556
6365
6374
6332
6355
6422
6333
6429
6453
6318
6365
6289
6325
6362
6354
6341
6399
6334
6280
6277
6302
6291
6259
6299
6159
6192
6256
6113
6276
6240
6223
6107
6199
6114
6111
6072
6171
6053
6001
6152
5993
6146
6046
5992
6008
6058
5993
6015
5951
6055
6044
5885
5843
5903
5970
5877
5905
5982
5957
5772
5855
5875
5802
5788
5741
5880
5859
5782
5862
5705
5843
5659
5723
5804
5695
5778
5663
5646
5624
5626
5699
5668
5603
5648
5681
5607
5602
5581
5639
5599
5543
5465
5460
5517
5595
5474
5431
5519
5384
5444
5460
5432
5527
5435
5425
5502
5378
5480
5342
5307
5287
5363
5383
5422
5334
5400
5331
5216
5240
5369
5174
5291
5189
5287
5165
5276
5243
5126
5224
5160
5160
5167
5109
5184
5211
5160
5063
5026
5103
5024
5118
5111
4953
5074
5095
4921
4971
4896
4961
4950
4877
5034
4846
4937
4989
4909
4935
4978
4956
4801
4856
4812
4871
4851
4758
4867
4704
4718
4755
4701
4740
4842
4718
4694
4755
4804
4756
4744
4623
4598
4568
4592
4560
4637
4560
4674
4519
4539
4483
4579
4550
4519
4605
4597
4424
4456
4541
4546
4479
4554
4440
4525
4505
4381
4489
4456
4367
4487
4395
4311
4312
4261
4355
4377
4282
4315
4206
4351
4232
4351
4288
4162
4162
4300
4133
4112
4172
4200
4112
4223
4124
4240
4081
4230
4192
4152
4033
4185
4093
4149
3977
4104
4055
3968
4072
3930
4084
4064
3978
3880
3882
3994
3950
3991
3965
3883
3987
3933
3801
3923
3804
3813
3769
3823
3870
3824
3851
3845
3854
3827
3745
3833
3701
3774
3712
3729
3741
3594
3710
3646
3703
3578
3673
3654
3567
3622
3682
3510
3569
3630
3462
3524
3593
3570
3559
3474
3455
3543
3455
3448
3506
3450
3399
3392
3504
3423
3335
3478
3359
3468
3317
3285
3427
3276
3225
3353
3365
3388
3233
3338
3294
3219
3177
3213
3227
3158
3146
3277
3156
3078
3254
3198
3059
3161
3193
3203
3161
3032
3009
2987
2979
3118
2976
3123
3023
3047
2988
2946
3011
2903
2973
2996
2907
3016
2845
2853
2891
2839
2896
2947
2955
2915
2796
2812
2910
2828
2799
2699
2742
2768
2670
2739
2655
2709
2741
2741
2774
2730
2643
2638
2650
2710
2734
2642
2640
2662
2644
2600
2660
2635
2613
2579
2630
2545
2513
2413
2573
2417
2405
2471
2519
2399
2433
2367
2513
2340
2492
2306
2305
2336
2372
2430
2282
2394
2341
2221
2294
2334
2327
2269
2345
2234
2243
2215
2130
2237
2175
2246
2092
2218
2231
2192
2159
2185
2061
2088
2200
2170
2158
2061
2080
1983
2106
2039
1977
1984
2060
2077
1952
2052
1887
1914
1923
1869
1969
1947
1962
1895
1902
1952
1830
1922
1871
1832
1728
1788
1830
1719
1847
1832
1824
1741
1704
1743
1780
1668
1675
1616
1683
1630
1727
1601
1595
1586
1576
1511
1567
1687
1567
1511
1579
1560
1629
1591
1533
1504
1599
1401
1538
1441
1397
1422
1383
1461
1327
1387
1493
1482
1382
1299
1390
1441
1366
1346
1231
1255
1350
1198
1210
1323
1248
1234
1321
1238
1219
1231
1276
1105
1215
1255
1227
1087
1146
1157
1041
1190
1019
1016
1084
1047
961
987
1050
1055
924
1030
1094
1066
966
956
943
984
875
897
1016
967
932
938
969
943
764
796
845
833
852
910
739
717
866
738
695
847
712
767
628
802
674
629
662
590
700
575
558
600
576
708
516
543
668
646
509
552
577
566
497
507
408
494
459
384
429
525
529
380
391
400
345
431
357
324
352
252
243
267
272
395
324
313
353
325
227
346
305
165
269
128
276
135
116
257
122
240
53
87
124
119
