1000
0 30
1 -89
1 57
1 2
1 -71
1 24
4 15
5 -46
8 96
4 -50
2 -82
4 -90
4 -88
12 -79
6 24
2 -11
7 -34
11 73
10 -36
13 -67
9 11
16 -19
13 2
22 -53
22 59
6 26
16 12
11 -93
2 -96
18 -57
14 35
22 -98
17 -71
26 -11
8 1
19 -4
29 -75
7 -1
33 -63
9 32
39 -92
18 96
29 55
20 -86
15 36
16 -96
38 -62
27 95
32 -33
38 41
32 -4
23 -40
4 72
12 -5
11 80
27 19
53 60
50 85
24 61
12 -59
46 -41
9 -6
11 -71
21 63
17 -24
23 -8
28 -88
19 -41
27 -46
17 -54
29 62
5 40
52 -71
57 -53
62 78
36 -27
54 -88
66 33
46 23
28 -36
35 90
46 95
45 -38
31 29
78 -59
82 18
12 -20
48 38
88 -40
72 -12
90 -41
57 -54
89 50
88 -24
20 -81
16 -9
94 43
71 25
20 -69
85 -26
1 76
27 0
81 -59
101 41
85 49
11 40
45 47
72 99
25 -11
10 -16
44 34
50 91
98 -20
48 -96
88 29
37 -35
47 62
35 -41
59 87
94 -23
47 -29
62 61
81 85
75 36
107 -54
68 -26
26 -75
100 44
85 42
71 97
64 -19
88 20
82 -42
1 -100
1 -23
111 29
34 56
66 -3
19 -40
110 24
63 94
10 31
57 -7
44 86
61 -64
126 -20
57 -42
116 -76
141 48
58 44
49 56
37 -75
130 48
30 -25
32 -83
80 47
89 -55
54 -38
140 -85
109 -59
91 -95
151 59
143 -5
18 74
111 -40
82 98
148 -79
152 75
34 30
31 -12
133 -60
112 -62
133 75
146 -92
2 -94
47 52
147 4
118 -3
167 -7
40 59
86 77
74 68
95 -24
140 37
80 -18
43 75
177 -22
43 -69
63 -88
53 86
82 -79
31 -96
59 -61
165 -59
120 64
71 -72
184 32
156 100
3 -58
171 33
86 42
10 96
60 -27
165 -68
179 59
181 -98
178 28
178 -80
53 -26
172 -95
179 57
128 38
142 -1
68 59
19 45
183 98
57 -90
163 43
97 85
156 60
184 96
173 -54
221 -32
139 40
134 79
139 -89
161 -67
223 -23
28 -24
99 47
126 13
82 -37
78 13
32 53
99 -31
9 -40
104 7
46 -53
126 47
65 3
114 -45
174 85
230 -37
107 38
42 51
130 54
53 -95
98 47
15 -63
190 49
47 58
89 -64
105 43
119 -88
100 -92
135 -1
159 9
95 -56
121 -24
186 -95
36 20
171 95
192 -3
58 61
193 96
242 90
256 -16
34 57
257 -53
38 -16
94 35
159 46
251 95
152 -80
24 87
147 43
2 -14
173 -14
176 -6
166 -76
256 9
9 -53
44 6
281 25
182 34
129 -71
176 -16
253 44
96 54
30 98
117 69
153 -52
68 -45
250 6
286 -92
133 56
24 -42
32 40
146 97
25 -22
137 -87
135 87
21 -47
134 -41
224 78
274 93
110 54
223 -45
1 -80
276 -12
250 58
67 -86
68 15
227 -6
64 -43
201 46
158 28
96 -46
198 -17
191 28
175 21
192 -41
163 34
286 -93
39 86
268 -93
127 80
127 -83
34 35
268 13
306 -41
194 44
77 43
1 -9
36 -73
292 98
112 27
235 -28
53 -14
83 74
268 34
98 50
99 -79
175 -88
204 -63
62 -27
280 -87
26 -79
14 -76
303 -5
92 23
13 85
105 63
1 49
326 96
51 36
250 -65
48 64
190 92
207 -24
304 40
70 78
62 -46
135 48
65 -52
8 -49
242 -25
346 15
156 16
328 36
353 13
28 25
231 -60
239 -48
317 84
182 6
168 -72
270 -63
147 14
192 98
134 79
76 12
153 -12
319 38
335 -53
330 91
153 46
376 -75
300 27
360 -97
113 19
160 -94
106 -57
270 -91
15 -91
380 81
388 -63
370 -9
7 -39
135 22
324 -96
84 -65
80 95
353 -78
21 18
290 48
306 58
82 7
8 -63
227 -90
7 12
375 69
9 39
117 -61
150 -16
410 67
288 -5
392 -59
299 72
399 -28
314 15
368 -33
47 82
323 72
367 8
330 -56
164 86
12 -86
355 9
99 85
358 -1
79 -42
151 23
6 42
119 7
193 20
119 98
215 69
245 -10
304 5
259 -47
251 -100
282 -40
225 -30
384 -12
141 -41
29 2
290 82
413 25
269 32
47 99
166 87
96 -13
435 67
43 20
118 32
40 91
267 -42
316 19
80 -2
18 -51
128 85
160 -25
294 -71
454 29
205 -63
44 41
186 -56
161 76
250 -67
272 32
30 36
10 -36
129 -22
239 69
196 -19
138 -93
33 46
313 -2
216 22
198 12
468 24
375 99
206 -22
109 74
48 -1
47 -32
390 -84
292 -96
446 -8
138 -20
217 -81
84 100
153 -76
163 87
317 60
336 -26
293 -20
93 12
177 -23
6 74
486 -73
442 -22
315 -96
300 -22
402 20
318 -40
389 -63
252 45
226 19
393 -21
35 58
243 66
334 -19
286 -50
461 3
302 -28
350 84
8 -95
490 -49
460 96
199 -97
112 -58
521 22
50 -17
299 28
101 32
188 -4
406 -19
249 82
481 35
62 8
14 -77
71 -13
168 64
184 -28
338 -100
491 55
255 5
180 66
326 96
418 -89
150 13
228 8
154 -42
427 -56
279 -28
225 65
167 -15
490 52
23 55
22 12
352 27
231 74
291 -35
522 97
495 -7
548 -22
12 21
207 87
344 -64
277 39
362 -95
214 -4
39 8
140 6
496 -19
446 65
403 81
352 -67
441 2
555 68
363 1
342 94
455 -14
113 -80
133 76
24 -72
319 -86
484 -18
239 -36
414 -91
476 5
576 -76
319 87
398 28
66 -9
140 -78
553 -53
183 59
481 -50
439 13
69 -11
118 33
494 -99
520 -54
139 17
255 -5
395 -51
53 29
153 -81
187 -49
73 -16
261 -74
112 56
16 -28
24 87
453 13
604 77
375 -76
310 -87
187 78
255 -21
532 -46
108 -57
567 89
451 -8
495 72
501 -53
247 29
577 48
451 -1
531 -65
522 93
318 -25
141 -4
449 -54
188 -7
94 65
326 -44
386 -44
68 -36
481 34
612 95
22 32
231 75
372 -18
579 87
92 92
598 -20
31 65
69 -79
581 55
480 -84
298 34
217 56
573 -58
100 15
625 -29
381 82
369 21
235 -33
506 15
499 -19
462 -97
291 -12
227 89
16 33
643 -25
154 -43
578 19
252 -74
239 4
24 10
54 47
517 -11
429 -51
70 68
445 4
622 -18
286 22
603 57
525 -77
388 -64
349 -91
86 -40
401 -42
405 -99
297 24
80 -40
27 -2
134 22
275 93
402 45
518 19
182 -84
257 60
17 80
419 76
42 -96
99 76
651 1
640 -54
619 -27
149 -77
436 -2
270 22
346 -37
360 100
106 25
120 -47
496 84
586 -43
322 51
103 -36
685 3
166 -82
522 -57
552 -46
415 6
388 24
379 95
17 95
41 57
224 -25
251 73
229 40
406 80
207 2
490 -50
143 89
231 -66
1 -15
584 -93
191 -37
118 -40
417 48
210 16
506 -71
116 -23
60 -38
633 -63
92 -79
674 90
675 -40
677 -63
429 83
485 -68
158 4
512 -54
2 9
20 -23
12 -80
341 18
283 -57
446 -58
713 77
446 25
248 -75
323 7
437 -42
641 40
502 51
475 63
431 48
627 70
673 -95
715 -77
64 2
22 -66
137 7
89 17
640 41
324 81
515 -66
619 76
616 24
468 -93
350 88
678 27
733 -70
365 45
568 18
613 -50
544 -69
396 -6
80 9
452 -34
312 19
278 -93
431 -78
529 -95
625 -17
624 -1
473 36
448 26
584 95
291 35
391 12
312 60
461 98
607 -57
540 -53
311 -61
271 45
730 40
93 81
174 -38
516 16
380 91
795 79
319 -33
782 37
56 14
354 -31
241 -18
34 69
160 -7
401 85
708 -91
730 -33
144 49
174 12
190 -24
44 67
507 68
520 -91
143 92
707 21
738 23
772 -89
408 -76
190 1
192 10
546 39
761 92
42 -78
471 -43
212 62
612 89
388 3
349 33
451 -2
765 45
824 -21
630 -2
83 98
493 -91
572 7
159 -99
141 84
380 -32
226 -71
105 41
48 67
493 0
5 3
765 -44
546 80
159 7
519 93
589 -4
797 82
98 -1
148 -98
490 36
133 -74
484 89
679 67
152 -21
682 99
430 13
230 -30
79 -64
631 -61
605 78
497 -70
817 -11
224 39
228 -87
305 64
661 -4
701 -93
14 -67
24 63
291 1
769 63
22 -67
447 30
78 50
616 -82
127 14
753 -1
407 -99
10 13
348 -84
376 9
265 38
434 -77
781 49
111 -74
590 25
511 2
804 -94
701 16
243 -81
343 -31
729 74
126 4
526 25
708 12
60 60
394 -56
321 19
737 -81
494 -8
401 -10
655 95
703 54
718 -81
480 -78
511 -84
521 -66
185 17
628 82
507 -30
106 -6
264 -5
82 -12
655 86
412 3
377 54
271 85
902 -87
460 -43
333 -71
750 55
419 -70
67 14
602 9
612 -71
326 -6
820 -53
431 -14
192 -53
173 80
216 84
46 -16
328 -14
561 -32
76 -33
385 14
533 -51
285 79
151 67
332 -22
280 -84
357 -25
262 -49
441 -6
783 -67
489 4
537 33
452 5
663 -7
668 56
673 -82
296 -99
143 -19
514 77
282 -98
458 78
824 -58
858 -49
536 41
597 63
924 -71
239 10
731 65
433 71
190 -29
637 -53
312 -51
341 65
713 99
647 2
959 -59
302 -41
814 66
43 12
785 53
694 -25
562 -61
214 -63
458 40
914 -92
940 30
965 -43
453 -32
699 -51
151 -54
639 -82
956 33
72 40
344 -58
648 -98
527 65
814 -89
694 94
644 -17
