1000
2000
114 80
680 997
603 842
120 687
999 917
59 288
793 913
940 743
189 917
209 659
14 610
723 514
763 621
78 655
971 447
572 339
850 63
190 841
418 160
741 365
911 457
491 777
166 638
656 667
911 716
498 295
604 594
865 81
950 382
51 417
228 734
674 724
532 964
196 177
841 549
706 885
412 237
305 951
19 375
483 440
429 351
369 196
510 962
406 742
401 523
242 97
597 956
2 477
304 546
198 246
489 971
32 444
95 882
832 935
550 358
448 474
49 140
38 34
161 29
129 373
429 890
171 277
455 803
604 938
74 894
130 836
104 60
591 255
600 270
187 515
765 753
470 722
807 279
193 353
772 390
920 337
80 342
342 976
712 806
624 704
695 817
456 380
535 583
780 967
646 630
63 526
974 164
780 539
412 195
948 631
890 797
571 606
445 718
948 104
593 430
839 565
64 90
149 782
858 643
129 455
744 722
568 600
801 90
800 895
728 770
7 302
221 204
687 877
612 868
419 752
466 392
568 308
807 20
510 286
587 679
55 403
368 451
840 26
519 658
579 702
272 630
733 292
305 42
438 762
537 177
30 50
384 479
842 240
380 140
570 721
227 665
759 444
336 160
734 900
154 358
322 604
931 651
20 503
980 601
642 394
809 868
968 979
574 683
699 507
25 645
226 194
566 25
213 218
80 894
227 394
828 109
970 990
447 467
954 916
854 325
736 465
220 619
708 369
144 134
99 132
65 922
644 285
722 464
27 373
401 103
37 69
125 702
278 99
790 78
548 275
794 800
255 642
975 354
451 88
20 166
435 469
400 552
494 782
755 804
553 788
742 730
902 612
389 612
166 613
921 988
138 320
791 180
310 145
828 114
740 175
555 707
69 17
965 855
936 694
541 403
73 160
516 849
351 705
792 803
653 780
207 792
448 424
963 347
282 326
454 956
843 465
5 583
520 607
866 981
971 441
894 15
728 60
897 219
588 951
31 263
813 344
736 484
336 748
909 660
174 685
842 700
73 686
50 851
48 288
230 945
607 93
150 106
229 837
434 710
996 864
19 84
607 131
202 564
957 813
237 458
779 235
985 201
239 911
979 707
493 330
147 279
307 593
78 325
419 930
140 543
384 420
156 518
226 90
887 570
130 563
451 400
333 237
589 970
800 351
616 858
270 801
321 213
927 863
730 405
586 863
907 349
503 907
16 511
534 1
182 87
858 490
856 564
861 707
51 958
859 252
547 310
105 60
607 138
542 175
618 194
63 540
240 585
893 882
847 38
772 794
285 289
58 538
765 709
176 781
345 578
156 405
419 883
813 1
822 359
769 73
707 842
275 908
770 74
295 115
762 681
979 115
443 918
163 936
182 352
565 566
452 118
408 541
563 755
237 208
900 734
902 52
238 791
367 818
262 532
286 188
587 626
78 836
825 628
526 933
889 619
220 421
562 107
219 268
217 304
592 665
204 21
536 359
578 415
307 377
330 954
479 529
64 589
836 123
862 620
704 608
656 979
569 349
225 725
255 613
195 602
456 580
665 437
601 401
403 612
340 933
945 10
548 148
649 862
220 784
165 691
782 250
664 178
390 149
960 919
412 929
4 418
789 334
176 500
205 943
326 528
347 862
802 790
124 504
352 814
554 705
391 493
508 437
629 815
845 858
29 732
802 865
796 523
644 606
146 709
651 138
96 498
66 574
541 355
996 821
743 139
481 644
771 64
16 856
963 985
25 365
58 762
975 272
245 312
718 356
469 402
237 705
482 847
999 571
209 746
386 188
419 468
621 344
96 425
742 705
819 768
436 88
50 314
250 534
322 830
598 862
215 582
816 536
659 333
97 855
114 668
182 770
399 353
786 122
721 111
982 62
847 111
522 670
387 452
396 784
897 663
975 161
866 425
560 36
546 661
312 672
473 787
685 377
276 120
596 410
557 538
304 600
434 566
739 99
262 919
463 707
777 703
104 923
832 610
75 649
86 291
181 267
447 317
812 288
36 968
778 752
579 200
90 732
671 7
485 315
789 719
470 575
255 829
204 498
990 668
32 792
155 627
857 333
765 915
591 59
231 679
215 562
578 220
35 927
132 490
509 216
503 968
162 271
586 498
143 845
730 175
177 80
954 8
839 29
496 528
623 933
13 286
364 580
677 820
895 500
555 604
773 949
584 464
696 581
549 902
646 599
523 844
477 495
789 848
897 430
314 998
30 576
930 215
804 716
9 511
38 115
542 521
758 562
726 163
227 330
915 875
667 446
847 437
908 139
981 877
632 531
78 90
593 813
368 639
907 420
614 489
337 518
604 850
453 346
56 520
748 361
469 643
706 799
437 247
675 905
625 577
555 709
454 393
171 63
574 644
497 685
792 494
610 625
300 490
113 489
372 81
812 316
504 748
258 528
488 759
888 344
44 883
633 760
729 804
978 129
782 518
544 863
571 999
374 254
677 759
841 396
985 744
898 862
74 558
170 779
81 342
600 666
226 274
184 261
330 671
794 334
804 433
775 523
484 181
983 562
374 392
265 986
206 357
265 766
60 292
52 180
818 602
973 927
223 803
754 827
814 711
828 815
434 350
472 166
545 528
539 837
880 69
58 577
916 253
288 756
194 366
63 962
125 388
230 541
12 47
600 338
816 250
436 294
903 135
689 196
207 499
779 227
342 861
560 31
872 439
5 827
790 67
164 201
530 480
570 806
783 651
462 994
681 209
191 856
71 415
586 72
488 8
927 113
582 145
725 711
823 160
546 13
715 426
684 145
500 934
437 293
567 50
956 650
309 858
742 311
605 255
207 910
777 341
447 549
742 965
530 588
259 383
484 933
189 942
851 143
209 91
509 22
337 616
867 94
962 531
659 476
403 666
354 999
592 345
574 397
221 991
650 108
518 892
934 558
941 616
962 392
430 629
174 984
129 563
692 345
341 400
295 315
347 30
7 834
897 422
521 417
995 951
999 46
479 146
537 657
762 76
557 183
406 42
386 392
952 494
978 268
607 846
455 62
488 707
817 821
949 188
790 703
14 861
868 856
283 182
890 130
876 90
268 149
200 564
247 188
150 922
15 600
752 1
443 323
36 44
405 440
857 375
617 546
187 945
522 684
592 504
759 649
697 814
679 828
742 629
602 319
85 264
27 808
870 856
668 784
373 650
833 551
682 487
402 350
30 995
293 394
62 38
215 78
841 149
2 649
560 986
514 141
273 197
687 763
431 898
698 987
314 285
166 66
420 35
3 97
918 531
300 418
714 192
567 252
94 159
160 134
253 919
64 221
22 576
774 952
95 202
57 846
351 904
753 629
392 218
880 759
928 996
327 27
949 847
278 231
77 554
389 475
991 768
452 932
952 256
457 166
982 639
55 989
752 196
929 161
192 616
440 961
623 832
991 906
227 752
13 416
768 856
282 330
835 183
251 996
640 741
601 667
452 791
277 778
58 226
780 959
819 25
314 538
749 735
705 222
698 143
199 259
461 417
270 39
212 968
174 657
960 472
574 301
936 195
266 520
341 10
993 610
755 948
749 647
392 812
613 720
19 975
922 793
184 401
309 763
78 278
318 738
181 183
876 671
249 245
599 906
13 432
641 71
808 664
376 128
683 563
511 458
663 255
353 433
259 952
253 134
285 618
69 723
892 694
516 797
757 693
68 134
959 809
498 77
214 293
232 375
528 1
533 729
70 911
377 521
591 128
226 696
162 728
120 708
396 563
94 508
769 348
783 684
80 739
721 886
785 40
529 923
623 510
791 950
514 617
637 561
274 431
971 156
324 830
274 4
903 884
514 103
884 736
470 528
858 472
346 225
379 870
470 966
629 591
721 99
292 253
601 919
560 618
672 59
785 522
340 550
12 966
293 380
478 623
361 22
199 153
68 552
324 12
291 90
10 947
964 346
680 876
818 180
639 528
264 675
634 544
952 766
363 19
766 838
304 160
80 98
255 309
859 842
583 482
13 676
72 351
337 122
150 367
190 852
707 363
321 453
187 327
38 344
14 68
783 966
543 989
950 790
221 504
146 62
231 939
729 899
436 974
333 934
995 417
527 778
768 161
868 130
718 247
553 148
881 719
255 509
492 941
113 605
419 974
331 847
767 347
553 590
580 63
838 696
751 752
328 513
790 390
474 195
868 346
507 64
846 774
548 719
119 790
809 85
735 372
426 855
645 668
862 926
676 249
705 76
884 370
530 782
334 698
837 732
787 268
479 161
167 808
203 946
909 257
427 865
414 422
315 700
243 167
224 526
509 515
342 346
325 485
311 81
450 133
925 79
297 362
318 334
1000 853
847 950
442 806
242 138
894 569
92 430
277 124
19 674
731 523
154 461
695 975
355 778
210 141
339 474
917 996
643 650
88 952
15 393
850 880
139 366
384 591
351 515
612 279
909 450
889 832
898 58
46 605
588 127
778 662
901 502
746 368
58 348
411 344
608 867
960 124
109 56
50 352
654 722
911 432
973 978
636 188
374 805
112 992
479 889
657 313
102 576
721 133
688 348
438 123
145 312
46 579
675 686
699 499
514 706
623 694
711 716
681 216
377 32
129 59
520 686
739 939
495 478
597 385
397 418
639 967
131 926
293 119
433 616
63 458
512 160
838 482
652 476
404 266
861 974
953 570
310 953
391 828
516 296
703 168
349 468
952 387
38 318
825 971
432 11
354 850
568 884
294 444
191 487
573 228
946 967
282 516
490 948
99 871
619 284
983 747
446 42
326 69
54 311
990 373
576 957
713 358
793 368
364 532
931 143
649 506
6 54
561 569
196 109
115 835
315 56
833 723
444 209
331 928
827 107
482 703
602 937
236 498
617 943
506 656
362 164
314 70
333 480
484 848
331 340
618 984
621 623
962 105
122 648
325 127
573 547
125 420
378 802
503 651
93 921
600 294
43 585
723 671
47 576
659 145
760 827
504 115
73 795
936 628
909 426
793 648
852 342
933 205
895 132
535 201
377 114
537 975
428 384
556 298
551 784
357 161
632 863
306 296
639 584
101 718
707 248
608 551
333 464
487 156
56 524
458 813
988 574
481 785
822 323
261 915
951 301
396 652
750 370
855 838
733 81
338 412
362 975
988 187
302 121
851 386
158 351
94 76
889 36
240 39
32 327
954 247
344 58
100 725
963 546
94 274
186 796
687 530
484 228
623 399
978 78
666 619
882 384
26 56
323 262
944 31
37 613
906 672
76 831
66 34
37 82
125 716
517 383
213 234
968 506
248 284
142 684
885 209
812 729
386 964
524 347
848 961
257 437
868 914
5 748
795 259
154 780
389 991
344 791
634 472
534 588
603 997
672 325
321 382
593 858
117 918
8 301
262 889
425 376
304 316
197 345
45 875
543 321
385 583
510 78
434 563
803 851
859 400
975 589
680 156
688 600
609 101
314 714
482 626
994 241
519 517
692 291
27 392
380 407
300 869
939 640
464 603
811 460
479 539
924 366
803 520
962 507
527 152
896 3
403 264
338 950
582 272
575 241
103 677
36 377
145 117
956 428
562 907
758 628
886 87
974 643
70 661
718 130
601 366
300 913
674 888
588 8
532 986
691 733
594 56
494 515
685 699
180 29
56 779
516 187
815 235
904 746
56 901
271 265
520 910
696 695
946 695
666 771
246 94
303 505
578 799
94 234
753 107
686 804
65 637
44 722
832 171
372 845
354 202
717 487
522 687
404 547
524 789
260 346
258 915
15 578
886 220
48 995
667 637
155 54
182 866
292 865
745 516
897 995
713 11
374 116
224 360
597 684
310 870
311 714
936 269
724 681
934 825
115 417
978 686
647 150
37 562
530 487
342 572
862 717
873 260
449 55
670 45
610 176
392 429
26 488
218 77
693 714
232 535
151 519
57 768
369 441
20 246
329 998
167 736
825 974
930 478
935 21
124 913
91 807
749 870
44 463
44 149
209 53
703 777
621 534
596 969
733 798
812 139
241 417
181 688
311 579
360 717
415 20
305 478
687 744
93 224
561 760
211 23
539 483
40 135
906 445
894 638
47 824
282 918
791 266
105 929
674 524
785 304
775 398
494 87
416 550
375 372
364 663
29 818
268 391
712 318
90 174
316 773
636 445
688 247
364 700
194 37
434 988
218 500
564 703
840 180
947 243
968 734
793 478
418 231
397 459
379 332
109 352
218 640
180 541
759 436
924 752
91 495
289 988
748 242
423 104
598 236
206 976
677 383
51 473
149 834
593 475
914 601
258 189
275 804
503 233
268 485
542 758
207 285
792 104
349 952
500 100
10 507
789 289
971 28
541 916
595 655
904 368
654 218
935 348
574 70
441 762
14 847
513 378
595 825
526 210
45 829
858 854
771 938
602 244
121 784
749 922
102 645
676 501
458 416
427 289
508 436
562 964
155 326
937 15
582 892
396 52
313 895
195 812
880 91
350 941
269 3
821 11
629 634
279 295
712 503
307 1000
982 151
933 536
104 572
406 794
639 982
20 925
292 47
921 261
392 801
878 827
426 29
116 682
554 505
171 516
190 290
782 368
483 892
113 526
61 274
829 45
11 859
96 852
295 837
54 726
189 188
661 969
733 259
722 417
464 73
366 875
58 884
383 290
671 888
271 863
708 849
676 238
816 323
78 99
185 951
295 201
167 128
712 980
236 668
659 145
751 107
727 539
677 593
184 511
781 551
223 372
799 39
671 241
971 627
869 567
906 948
390 612
429 508
569 82
157 793
340 641
158 532
737 497
615 348
839 232
783 237
247 646
999 321
120 176
777 130
867 652
359 592
427 743
190 845
577 987
121 185
820 920
141 452
365 500
505 531
744 783
876 995
320 717
487 434
677 973
45 266
550 495
8 552
489 942
566 176
65 681
303 814
637 793
235 217
948 589
66 702
392 499
183 113
155 791
588 845
20 624
703 494
462 783
872 213
650 709
685 365
964 297
778 455
802 425
859 832
416 588
207 343
68 432
151 345
293 495
701 286
898 945
908 645
915 879
863 743
39 585
153 621
915 405
713 675
403 975
182 926
242 343
923 899
493 82
217 926
42 157
523 817
700 699
830 673
113 552
955 696
265 25
699 275
45 938
493 543
869 270
388 318
964 509
232 687
506 306
355 634
529 230
263 421
214 281
578 434
862 932
399 193
311 828
494 606
247 683
697 453
904 640
492 927
437 962
880 455
19 593
787 708
139 225
26 393
97 79
552 2
131 702
998 411
52 253
28 97
276 769
20 443
265 818
157 631
882 62
975 681
495 328
396 759
855 831
253 610
227 39
803 963
942 855
666 100
792 880
938 683
794 913
481 141
672 678
784 767
224 441
317 360
316 919
56 19
659 248
653 367
321 277
205 239
357 805
772 394
713 430
859 64
125 483
833 544
710 840
443 561
46 244
473 869
42 675
897 508
104 943
175 226
927 424
534 290
45 416
494 741
910 757
450 885
882 190
808 676
519 488
588 231
621 234
74 424
76 321
2 656
473 277
94 997
114 389
961 173
656 464
573 247
418 280
367 472
913 62
427 422
334 374
134 392
769 502
650 790
526 287
611 57
870 599
559 583
925 321
579 72
435 851
886 895
186 124
147 667
621 379
117 401
728 263
884 152
928 608
576 443
102 690
265 600
258 598
875 314
169 953
162 322
515 475
169 300
621 266
976 183
441 512
743 151
825 49
409 857
422 329
350 32
417 825
507 585
452 3
906 267
594 206
53 229
47 687
27 421
912 352
80 763
488 94
555 18
932 172
168 640
441 321
802 144
494 326
529 15
83 663
203 318
941 609
516 711
615 115
35 230
76 657
342 490
464 182
103 674
417 919
53 773
318 265
82 469
856 211
886 582
561 959
197 860
448 319
878 726
738 58
333 294
654 707
434 201
369 931
204 547
112 763
271 438
538 307
435 297
259 570
374 750
697 361
423 476
43 641
99 534
971 493
437 198
972 982
30 101
357 739
780 430
852 382
136 495
748 131
222 439
615 85
490 50
207 871
241 548
36 498
437 856
490 647
329 949
737 409
414 193
828 899
495 626
149 166
339 909
189 944
925 633
836 684
214 135
474 240
104 420
753 420
783 311
223 88
128 918
542 375
844 915
658 893
899 14
637 615
122 773
951 11
916 260
50 572
741 438
855 26
662 871
568 135
848 7
688 291
657 549
456 822
321 380
87 704
633 486
13 369
937 539
210 995
596 225
431 802
515 153
154 160
773 925
58 590
116 802
25 403
865 206
248 727
335 589
40 158
953 712
98 297
521 895
450 834
621 213
325 991
369 457
505 597
89 305
72 446
984 518
289 330
302 645
660 640
259 451
420 550
380 667
210 890
92 816
636 713
525 9
592 460
663 659
229 238
506 980
190 44
225 499
281 566
35 645
282 84
744 682
702 143
343 620
532 103
609 498
341 556
415 373
339 278
562 40
509 280
5 941
892 546
177 557
126 436
214 16
822 444
638 78
626 619
313 654
326 189
564 365
729 793
618 454
247 635
156 857
112 87
488 31
301 980
270 593
668 993
198 870
161 334
833 619
685 405
819 502
457 376
293 50
153 267
177 362
921 785
419 73
876 795
235 855
866 595
398 164
803 599
701 666
375 553
69 715
747 73
294 712
993 857
11 34
500 582
49 369
615 630
370 929
518 89
279 768
840 669
146 685
170 573
835 760
612 777
46 596
613 497
876 491
234 193
940 402
989 742
882 524
448 713
323 821
765 654
152 236
441 685
670 258
728 644
84 675
285 598
548 327
4 57
359 197
654 964
922 973
947 882
328 3
959 511
558 36
675 723
117 393
951 828
810 282
16 157
30 60
528 943
796 690
188 360
28 147
308 92
508 213
794 1000
612 839
213 481
899 24
576 427
442 743
901 75
305 933
442 194
971 573
50 516
43 477
47 454
917 905
619 567
847 988
655 370
250 696
858 305
418 524
434 598
645 963
729 115
483 176
396 435
752 180
836 528
396 401
139 391
92 571
175 846
15 961
632 752
325 466
681 466
84 34
444 74
586 659
270 866
1000 961
839 819
951 637
611 803
777 601
608 843
944 535
684 266
639 817
504 121
239 521
559 182
458 256
487 705
