100
8 8
1 8 1000
1 8 1000
1 8 1000
1 8 1000
1 8 1000
1 8 1000
1 8 1000
1 8 1000
1 5
5 1 222
8 8
1 8 993
1 6 995
1 2 999
1 4 997
1 3 998
1 1 1000
1 5 996
1 7 994
1 5
5 5 1000
8 5
3 4 850
4 4 194
4 3 967
3 4 279
4 4 791
3 3 477
4 3 941
3 3 282
8 8
1 2 2
1 8 8
1 3 3
1 6 6
1 5 5
1 4 4
1 1 1
1 7 7
5 8
2 4 825
3 4 72
7 7 239
7 4 731
1 6 550
4 4
2 3 582
3 2 823
2 2 413
2 3 406
1 2
1 2 610
6 1
1 1 586
1 1 169
1 1 845
1 1 377
1 1 873
1 1 684
7 6
2 5 458
3 3 17
5 1 80
2 3 842
3 2 500
6 5 174
4 2 46
7 5
4 2 769
4 3 295
1 2 919
2 4 494
4 3 893
3 3 563
3 4 663
4 4
1 4 195
2 3 719
1 2 196
1 2 811
4 2
2 2 1000
2 2 1000
2 2 1000
2 2 1000
1 2
1 1 484
4 5
3 5 86
1 5 5
4 5 804
3 1 776
3 8
3 1 879
2 6 243
2 1 194
1 4
4 2 960
7 8
3 4 591
4 7 106
3 1 933
3 5 639
7 5 34
4 8 713
7 6 124
8 4
3 3 117
3 3 738
4 3 205
1 3 291
2 3 795
1 3 805
3 3 377
2 3 653
4 7
7 5 776
3 4 667
3 1 987
7 2 455
5 3
2 1 509
2 1 851
2 2 191
2 1 487
3 3 917
8 8
8 1 1000
8 1 1000
8 1 1000
8 1 1000
8 1 1000
8 1 1000
8 1 1000
8 1 1000
6 4
2 2 494
3 3 363
4 1 284
2 4 656
2 4 271
3 2 472
8 6
5 5 887
4 1 377
2 6 448
3 3 463
6 2 505
1 1 635
1 4 580
4 4 815
7 5
4 4 985
4 3 4
3 4 347
3 3 658
4 3 918
4 4 157
3 4 471
8 5
1 4 845
5 3 946
1 4 276
1 4 532
5 2 413
4 3 857
2 5 957
4 3 797
7 8
3 1 152
3 7 982
5 4 544
5 8 996
4 3 87
1 3 686
5 7 819
5 4
3 3 564
3 1 852
3 2 937
1 4 225
1 4 151
5 2
1 2 252
2 2 286
2 2 276
2 1 459
1 1 624
5 8
8 7 533
5 8 19
7 5 948
6 5 739
5 8 417
3 4
1 1 149
4 4 783
2 2 320
8 8
8 8 1000
1 1 1
1 5 5
1 4 4
1 7 7
1 2 2
1 3 3
1 6 6
2 4
4 3 605
2 1 657
4 1
1 1 582
1 1 532
1 1 495
1 1 865
5 2
2 2 239
2 2 773
2 2 415
1 2 618
1 2 999
6 6
2 2 482
5 2 763
2 1 990
3 4 803
6 1 875
2 2 732
7 5
4 5 194
4 5 966
3 5 264
5 5 212
1 1 48
2 4 570
1 4 141
2 7
2 4 295
4 5 957
5 6
6 5 269
5 6 359
4 6 41
6 6 33
6 6 189
6 7
5 7 960
4 3 930
7 1 25
2 2 844
6 1 238
7 7 383
1 3
1 2 826
3 5
5 5 1000
5 5 1000
5 5 1000
5 6
2 3 1
1 6 11
2 2 362
5 3 715
3 2 612
1 7
7 7 1000
6 5
4 1 169
5 3 772
1 5 121
5 5 329
1 2 16
2 2 46
2 1
1 1 257
1 1 684
3 6
6 6 1000
6 6 1000
6 6 1000
2 3
2 1 163
2 1 649
2 8
3 1 712
1 6 761
6 7
1 7 145
1 1 558
1 1 637
2 6 172
6 4 196
1 2 114
8 2
2 2 509
2 2 798
2 1 710
1 2 88
1 1 610
1 1 524
2 1 931
2 1 40
5 7
5 5 591
6 6 186
5 5 135
4 4 931
5 5 690
6 5
5 5 1000
5 5 1000
5 5 1000
5 5 1000
5 5 1000
5 5 1000
3 2
1 2 148
1 1 522
2 2 243
8 8
8 8 1000
8 8 1000
8 8 1000
8 8 1000
8 8 1000
8 8 1000
8 8 1000
8 8 1000
7 6
6 6 1000
6 6 1000
6 6 1000
6 6 1000
6 6 1000
6 6 1000
6 6 1000
7 5
5 2 577
2 5 609
3 4 955
1 1 56
1 1 285
1 2 9
5 3 57
4 5
1 3 877
2 2 22
3 5 936
4 3 985
8 4
4 4 518
4 4 346
4 4 88
4 4 778
4 4 513
4 4 447
4 4 563
4 4 161
5 2
2 1 7
2 2 571
2 1 733
2 1 560
2 2 755
7 8
1 6 382
5 4 29
5 5 901
2 7 819
4 7 817
7 6 626
6 1 455
5 8
6 6 339
6 6 330
7 6 853
7 6 552
8 6 618
2 4
4 3 366
3 1 272
4 1
1 1 66
1 1 146
1 1 8
1 1 809
5 5
4 2 91
5 1 313
2 4 490
1 2 206
4 4 496
5 4
3 4 933
3 4 498
3 3 779
1 3 634
4 3 657
2 6
1 5 558
3 4 661
7 2
2 1 180
2 1 565
2 1 555
2 2 92
1 1 27
1 1 170
2 1 396
1 3
1 1 471
7 8
6 5 508
8 8 880
7 6 505
5 7 867
5 7 353
7 6 952
6 5 211
2 2
2 2 1000
2 2 1000
7 5
3 5 183
5 5 81
1 4 415
4 5 116
4 3 870
2 1 359
3 2 942
2 8
3 3 659
2 6 299
6 4
2 2 198
1 3 844
3 1 629
1 4 224
1 4 618
2 2 864
7 1
1 1 641
1 1 553
1 1 567
1 1 689
1 1 338
1 1 801
1 1 166
1 5
5 5 1000
5 7
3 2 744
1 4 156
4 7 191
2 3 303
2 4 62
6 7
4 5 581
4 4 176
4 4 790
4 5 928
4 6 490
5 5 723
4 7
3 1 628
5 2 532
6 5 182
4 3 292
2 2
2 2 785
1 1 16
7 4
3 4 137
3 3 306
3 1 904
2 4 347
2 3 315
1 4 760
3 1 420
2 4
3 2 944
1 2 286
3 2
1 1 942
2 2 888
2 1 746
8 8
5 5 688
7 5 558
7 5 6
6 5 837
6 5 170
7 7 546
8 8 263
8 6 681
4 6
5 6 44
1 3 484
3 2 284
4 4 475
5 2
2 2 738
1 2 404
2 1 978
1 2 90
2 1 547
2 2
1 2 69
1 2 316
1 7
3 5 397
7 6
5 6 634
5 5 682
5 5 141
5 6 12
6 5 671
5 4 165
5 6 720
1 7
2 7 274
6 4
1 2 854
1 2 760
2 3 489
1 1 698
2 1 130
4 1 893
8 7
7 7 1000
7 7 1000
7 7 1000
7 7 1000
7 7 1000
7 7 1000
7 7 1000
7 7 1000
6 7
7 4 416
4 4 183
3 5 836
3 4 909
6 3 257
4 6 404
7 3
1 3 973
3 3 791
1 2 426
3 2 482
2 2 643
3 2 699
1 2 887
7 2
2 1 486
2 1 519
2 1 960
2 2 341
1 1 322
2 1 312
1 2 251
1 1
1 1 1
2 6
2 3 104
6 3 744
8 5
1 1 474
5 1 331
5 5 100
2 2 636
1 4 988
4 1 589
2 2 866
3 1 424
3 4
4 4 5
3 4 855
3 2 513
