1000
23
13
2
21
36
25
42
63
59
72
93
90
105
114
113
127
143
169
174
166
197
203
208
230
227
229
232
256
253
269
293
284
293
329
329
323
334
369
380
390
375
394
402
408
425
421
460
451
474
468
494
497
507
527
535
550
549
564
575
569
600
597
598
611
629
637
659
665
664
690
680
693
705
705
713
731
754
754
773
773
775
810
798
820
835
830
832
869
863
880
898
882
902
925
913
934
955
951
952
961
997
992
998
1029
1035
1044
1055
1058
1080
1085
1084
1093
1119
1112
1121
1128
1147
1148
1160
1166
1196
1201
1198
1220
1239
1229
1235
1252
1254
1262
1285
1282
1301
1310
1331
1348
1347
1366
1356
1370
1371
1404
1410
1424
1415
1428
1442
1465
1455
1486
1496
1504
1515
1528
1539
1547
1543
1555
1563
1570
1590
1596
1611
1624
1639
1622
1635
1660
1658
1688
1686
1708
1702
1714
1734
1728
1737
1749
1751
1779
1792
1785
1815
1809
1822
1833
1859
1846
1880
1866
1900
1883
1903
1904
1929
1930
1941
1946
1957
1979
1985
1991
2017
2011
2012
2041
2035
2054
2065
2063
2077
2090
2118
2123
2122
2123
2134
2147
2163
2168
2180
2191
2220
2204
2239
2237
2254
2246
2266
2282
2297
2285
2304
2310
2324
2323
2350
2358
2356
2365
2373
2383
2394
2419
2430
2448
2460
2469
2469
2485
2496
2484
2500
2528
2520
2538
2556
2570
2577
2579
2577
2605
2620
2622
2637
2647
2646
2653
2664
2674
2681
2701
2693
2701
2731
2730
2756
2763
2760
2777
2776
2792
2803
2802
2835
2850
2841
2845
2879
2866
2877
2890
2919
2912
2924
2926
2940
2967
2953
2972
2996
2995
3016
3012
3019
3050
3059
3058
3064
3090
3084
3097
3109
3114
3123
3126
3159
3142
3172
3181
3186
3186
3203
3207
3228
3244
3241
3245
3260
3270
3273
3305
3300
3303
3329
3331
3332
3368
3360
3373
3393
3409
3404
3423
3426
3428
3442
3456
3479
3489
3484
3487
3514
3525
3513
3533
3548
3541
3562
3574
3597
3584
3608
3611
3621
3647
3659
3652
3659
3676
3676
3708
3704
3716
3712
3732
3734
3765
3779
3769
3776
3794
3811
3811
3831
3826
3837
3842
3880
3889
3887
3888
3918
3930
3927
3923
3944
3961
3975
3966
3981
3991
4011
4030
4024
4041
4060
4048
4069
4090
4083
4110
4095
4130
4136
4129
4131
4166
4178
4182
4190
4194
4197
4210
4239
4249
4241
4249
4276
4277
4293
4296
4308
4322
4318
4336
4344
4359
4360
4364
4383
4395
4391
4422
4434
4429
4459
4448
4458
4468
4490
4486
4504
4509
4516
4542
4534
4562
4555
4580
4585
4606
4618
4627
4638
4647
4649
4663
4671
4666
4685
4705
4707
4725
4724
4730
4740
4767
4779
4763
4798
4792
4806
4803
4826
4840
4837
4869
4877
4875
4891
4909
4917
4905
4925
4922
4943
4957
4961
4975
4975
4996
5012
5021
5018
5043
5048
5053
5072
5087
5080
5085
5100
5111
5114
5130
5154
5151
5179
5169
5179
5209
5215
5207
5217
5242
5247
5259
5277
5270
5299
5281
5294
5307
5322
5336
5355
5358
5378
5378
5388
5400
5411
5415
5429
5428
5459
5459
5454
5475
5494
5493
5518
5511
5528
5534
5540
5550
5562
5564
5580
5594
5597
5614
5633
5641
5659
5663
5670
5673
5696
5702
5717
5707
5713
5749
5734
5742
5774
5778
5792
5796
5797
5808
5822
5837
5849
5853
5868
5889
5885
5906
5917
5922
5931
5933
5959
5957
5974
5987
5999
5999
6000
6020
6019
6040
6055
6042
6055
6077
6081
6106
6101
6101
6117
6150
6158
6165
6155
6170
6192
6187
6192
6222
6240
6232
6248
6244
6265
6282
6300
6308
6301
6323
6316
6335
6357
6349
6366
6369
6395
6384
6392
6418
6428
6438
6452
6458
6451
6467
6472
6501
6506
6525
6518
6535
6557
6569
6569
6580
6590
6598
6610
6610
6632
6631
6647
6657
6653
6672
6697
6696
6699
6706
6725
6722
6743
6768
6761
6762
6794
6792
6796
6820
6812
6841
6855
6859
6871
6881
6883
6907
6915
6918
6937
6929
6935
6967
6967
6974
7000
7005
7015
7010
7018
7026
7033
7055
7064
7081
7074
7083
7092
7124
7138
7129
7159
7150
7152
7182
7186
7192
7203
7216
7215
7240
7246
7245
7263
7285
7284
7308
7318
7315
7312
7343
7338
7365
7354
7384
7371
7394
7398
7428
7434
7428
7449
7454
7473
7472
7498
7500
7496
7507
7511
7532
7540
7557
7566
7580
7581
7593
7612
7601
7636
7646
7644
7646
7674
7664
7677
7684
7696
7726
7719
7737
7751
7757
7772
7769
7785
7800
7800
7812
7815
7833
7838
7869
7873
7871
7887
7897
7920
7926
7918
7941
7954
7950
7961
7968
7992
8000
8014
8002
8021
8035
8040
8050
8051
8069
8074
8106
8115
8129
8113
8140
8160
8161
8155
8169
8173
8210
8208
8208
8229
8235
8240
8262
8258
8273
8279
8283
8299
8327
8325
8337
8345
8344
8375
8374
8373
8389
8416
8426
8415
8422
8459
8465
8478
8486
8483
8487
8502
8523
8513
8529
8560
8552
8559
8590
8578
8599
8616
8627
8629
8645
8640
8668
8672
8667
8674
8685
8694
8716
8723
8727
8752
8747
8774
8790
8781
8790
8791
8810
8816
8840
8836
8862
8855
8884
8895
8905
8917
8908
8914
8936
8945
8946
8966
8971
8988
9002
8993
9008
9040
9035
9038
9066
9078
9070
9081
9081
9116
9119
9126
9131
9149
9142
9175
9181
9179
9203
9205
9209
9223
9231
9244
9261
9269
9276
9293
9282
9302
9320
9335
9331
9331
9353
9371
9377
9376
9406
9414
9428
9418
9431
9436
9466
9479
9470
9473
9486
9513
9518
9512
9529
9559
9546
9565
9563
9577
9584
9617
9623
9625
9636
9647
9646
9670
9673
9694
9695
9716
9715
9713
9747
9742
9742
9767
9770
9783
9783
9799
9827
9839
9825
9845
9852
9851
9885
9875
9903
9894
9927
9915
9933
9952
9949
9956
9989
