100
5
1 2 3 4 5
3
3 5 6
2
5 6
2
5 5
14
786982 251856 507826 860083 959278 558758 99101 691347 111235 570814 870652 17990 106853 173645
15
518995 705508 744349 29229 96322 727612 669357 677896 140255 559497 644256 902339 990681 706210 282769
7
983449 865487 811888 439671 170949 19152 668228
4
298984 122792 415761 34345
6
554796 147470 412437 831661 917057 864987
11
162141 715613 719854 133220 436865 237077 302165 303170 643131 900834 67536
15
966958 801726 383534 968149 619575 71268 249096 276267 240474 991116 189045 976111 636636 612984 402419
15
453663 87747 649456 386579 78199 486553 168543 656955 332697 776375 531222 250607 650133 309894 863857
5
874956 749576 193855 396835 185048
11
323902 91316 161403 656894 286725 148386 506460 583597 809634 544233 36626
7
7900 2407 4455 7114 230 6830 313
11
3358 1354 5193 8590 9513 4325 3069 3829 1105 9273 1135
3
2027 9199 9220
4
7468 6197 6194 367
6
3313 3231 3036 2202 621 325
6
70 3962 4296 4735 813 4056
8
1181 9553 9098 3840 7466 5367 6533 7454
10
9553 9280 7136 7579 8169 6228 601 5811 3954 6991
5
3210 1064 9208 6166 1457
7
8745 1053 648 9619 304 5553 5550
14
4668 8358 9283 3550 656 4925 3764 3855 7835 1919 958 9327 4462 9290
2
8514 2086
5
5623 1439 5201 3577 4703
5
172 9165 4413 2315 15191
13
4722 944 1725 8332 4725 9242 4590 5867 9540 6293 7267 1717 8606
14
5580 7182 9509 1170 3577 6751 8808 6092 2835 6088 4989 4848 2958 8739
15
8664 4163 7360 9449 4485 3994 4105 5822 5074 9461 3532 8314 9294 2627 9606
12
4948 6112 8700 4718 3660 2660 4751 578 3458 6607 9946 4436
14
8721 7742 5144 452 3193 8909 4082 4334 8429 1007 2809 1760 1696 4421
3
460 9796 10120
11
4923 8710 360 6527 7981 1813 6621 3040 9601 8631 10009
8
6023 920 4817 8766 8913 9885 9659 4460
3
2197 7352 5165
6
4891 8551 1837 5408 2549 10628
15
9602 8406 342 7139 7231 7737 2557 6351 2068 441 116 5713 9519 7032 11530
10
6016 9310 4752 9318 1512 1307 4618 8352 4674 9523
7
8941 8074 7767 6004 1168 6325 7567
11
4880 2901 768 8439 7693 5739 1206 7121 6591 9845 4486
14
9044 9130 5237 7677 8900 5194 1311 4262 2575 2086 6772 2875 7986 3798
5
7084 9056 4478 7237 13815
7
9931 4788 7978 6561 8195 6264 5492
8
6460 7450 839 7229 8059 2269 5568 3412
7
2633 8146 6047 2863 5317 728 7990
11
5907 1681 4332 4480 2766 4382 3610 9408 5608 3752 15012
7
7605 5394 3015 4980 6168 2294 250
15
8583 607 9802 4029 7836 1478 5451 8061 4397 6958 1759 5984 4349 8770 12864
5
3024 8389 8363 2682 452
6
7920 5358 5749 282 9402 14795
8
831 3063 8844 7418 8167 4947 7962 9488
14
4034 8866 9172 1855 8273 1369 1174 8424 101 4200 7832 7613 9868 6404
3
290 9609 9387
12
829 8708 9470 615 8257 5441 4357 6777 6565 4161 8218 4130
15
7647 4107 7679 4415 6571 8315 1988 5924 5919 54 3359 1874 5306 2540 10262
6
5042 7988 3166 1746 3326 2804
6
8032 2093 8389 9410 1422 1390
14
1579 3443 8910 3359 8020 2416 2790 1174 235 2018 8573 9647 7409 6881
7
8987 900 6614 7718 1761 6141 13939
15
2105 9071 2715 7312 4174 6943 9638 2191 9097 90 2533 8612 9708 954 1287
3
3368 6430 1675
4
2121 5366 1984 7039
7
3443 1084 8396 7285 1453 9233 5194
9
5515 9362 4317 1519 783 4009 8628 782 2615
11
4949 8109 8854 9944 4674 1706 8363 2629 887 9526 4337
7
4161 3004 2756 3459 2229 1398 4473
4
2630 4644 1948 1024
7
6266 6561 1905 6565 893 889 7947
5
2571 4598 7813 3627 2899
12
2515 1992 751 1791 1769 1031 3480 403 5131 3004 8395 2802
10
7211 3024 202 640 7173 1327 2188 4519 926 5678
6
5949 9140 556 470 8002 10289
12
1703 2987 5042 995 1574 8683 4675 8548 902 5924 9581 14456
13
6545 6535 9345 4710 5716 9893 1273 1799 6856 310 7393 9114 8571
3
5373 1593 4804
11
5190 6324 5245 3778 1983 76 1255 358 20 8188 3031
10
597 741 831 6626 9662 4009 2104 5232 104 11354
13
8719 5839 7766 1252 9719 8353 6606 5094 6397 5843 4260 2602 13740
13
2589 5123 177 7267 8391 8663 1721 3840 250 8448 8367 2663 4761
9
59 5320 5338 3338 7031 6273 753 3038 610
9
7231 6399 5625 2258 2374 5909 4414 1011 2165
12
4284 8932 7070 2543 4811 2272 1015 407 9720 2175 7763 2998
12
4146 730 610 9359 678 2860 5543 2429 3116 4765 5319 6353
15
6409 6393 3197 9148 2936 5944 7803 4106 8160 3297 9848 9487 8087 2407 14982
7
8512 8435 716 3696 5982 5465 2692
12
8830 1417 4656 4727 6427 7527 8653 4733 4443 411 3242 4084
8
4947 6688 1718 7348 6222 8756 3983 9860
13
4411 4861 5075 55 6119 7717 783 8896 1295 1588 9744 19 6564
12
3397 3321 6164 2890 8316 6119 6457 8080 4088 288 9825 7122
13
6791 3107 212 2708 5580 7484 631 2163 7916 4034 6682 2454 7346
14
9532 8706 5160 7017 3725 1426 7572 580 2773 9354 3815 8833 7737 176
13
9834 5709 1657 4819 1890 5242 2154 8534 4989 9266 6081 479 16376
9
4372 239 2183 3387 677 8686 9245 7076 6840
3
2834 6062 7356
3
2936 3669 1325
11
7505 3118 2776 4866 9620 6805 1928 5395 7747 4070 13466
8
711 8392 8398 7383 2661 5088 9213 9326
7
2867 3805 8666 826 5394 2647 14411
