100
3000 3000
1638 2807 1641 2821
889 534 908 543
1924 1155 1942 1158
531 1754 540 1762
1213 1834 1223 1852
1644 2144 1648 2162
1217 1842 1229 1855
1212 1841 1226 1847
527 1750 542 1764
520 1747 523 1760
513 1756 522 1762
1937 1157 1944 1163
1215 1836 1222 1850
1632 2812 1634 2814
1932 1150 1934 1162
1633 2812 1647 2818
886 537 891 548
1208 1846 1220 1848
534 1742 549 1761
1217 1832 1229 1839
1211 1832 1216 1851
1925 1156 1937 1170
1211 1837 1212 1853
1206 1843 1213 1852
1646 2809 1654 2816
535 1755 540 1757
1651 2808 1668 2816
1928 1156 1930 1158
1210 1826 1221 1842
536 1754 546 1768
1930 1148 1948 1156
1938 1150 1951 1158
1931 1155 1935 1167
1228 1826 1232 1836
1207 1847 1226 1857
530 1754 536 1771
1226 1826 1243 1828
1225 1832 1240 1850
884 547 887 549
1947 1147 1953 1160
1224 1830 1230 1844
1930 1152 1935 1171
881 531 900 543
1637 2820 1655 2834
1928 1150 1942 1154
1932 1153 1935 1164
1643 2812 1660 2825
534 1736 547 1755
1928 1166 1944 1183
1932 1150 1938 1158
1216 1838 1224 1852
506 1757 515 1768
1932 1163 1950 1167
513 1746 516 1748
1949 1154 1963 1166
1217 1836 1224 1839
1926 1143 1931 1154
1933 1144 1942 1148
1926 1157 1937 1174
1929 1157 1939 1170
1648 2807 1652 2812
1643 2809 1648 2824
1940 1159 1955 1173
1922 1151 1936 1162
900 535 905 544
1216 1832 1231 1848
529 1758 533 1768
897 535 915 547
517 1759 532 1774
1210 1842 1222 1848
1213 1846 1232 1860
1959 1162 1975 1179
1202 1837 1204 1841
1649 2812 1650 2830
522 1740 537 1746
882 546 899 558
1917 1156 1928 1170
539 1756 547 1766
1633 2816 1649 2822
1209 1840 1213 1854
1640 2813 1647 2824
1941 1166 1947 1177
1923 1142 1927 1161
1947 1147 1953 1156
895 534 906 536
526 1758 534 1767
1635 2817 1639 2832
1226 1839 1236 1850
886 546 901 548
530 1751 532 1765
507 1752 520 1764
1636 2813 1648 2823
527 1763 542 1771
1223 1835 1229 1848
541 1767 542 1772
1926 1161 1929 1165
512 1751 518 1764
1643 2803 1649 2817
1647 2137 1666 2139
537 1769 543 1782
