100
10000 10000
5800 716 5801 726
7310 7364 7315 7373
9630 3959 9637 3971
9569 5597 9588 5615
3162 5595 3165 5596
7079 206 7088 223
9585 5614 9591 5624
5794 725 5810 726
5798 721 5807 723
5797 717 5801 726
5794 712 5797 713
5791 723 5800 736
5784 719 5799 724
7313 7369 7330 7382
5797 730 5811 744
5797 724 5799 732
9630 3953 9634 3962
5798 717 5809 722
5796 719 5810 729
7324 7368 7331 7375
9561 5607 9574 5625
5800 721 5809 728
5788 712 5806 718
5792 713 5805 729
7313 7356 7325 7372
7080 202 7099 212
5805 721 5811 725
3164 5588 3180 5604
7090 201 7094 211
5793 708 5809 709
5794 719 5797 723
9589 5615 9603 5619
9631 3954 9637 3962
5793 725 5804 744
5797 709 5798 715
5785 730 5800 739
5789 712 5804 717
5783 708 5800 719
9622 3958 9640 3969
9557 5612 9568 5628
3175 5588 3192 5591
9566 5619 9579 5623
9617 3962 9631 3970
7082 194 7095 196
9549 5604 9558 5608
5793 714 5811 717
7087 205 7104 221
5798 706 5817 720
9585 5613 9592 5631
5784 714 5788 732
9568 5620 9580 5633
7092 195 7093 199
9609 3958 9628 3972
5810 698 5812 702
3165 5603 3169 5621
5791 714 5809 718
5790 713 5804 722
5790 701 5804 712
7307 7365 7322 7376
5790 721 5793 739
5798 706 5805 722
5806 701 5818 715
5795 729 5813 740
9615 3955 9630 3963
7092 198 7100 200
7088 198 7089 205
5795 712 5799 727
7075 199 7094 200
7307 7367 7308 7382
5808 712 5822 720
5794 711 5795 721
5791 735 5807 740
5797 725 5800 727
5790 717 5804 728
5788 704 5793 722
9552 5607 9570 5618
5800 714 5804 728
9633 3969 9641 3982
5789 707 5799 725
5792 701 5806 705
5794 721 5809 731
9584 5615 9603 5625
7096 204 7107 222
5790 719 5807 723
5783 720 5788 737
5797 703 5811 716
5799 714 5818 720
5791 719 5802 737
5791 725 5793 744
7081 191 7086 202
9589 5608 9595 5627
9565 5608 9583 5623
9628 3953 9635 3960
9615 3956 9629 3962
5795 722 5809 724
5792 717 5793 727
5784 725 5800 744
3157 5588 3162 5605
5809 725 5811 740
5802 718 5811 728
