500
0 88
1 -68
1 56
1 -61
4 13
1 -27
2 78
4 74
6 -90
2 67
8 62
5 -3
6 85
2 -68
11 -44
8 74
6 -88
13 -51
4 56
19 90
6 25
14 54
14 -66
1 -53
20 69
25 -57
15 -69
26 -81
26 73
22 64
18 31
31 18
27 6
1 32
4 -94
25 -33
5 -3
23 -81
35 -69
7 65
25 66
23 51
5 -29
8 -4
10 86
9 80
34 -78
26 -100
16 -22
16 -61
19 83
28 15
50 73
50 -15
20 58
49 19
2 -38
30 93
39 41
39 24
14 6
1 43
52 92
42 -18
60 -42
58 -61
59 39
29 90
61 -43
62 64
42 81
14 60
33 -93
43 27
59 -70
41 49
33 96
51 -63
72 -49
26 -71
15 4
37 -23
43 -5
76 16
6 -44
29 19
70 31
24 -48
51 -44
55 -81
69 74
3 -27
32 53
43 32
20 -6
51 -73
28 -88
32 87
6 -37
87 35
24 87
14 -66
74 10
64 17
19 54
18 50
5 78
27 -10
63 73
47 90
39 13
31 -7
65 56
39 -30
31 48
6 1
81 -35
66 -57
18 54
13 -49
39 14
84 48
111 -75
105 18
70 81
95 94
20 39
35 66
7 -65
71 28
10 45
69 -68
119 69
112 -25
119 25
47 80
9 -36
111 38
59 -56
17 -4
96 62
92 -95
19 -33
38 11
23 52
119 -97
113 -44
52 97
55 -81
69 -40
114 53
37 78
86 37
2 74
126 59
82 97
95 -25
154 -61
75 46
119 -7
78 -56
146 -78
94 10
151 60
40 46
113 9
49 -96
110 32
9 -24
35 17
98 46
80 39
77 -47
89 -25
2 -40
104 -42
111 50
132 57
135 -13
78 -82
116 -34
76 36
60 -40
130 -76
72 90
140 56
76 34
54 -30
170 88
33 87
129 77
128 44
60 -29
90 77
52 -39
22 -7
1 -98
101 -30
114 62
96 55
149 -35
142 32
159 -5
182 -92
164 59
136 -98
205 -22
29 93
43 -67
145 -21
124 -1
157 -41
116 -46
36 -44
22 64
170 -78
157 -63
155 97
95 44
145 81
33 38
152 -62
86 -31
214 -4
174 85
209 4
83 -91
94 31
161 16
223 40
142 69
201 62
204 -40
46 -78
175 -82
134 -54
191 97
159 10
118 10
154 45
217 -20
132 27
100 -86
196 -62
123 52
29 100
3 -44
84 -65
190 -60
58 4
233 -81
200 -95
36 83
104 -33
192 33
212 49
162 32
139 43
218 -35
13 65
152 -91
40 54
252 -53
84 77
174 -80
24 -95
265 91
3 42
240 47
196 8
43 -73
189 76
75 23
114 -82
141 -67
129 -37
242 -56
187 -77
255 11
112 -63
105 18
13 5
71 92
115 99
69 -2
158 15
221 -40
164 3
89 92
162 94
115 -58
231 35
138 29
158 -36
74 15
138 41
195 78
3 28
1 -71
228 43
61 55
265 -26
33 75
248 -62
80 -15
208 45
299 76
283 -100
19 32
93 -94
74 59
215 -60
176 -32
288 -22
37 18
21 67
101 72
156 -42
109 52
183 60
84 -20
305 8
140 -72
221 -27
7 -27
97 18
238 2
87 -25
268 43
236 70
146 -45
209 -81
233 -88
319 -50
56 -77
213 62
8 75
218 50
140 80
87 69
20 99
87 65
26 34
16 92
194 4
329 -59
319 75
258 81
333 7
217 -20
63 93
49 -17
49 88
159 53
120 63
338 29
291 -10
125 -50
333 24
313 -96
247 71
177 78
27 62
59 -93
72 43
336 48
230 -10
247 37
115 -57
325 -89
121 8
311 -70
248 -64
241 63
153 29
186 -72
327 -47
117 -39
278 -45
112 -65
363 45
89 -91
273 -44
255 -81
306 7
47 75
313 -73
272 -52
263 39
73 -66
205 69
53 -4
230 88
185 -59
216 98
244 -5
282 -3
79 12
325 -42
178 -27
338 -47
226 -45
129 77
302 10
15 87
356 -39
274 -85
122 -3
55 -33
53 -84
379 86
394 -20
237 91
296 -30
101 65
71 83
22 -9
219 38
325 -94
388 -39
149 -42
241 -53
64 -50
175 -41
23 37
28 47
144 62
332 88
252 71
63 -42
244 -25
128 -85
67 -37
103 56
77 -60
283 -37
109 44
308 51
426 27
336 38
426 -8
180 -21
226 -47
7 6
270 -90
272 43
234 -96
401 -96
349 -87
180 -38
247 99
97 47
247 -50
164 -100
326 17
436 -90
68 -20
387 -11
92 12
158 75
384 78
74 65
383 55
303 -79
24 -30
180 21
417 40
446 65
130 69
384 20
270 -51
191 77
409 -92
92 5
121 43
258 98
38 -15
33 -11
456 -84
54 -9
199 97
34 41
3 1
222 -60
204 80
258 -74
139 33
201 1
436 -87
164 -13
137 -13
418 67
256 -68
245 27
182 -60
255 52
400 -34
294 -70
250 62
81 60
