500
100
130 371 345
178 496
359 378
106 290
24 126
1 127
157 418
237 404
60 454
387 491
471 492
316 494
126 312
286 387
173 492
187 271
122 454
77 256
2 152
168 419
308 326
178 286
185 257
210 494
456 462
430 464
7 461
303 462
305 458
429 470
2 157
172 466
173 235
29 426
146 175
18 284
156 355
259 490
241 496
355 490
246 381
52 183
288 339
129 461
37 207
315 451
109 491
2 370
29 324
423 424
73 364
320 427
204 480
63 213
264 399
347 408
137 283
347 379
410 429
35 182
76 176
7 269
11 177
89 290
83 418
39 443
190 375
145 456
45 469
365 366
40 475
289 405
349 396
206 415
238 336
109 331
113 347
409 424
337 366
324 328
366 495
267 492
359 466
344 369
240 479
210 252
18 120
149 380
219 432
415 436
53 104
208 393
310 348
1 125
227 249
57 95
213 293
141 178
21 467
377 482
220 232

