500000000
5000
100574475 408382950 290443470
19730227 119321469
173508714 430273259
388603422 464584633
81601560 105465748
220391878 318694231
26548494 448742182
77209407 407355513
334488514 408728809
79040971 108078178
32745697 37855224
158596805 238197432
47056128 243891497
2583611 125037334
108190397 320297779
58266953 320968824
40019318 149984514
300180282 378357816
98057331 293629502
291998513 307043702
90783051 298133479
6180014 28243771
22650836 274878779
126655817 338420606
233828215 372295308
118531651 397678805
34775897 39816658
20474340 421655517
177634492 381861709
186250167 319222193
144525368 303964596
229559413 455071130
122960480 311144507
228396439 314786738
167046057 212413301
177205193 348166621
22481312 479251112
383511518 396250884
5645485 395280633
141345322 176464328
316605854 459925645
67590881 137507049
295729158 401755813
24971892 439285579
99891919 425604174
225583904 463260613
194829411 345036594
271958949 428203773
113704725 254149903
4284764 484551978
125186896 420513102
212115357 317133888
102100993 429179224
383715313 450745715
279245338 482168429
226837669 370691427
53516716 167100492
253647070 371541464
416171240 449053867
294767621 495602344
120328474 185507136
365903697 465441026
246702243 354700913
181444890 184544341
5032399 39525200
146860323 476052945
129082250 156264665
28270010 399368333
114067260 160559824
109585515 147389353
126822821 350004177
140692225 327299180
249959746 343329886
97696689 100070881
50992199 497208701
192915500 336741101
208785160 351645966
106155040 450911242
71978378 205003272
73632919 85393037
42042132 347878971
408263509 447271124
1795338 220171992
44721697 197379997
126379018 345470576
305189204 338153276
161846724 435301249
145320764 263077508
99491359 403188167
101001452 419011523
269060175 392460856
160927273 296375047
48954152 224881253
282820765 483551084
213839697 439850005
85383053 178248528
274291529 309755913
17053896 395798820
142580948 179847640
235398285 401897143
61691295 204985159
207949363 423442104
189392195 209404960
348636716 386994525
58271806 299762036
102120833 358882445
118445568 457941403
9638768 435949453
439724446 450892067
249528621 271467458
82471156 230732440
299873325 405550800
397740264 473267673
92026942 176208284
110420248 124247825
129051564 239856259
156212690 335171589
343459269 465472506
185875981 205024762
158781631 356160750
1595714 364729218
47650874 342129350
221891952 250215373
89892088 224178775
281186548 452527894
73747143 475299094
17272455 257615236
54147634 124822610
71954562 350888502
238008811 431265926
121967822 151357651
24525289 398655822
166215176 331984637
415384941 438319508
105782723 218889239
19734696 59717852
340357539 389136636
233764157 349910725
345791922 347788069
17450971 258016583
104845057 497253630
34520070 316265170
93092549 496050861
169256194 215907545
162765085 219579870
64422490 237514015
70616299 232565937
70542176 468641321
189981966 471254983
58735887 148556288
278671191 465619511
150841297 377974039
7000027 238324622
260884794 472475405
205532326 335900210
273950552 337708679
378091523 455590703
237224303 485816086
206077470 456586055
27240464 407271385
75774818 274487111
91844730 360048995
180564275 218852883
128224129 248102693
135603317 306612587
178970728 193886920
216018306 261137128
274123841 355332761
384735682 396702935
394483109 418108600
90580890 119408893
77745433 392481872
64614100 152903636
131288444 462896290
435319557 498135237
207877429 320468027
464996453 494716488
12793245 76368335
5143437 270203644
182326714 456290227
277565331 491701242
73391336 235638751
52270905 103260335
188944884 442223778
14835647 278863941
11666409 375660147
168432971 169961263
406790263 437675109
429883136 459895096
100292712 416878736
256585253 493943829
69838648 335073309
109546687 409073791
35413168 487790459
120543247 217535346
157766432 276800105
368631383 418279340
247357408 400342911
106977410 427024148
296157035 326507629
42651276 62828911
141259520 344806660
255026833 326887296
280655896 446608686
68976086 230972063
84547789 203663867
245983580 349406943
484480549 495803503
28499278 482290580
149254439 432229704
229570509 230409019
63337057 367918961
105554187 419400634
132726083 212435406
279810223 286651852
168461919 278062681
66866050 361091710
112419258 226968378
139767579 171657435
148307070 325293633
64392735 70247424
275467314 432627383
128240437 237888072
48613373 340892899
508668 258706330
362648672 446579815
130830883 418620894
396064591 471505747
36676706 126535971
222988389 280427511
27451540 77231326
68070623 293271296
398463554 419164818
201422311 295443748
179956754 364547780
172323374 445223239
182929883 223461942
233488260 392429848
31839603 253104900
21363279 473098209
267188257 375710991
262398812 326846526
124881164 428153316
132006635 468544021
57931590 270808668
142202415 146626680
95637842 312876857
339491248 427904769
371159275 479576834
14073351 256591401
200609710 372835801
207835984 486881900
280709029 437890550
57395451 380771455
212173890 476969651
247604172 463898526
37790767 461588388
387408911 399629030
234581804 264072739
39420246 246267542
171505972 463221359
369355302 375823738
251486155 309855380
326784810 345092901
147423125 255041339
344429391 447197868
128722185 216361774
208996897 445894038
99939010 175866258
54889752 464711079
80783219 407723706
35061211 419571393
29119240 148899957
172937513 298783035
129842988 194224070
72887723 137978902
323728009 439855680
27645891 298639233
270595141 414313407
76317689 478472853
431574725 497222747
248698023 408698692
334550184 358849615
413305863 472053978
141186950 221289235
166909185 243712015
186806057 264298802
70618798 324306700
223604588 451607137
205160285 412735885
365716904 490987941
345341332 393107798
240055091 379357021
45711866 162835266
51113717 193456240
72850353 180925240
345390283 492515203
339800398 394676284
152778110 278814079
217089114 284864449
228411610 447687343
69386645 355461081
28809493 251152799
161605352 345150207
243270065 338635089
122401474 348259235
55034269 430403082
191960674 444125646
301494990 426383031
293890788 309879755
108871825 289836849
212778357 492931379
301336752 476808603
150186854 294424419
18373710 207520127
340066109 465514567
135089371 375766742
137718452 384738518
416112236 425726405
142347749 433708584
8944875 363927571
120069955 480515089
287625607 452134491
74751464 75137428
363770976 488805410
140895709 217905957
117346680 383095558
141979309 161697924
21906878 474558267
122491625 415620749
105821213 461131834
606548 420387038
246006647 431218048
216550801 290105219
357531146 401441037
123225146 147047937
31573073 276414132
76965417 89714243
58915461 189692455
320192906 456362161
145202198 349358841
261459041 446400267
3634995 456053169
119925201 488841538
201657230 239922966
130067853 359094505
44848255 497847783
315128828 472140466
224588909 359218886
228730356 367716147
194278782 367090816
43778020 129943063
58478239 438838416
49038629 477236312
203788175 479074865
137757449 403573403
153093546 357230564
166674428 336161635
83697432 490298259
312572872 376000528
27216131 154094479
87634341 103017265
46556892 66305311
76881666 85207348
203354786 459460330
49687134 80073939
186776277 189906671
47277082 177415339
79880323 239342929
357891150 498381315
174820324 397480175
63794828 285624082
31027188 333294037
271532609 328534023
201016536 394997607
172407577 217644106
80279788 390912350
390997286 471168449
102903166 356495795
171601465 352317418
251660417 272277725
349064877 459488133
379340347 441305714
223680495 329849073
59846840 349232712
387333437 392950833
218084803 371946694
224938472 447082822
222069590 451566077
170916579 239056305
150900745 204382119
256819284 356337413
33290328 481970796
50596227 453840243
12922109 316516404
296019922 457974962
134800516 152222559
69808488 331990703
183701846 407005632
274258943 316028107
150589568 184864756
409161077 445464674
18427199 217450502
265204845 497658757
64876729 181334930
64930178 107929869
258938464 362050123
54954582 183430083
210580385 386632507
51393788 252796778
206392174 303391724
106032906 496707758
248492490 375396076
6412665 251698976
394936179 445382251
102668938 255300219
75599011 432768285
61067292 461611017
29547731 301958033
316606750 408949743
191581180 437551917
79224506 233052213
241052401 286779296
176709792 367474141
221324609 248472411
26104436 345183425
367537191 386370996
105976498 285149421
12691916 75898233
207640759 313991993
71983566 357089050
150596087 233893238
6236434 65638789
36108574 184254524
17160667 336011577
346924103 373474455
211415159 397031079
73601326 131624204
365903637 417447409
202552803 214864485
43133703 397889458
321279784 396980411
142851773 257244109
133066227 489987879
34207113 208889532
68171547 272072140
115434124 465053671
36708959 327874936
32634536 116316239
150450657 251408993
338047655 387462681
158663308 218690764
20961266 158145898
13059785 274525903
77833865 356259220
309831368 407318661
71997485 236205867
399548531 463604264
97321756 483189477
34175319 161136519
127511525 452738342
122277206 436252377
420787674 489226604
222516414 228479135
407421500 464597914
69278974 191234179
24088580 197761339
37514029 200398405
61922814 326334503
189777890 341932462
18417249 403367749
111652437 458262461
102280632 407169915
292858078 304174261
334675343 457502256
38551571 60691636
52673574 284449594
271910970 285516525
170036677 433468321
198354412 301626360
103729203 296469320
281265408 382586346
20384888 467251908
122555629 433911322
42759302 281996852
190765434 403026158
17549915 368789320
277434252 354607338
5700232 98886337
21902423 218791595
206631704 418768463
141519003 432135039
41800559 485571884
260027478 428008352
53299849 140103181
366723190 415667311
334533627 411305549
87387710 162699983
112194210 126911908
190179695 302647892
237022225 276693660
140182664 498247476
391500788 454264862
281519558 350919931
277250084 408142864
144671784 331839436
308613348 324994012
91316972 302717103
89903717 200646888
8011921 372432589
221166928 360817697
197745944 258168528
64930388 247851864
44585933 235676440
171429682 224501384
59947393 384713971
20163196 232498234
274547367 356114308
141876743 356737364
52632320 319997969
229590077 256850226
56418291 464730580
49840567 151557611
127121806 455398931
142712325 360413636
50585943 361407140
44894016 411194294
333109739 442059533
420653341 444397653
185499804 237111786
21841052 299845417
92128741 321850271
23141969 391301593
55623613 211233738
327820206 478979066
191195760 211931531
330299542 357030649
421032993 469433640
327567921 353080497
334969883 487847628
17862349 36026659
472328453 488236979
22367092 58695599
110121861 243869549
287758620 376429196
381266666 386026801
295780533 345171517
245680329 447856491
260081823 419170257
265195034 427939887
243676264 315162947
123859329 466931877
137979869 302934541
49274416 85340356
73678590 349405259
220025751 293250054
8678402 326504705
13744377 326188173
7845231 109430237
359024926 486500852
115080093 429127344
318854280 459807633
75683526 83879137
272812054 465774538
238317084 252834406
370963758 441029813
125971804 228935566
105348442 302209762
20937704 316714147
65953341 490217122
181568826 331896525
121897629 382967560
176683815 487403108
249887292 345403797
215278889 403539209
138051585 236782435
398519869 484886233
412910806 480260984
181763692 455370742
41142876 303458209
409001515 479175815
270757514 300160868
230052991 286606288
329049668 427439727
233195308 253528639
40468966 242519403
316123459 448784360
305989686 499289672
364960356 466828942
45896856 259086806
1777894 10244268
81897157 240281959
25915761 122254618
181084868 249268725
78960159 236418912
13372026 195803677
261172373 262228938
231986578 447785689
398928495 464397511
171908034 283947128
70057737 433136540
61395806 172616251
6590902 252096560
206149942 309142564
171573410 263770507
236048537 246741918
154941813 483774947
413996011 488822169
295777232 482728251
29097551 400912465
100766691 451184088
17176393 320653211
199394557 293666322
119612277 303852040
68926027 289017337
331193272 369347934
228967315 323101173
36857296 343449573
265714818 378910231
247554022 333107668
126401716 407735343
281903469 362541489
6781767 364281275
295498770 300386046
103671105 494913561
117901927 414472282
217445787 222640640
18887416 99563862
89756436 234954836
221085935 337137267
34492187 148326232
123731543 330956154
255655196 425668626
93546845 247563990
85753280 191232295
5771200 159893293
140302588 347547529
25923004 48438878
117266319 195888074
152161063 429934210
130094679 469460788
285128775 486501851
40013716 292160522
175378451 249660499
391090475 479770113
70444595 257312460
180135845 403649877
359884298 386102190
51076987 219740647
398142498 430692427
887969 302775922
382067879 401582085
147481646 484548010
108598907 277400767
38988986 313089738
98845968 457637454
174063054 414967720
49358925 56761470
217456035 447412113
37167183 226565745
89915000 341148700
275944566 385608463
3424483 201523679
144673180 220147367
194549626 383025984
156904915 215931927
115283725 207377418
284277514 322659501
62360074 116087420
94595294 404674428
288887482 367977743
52140849 257373487
85074137 361531934
10613874 292377521
72967547 292484178
123296002 381008196
214160055 359880543
164777727 177564754
209950 442539708
43697477 342736731
38726844 96653547
98613438 257274597
22748315 206776036
116569127 390888355
413940669 436825584
16236097 313281589
223047823 371300429
303472374 399298980
15545979 274067960
257465578 340569622
104071083 321068539
27415080 187576142
41653023 261478178
208675591 386798709
41763194 459169270
230805923 337745241
232324034 281645003
266552667 426872057
109188471 448820749
177594704 309863406
229657890 341051639
419020817 458324571
323208410 484130167
243593101 373283394
113674619 210029173
279112204 452068430
484308628 496529484
293497809 398285294
131913958 325023144
3593355 86570513
148102045 150599036
41947021 280260892
35989632 138526669
219733605 441316371
20812859 497127150
386658647 444226647
157484769 407025157
62494811 262692248
8788168 149133382
86331837 284490513
198559954 386804173
467604 313257492
262744675 293680896
196480840 371262136
146881915 218930275
234308831 359457773
112629351 252559661
81043832 150578053
166988441 431685547
124124280 294254685
222816611 279158042
15560456 18268105
173945596 210391016
88884273 407513895
153229822 159627502
383309642 433771805
137217129 169814067
292364800 456061963
96292087 272629623
161169547 432712266
71451116 135653138
393081597 398310316
137381922 240879325
367215096 393004427
152380363 481185184
304903804 394873638
349226163 399010404
112272496 341184961
129249917 223530616
285671794 477216052
14846892 394594703
8149742 223213139
33459324 187876919
384536014 417185582
111864228 250107625
21592682 124686189
279695353 479471618
36443526 55172731
413494668 496463288
293572543 446860460
253008571 432673783
35443516 485756688
322530021 389153386
434168915 498847083
264197611 355920684
180302142 396228179
21659960 182877962
44919517 56768372
47017526 373406908
57243296 168640593
158066988 230428735
247708153 408488164
42555388 300862306
60036442 209314437
302897196 358517323
13265936 119057462
260135245 449859153
223252570 267480322
15431293 388202412
15061754 33274320
122093956 176392858
286243232 403105691
250890073 398683042
137124035 143266689
101162768 103637961
4717712 335822529
93238449 229855207
52813337 453976474
9186223 15632422
119026447 170632718
161410143 455672385
297044147 350545992
209550612 420488010
13078981 227499444
244406002 252044433
83653123 320026630
155842048 248325382
181878973 420149048
147397121 438038451
53076892 163897576
106254564 231460187
30806133 117572217
214345772 328937701
190290746 351254252
307381 102786173
464207838 478925515
368848116 467071124
276105679 455338270
406874654 460894141
330335614 393297176
276475032 411586215
229974242 435723182
164060562 498362802
141157716 324257176
197524022 493027775
144009928 323449436
191924784 452489148
45577070 432323495
17990842 192752311
351034998 449781346
28305484 66300256
63901281 449074190
386698209 427933042
174304342 380052716
298338697 421221545
113187511 442001187
365239702 470601110
362691971 435854416
286556553 342227733
152090161 402168080
62390613 432052623
191377633 456416757
298599088 360195645
160744280 177996986
150042204 191385872
150071719 171280154
62066671 126132225
149298933 350657220
142994063 148006764
116312228 493152847
242175237 348441191
174801386 215242477
306667431 451023396
221180666 468125186
263967358 471267050
176226372 472426893
57335308 82943763
129657410 242221737
251061582 422038929
2519570 181491560
72168542 315835045
16083542 130077748
165034995 443069392
265225101 304160850
81225241 346742498
89888585 107644167
280282042 494472587
42848319 225164426
287043048 359116915
29099416 403852106
105455871 300809720
140189301 371307144
338111680 421225995
284499444 480964677
119098150 275512532
297264701 440100724
138782512 419062858
65811302 407211738
40404950 306609718
97485051 441665751
22159612 102410369
62395470 434632619
432615594 496411554
4846543 332761536
245082963 263935569
159773032 328530073
36029081 90929466
317448923 371654786
51196785 429706014
112685439 142136326
224153971 344063608
54223026 338623276
399256877 476224747
353460416 470666112
100727966 150037420
9037549 317612021
81510393 328536380
76027728 313936863
19481450 482327786
230702763 243453079
245649093 497220087
189226701 355028692
117401212 362397584
283957145 298299908
348981420 497925213
293371902 425292082
218989025 275834945
251876714 287021990
230539406 290002320
90886255 144187926
324168072 437905414
318732171 388262927
128189163 280822337
32133427 157163768
18509760 352998727
221923768 362528435
187432757 420671294
46994726 96316418
346401375 436141924
49087354 120484120
84547125 137829475
15615805 282320013
163317028 220574235
10118563 461144686
349892760 405417187
75183226 366044018
220253727 325255863
220479586 295371066
45355196 284896468
56723623 145317509
3362412 481206315
172706011 391155228
171292367 311782761
87681635 291968500
252803265 485441871
140914825 397315343
343149120 451148808
198072625 452936688
61245558 67164485
13158452 80768896
265099142 414310599
130009774 194052230
185455803 232638823
33743865 84664803
419781017 436004014
157190373 316248482
186414801 460232872
171218978 413000090
304891770 354257672
88766865 349505401
47866228 310159855
127211730 372967961
116809794 197988372
134609836 492331026
8808844 138307173
193340425 353147044
15337560 86817536
297410456 372797331
152152353 430323906
1623548 293582167
108870212 436864709
86304918 379026282
239271241 289918287
245242895 347443605
314954900 492150182
318045896 373975470
213017964 436174294
210968105 224826022
249682207 314758672
371368802 378980610
82684148 159801555
146984695 461656588
310268248 483960999
107788358 181856859
42486430 385177912
258817133 387747589
56841969 447912706
115798673 417251735
46227756 96920343
94036206 286786871
18539385 282321535
169301771 423051039
8785582 79549138
148186791 461704210
60599144 192694693
23490993 194375238
87563042 374830816
81668390 456879312
36095359 275147944
162241838 345394472
127651289 207748996
118985421 493734620
107803867 201093996
86334820 102116496
42662445 79910918
427057839 454929411
132010845 173458159
99587531 108922509
168884058 466476078
456577733 461246153
265220419 471740935
36162514 449873827
323019029 405761307
167761232 272985423
236427683 419448827
167196784 210053837
278624503 492643037
8390692 83290920
345629986 392661070
83749712 238150549
338065294 382995487
112194988 306151289
100775389 276953208
13391729 117900155
93001293 399008447
41040799 385682591
225274653 404426681
132612095 242172242
370492423 479349015
170521417 386436593
161717161 279621620
73690121 333708131
458283067 473685911
107533343 353597905
317719518 381618140
285223735 461231272
41863649 249834702
102674396 261921460
433166535 468527554
283134811 383187491
18331929 253354079
50239298 275661287
9686388 127043526
146990154 469223636
284966291 383044061
51630850 76900959
124708441 457202546
448799529 474559369
2979021 143889354
79850545 465397636
202284216 439590810
175891332 410301342
272794357 395768365
325953976 387973074
167523277 313083585
244830879 385970096
187184599 486261325
145673934 494584800
68717167 240085305
140161798 224190208
19587157 185420670
28835768 131305254
349284608 464630253
433950994 447701414
261075597 484810574
118866109 248647856
8797760 61424358
347404172 393484902
250716700 316426503
314492242 474097666
164694592 378340255
46603756 50114154
10200210 302319586
62770366 233709027
43639550 401741677
339262121 448495605
315959382 330789542
9752639 334530727
70379661 252156586
49941156 369776742
142857959 199662235
59180084 294227508
82486522 484692981
5796055 271778087
67849046 402610495
413799371 466206491
36050112 445617876
367539248 378675656
35636805 307816312
148031260 359961093
43230872 424130537
31567388 348816805
135762628 368434330
58921945 456398847
408640908 425095444
175121423 476899509
358057868 497497583
257890175 273016655
128904439 459248061
29171588 67106804
162236085 423084320
10806387 72619314
59331867 215390370
91106860 111859115
312026647 378580757
195147343 338250419
146186916 245672495
126837602 197397042
194620640 386920352
118143802 275260203
90688439 156197109
146452300 496640789
24292786 71929700
165085010 415573604
84880732 176582958
51925697 451755609
22133929 480657881
314308137 485351438
149126118 439133048
236304418 352861604
184659193 271134237
294404297 298315066
169815852 400113808
304698261 454124178
248097169 342962042
129509768 176861003
33653076 114623364
20331308 80585594
202940118 229748809
276589862 364425561
370403550 429540818
202615375 357620693
375971693 445103772
465844706 495907465
88392882 150247066
59140251 410989075
202442437 499579089
332733348 401372429
346190132 357657530
14797310 227870399
138832291 189518613
60112921 90114732
408956608 497267363
391140535 445473095
274004907 496749776
319386064 360960591
49024245 77063650
221921683 490913263
391230634 406081461
142982568 325558750
53548634 438761354
7404994 394578007
116423520 357647003
444625071 462360416
245881901 280872933
23413136 210585830
107441857 197263967
273640876 466629016
97398801 237994733
304589391 393094404
162062063 391693184
33655202 427197973
17124121 118487933
151465542 201368511
2645010 121091330
934831 161934910
108933664 339156751
202098083 283449142
29076906 277576544
19449533 166222430
158219339 478273670
19597905 494045239
172548419 456582609
249303872 494186567
251732694 410413386
76873170 405483132
81162663 461331429
8397785 60211568
107029619 335338721
314046903 363661440
52760886 299410247
318354870 383742163
142877332 289599888
360428496 375600149
255685925 325978436
244454522 380308957
46463951 362429697
42263945 296706545
201967391 488381901
479715336 497977274
2384583 256229494
182733879 230045858
240778837 270726822
24669878 237681434
149363434 387492071
67556005 207628874
154078066 269204108
141414429 408329544
81836502 214086590
43843304 176155618
21678906 179541028
178421683 284750177
252177780 381437893
80213245 349539572
107883216 135694987
106756555 133703472
66590880 398851211
259062179 353121762
124613434 159621436
180138391 397524016
374326461 471811943
276179083 476033274
124669310 465719849
74709399 272926928
163584502 410710782
161842191 344816810
9867628 433999310
270246943 332996472
345034025 360749385
258872692 317340062
122346070 472928504
352676077 361366031
27314864 303897005
78047646 300505154
315512995 379603490
130352351 330674820
225992379 424545373
104139357 158590256
216303471 316017006
179772780 244934551
85786550 451848943
241230040 403418385
150941816 470649221
272716382 465058439
245949477 395234977
23041786 276704184
234184922 337468569
250279745 492992338
181463903 330380411
34705719 188320386
314725875 498483901
144091111 305567527
132536446 281587794
260005454 347850887
228773683 282718481
67464220 139105784
371377030 400046641
64430425 353780169
230682782 447993670
39827154 355939888
5246978 477714642
254544444 489902718
85800828 164454017
162358734 394984838
102277275 138483729
111843823 383485556
110304195 368870802
405801591 444424487
232770087 235965244
691030 263077022
472182290 489870890
204037439 373392138
172920294 184553491
328192002 372068196
15208703 434487679
366164157 466349626
14356777 249908592
56549853 154690529
375143656 452436273
167558313 411331761
132013042 330819030
142192931 298880142
101282580 117567806
75990818 183770248
221361410 372833373
111512534 327581676
239745123 357941691
356256690 390301835
112829702 429788874
226806490 319713991
34415491 274004246
30959900 377670828
36549006 157168876
345395262 424623504
91388824 407043238
38459478 275858937
245114309 292823772
138746149 326745370
263574026 427554920
297909188 497918409
197530994 321615023
57817341 345669819
249242241 332632699
99980708 182340993
244866432 439380074
381662849 470339596
207760148 246210110
53857296 147589253
93921574 421345526
11353417 359258363
151042183 222641475
121775741 383881031
35308991 477814930
301094368 340283286
196146285 330524533
168570240 220340428
45593204 137183629
219322893 319502123
79211372 346792502
132967094 425412060
315836995 427534394
8956124 270092197
244158404 289129609
1416738 24855346
78352764 454834739
252757171 474117650
172307868 203456618
158918979 423342550
472828449 493544885
308155850 422414170
290439160 485453170
197060298 278849732
326627596 447620232
447795394 452497674
30732605 455549770
115819459 367082397
128834992 333660370
80595333 337600579
8559165 327345312
116189802 237923826
61801316 137806551
258086155 266293683
115094513 373711500
159195368 483017440
104312839 491954215
251169410 477635843
69488669 310632600
74647692 434276534
164508478 260619804
321546621 424955633
182719091 439524071
292490848 490717211
195367609 318941177
104947407 261637091
125642216 362217309
365731784 406058480
8045605 19393051
108205396 220202733
383354 370369204
320489149 376684994
116683108 197817020
10927496 374368132
12367910 437161460
51978327 157128448
150743249 182804597
224696960 248837787
347080886 416821801
38027899 322063442
393584550 406594088
292447385 296627476
385655177 420658084
28652773 491928388
41958878 127127903
319193641 465513084
148815265 269227781
207713977 487622144
97686707 246461535
77181119 324453966
2778642 280566737
365142295 465869285
293534456 422006875
105309681 377979916
222849748 354320142
109034030 229015004
152963823 377552475
5966238 69183144
172329946 306532405
95199279 332013216
392998988 438251319
185544791 301309027
762841 166765705
411017447 480248953
69707797 407059859
148753558 434396824
161593185 168329421
310130364 470189360
36278394 311743333
441987603 449534661
78509142 250848902
371132740 385250152
311763626 403469064
202648985 497517090
11821598 321350858
30149496 257139285
229910187 429508737
102069407 104011184
432149129 449108220
131256563 487641291
23318199 91664173
153894854 490974661
212261832 276256728
308528117 473537451
175482890 290476939
259157839 303929804
255278072 256692060
94413762 228893796
267300011 290079929
409637398 428751885
17733325 195647893
424183612 428761542
252648523 375823802
86738888 96997113
24307914 346410716
13254122 118956552
426098103 472486196
208372389 371121648
285742671 294789412
114820386 483799160
176820077 411594396
179306198 364493686
298114406 480253177
278777122 398216028
74717395 376601994
224885614 225373921
42899926 392902491
161589171 491329818
178823360 256641084
115029344 364596854
448946294 480114283
83560441 111384611
10266110 293915913
134121121 358711713
83498377 94572696
192609642 465823340
20605019 447839323
149741286 443587140
227025110 353862150
58463839 264163731
14143263 342939525
209740493 466983841
141961342 193316427
199391192 425106211
204220432 355053712
282678196 332767668
49547235 425535060
17724341 223978232
85910863 453174552
48573874 433953325
227136686 496971927
38713740 280801608
314116178 462135046
96274633 164141639
21930654 446747242
199599043 389314722
177822440 258785257
12023995 305474216
62218490 90292982
314946782 464972825
49997147 347933725
113692795 487484197
38349601 146998860
329954716 480175183
276824571 306144627
245647100 399931595
310175060 470275985
271104953 395990857
281521675 346222258
122105992 210507594
368484677 431426424
44844711 364285422
428318155 485234604
286926135 330323491
142415393 198521244
5612354 194566503
321042769 498620331
8073361 361876593
87005446 297487921
98326784 152220111
180900763 423738668
2812040 325705218
170939531 482466387
84411219 441881739
303926404 398795726
6534513 37618359
327258825 473251125
293631372 383400391
70724473 92128556
393275181 424861666
306526603 313640722
6933587 375076614
76278827 396114862
63424225 309320547
143231998 246867045
249500323 253504615
91296748 415770919
24438693 348884340
73966342 396377623
226078716 391013523
48194883 429921861
363997143 485763129
180641960 485610151
129330746 154545475
28175691 81446652
115487509 331524711
275014 133628607
423004996 467923865
297544403 375794158
369223879 390173180
68738237 342975219
161973700 413927075
8300674 24240729
26202972 162622147
109249471 416215746
277590076 478275821
99849580 412428103
13250512 99896655
250680290 462695199
280109818 456331362
35221685 276240362
260808102 465314040
275037254 399042417
184426820 447987809
330226725 449928948
98218189 183589714
24166774 246878175
49898912 479886645
18625257 426344795
174317264 284496641
160348366 384492973
92802629 453604868
60019527 97759995
150205516 263434831
121455942 286092927
258739877 440071600
208413306 457693856
268413149 403626794
152541544 156570688
199352076 251066651
169435696 249236494
65712576 205118388
14014585 476066058
45355682 330533418
471947651 476288308
250673072 463448859
370381568 407810201
79862185 117416437
219823349 413193107
52960069 469971607
47218608 429926172
114845236 233901603
69362592 74946398
332062258 480131475
26604141 116676864
72092870 280830748
332216460 438931462
321747017 497993482
70611001 71940743
217599687 498917100
81592716 335638644
106788627 158971253
41924878 169397891
266083587 280666465
39159469 259733726
340397681 358562882
304516717 359973356
162286168 495688150
398211235 480649957
90465707 373498637
94858450 187265769
133808770 136967117
45230065 316591691
201977764 369681169
70363963 453974392
218954438 276453645
25063937 447554759
193095272 228901349
76428401 434652854
23518035 120437319
19186863 236773472
75785655 203231743
41159372 491929421
372862168 444652973
270058438 438441963
365024774 411564882
176115713 470948408
151016626 463019704
13321836 194580814
218597161 278203531
99814481 203990228
321888249 333711163
184075530 455027419
204115487 428577939
194160734 341693252
299302880 324647764
288674875 495677237
103668133 489496496
118134318 468984169
34809135 376014980
275976235 428541200
408877557 497324004
196440623 300618952
203912790 276374859
21510145 197023434
305308763 319493249
77078497 406859444
420803474 461493745
347056196 465270453
301107656 451941192
319082220 489644395
132668644 478302710
128460270 141484845
346863856 472921330
46973377 391488077
335472063 432370966
21051037 173200169
348740559 495801848
126574199 322193311
152505778 480335853
288562155 499324056
343511944 487343461
16568017 125870845
185095153 206847570
7390933 295824460
19852328 310448447
166235349 174973661
52623987 331460236
14625197 248569054
416986424 434704499
203700631 481878943
214338886 346089805
133213992 362988550
175822680 292937172
38687721 385373121
39651327 432563368
53551556 111361575
218452092 269297423
70857382 308592096
278463190 366662071
118923484 247190575
298046646 445846845
392454090 459296723
109574902 110273780
181027121 223266878
221396671 374932869
19541171 103766057
74199587 324728912
258077375 489625395
434443361 454288439
113909998 387125252
273734257 494667127
237092115 273125781
159985599 458015092
80126886 230109431
185695116 378657701
71922791 375472563
183565961 262311704
109444074 118959897
356377383 462351905
142451430 164664263
176863309 358361467
40738119 341600464
154653788 165993041
302777139 493013619
18844449 219267207
125054983 144573029
86753944 142157129
12573478 436836597
14367108 79724041
210806579 407385774
84895414 354504369
128965789 426020141
134514690 432087883
86936514 290151503
401525297 475363101
225821598 236719597
216344707 440854472
130530126 349668700
50607257 420376279
45180572 351228351
166255047 279464458
394966253 463089408
367183284 438093283
97155244 355049835
267225457 457615531
125985925 281791979
105798436 201710910
230724416 490999427
75531319 143970776
51117363 111235278
337596163 459345097
61234934 138080525
42009828 108762059
225845266 258533476
117233733 173855584
75827017 208011603
294393287 487078210
40548301 416249757
39730387 234527650
39289167 181864438
173328286 252940077
55896094 80596648
164277043 439300794
71982686 472627870
115735913 146742151
21087333 394274345
416201385 454785607
264100901 309931811
307021806 316841421
227665679 405106292
113432590 334499263
374119268 374168619
56328907 333690639
2387886 360183529
206052383 257844690
337667411 496351133
297859618 336516667
182522775 382816730
18023744 402078567
235248430 319570649
419754259 434169735
101898980 349146924
258372077 331895168
2946498 445737652
177584314 423719560
368014029 397733754
1523918 288532039
39845015 223482722
143961876 423142556
130577155 405779942
4904916 296840640
93454321 331357015
173822747 202969809
70224752 356636388
409718251 410998960
244459435 325398672
138676143 337364189
182800198 378975338
324499285 427997022
6403424 23173635
296501294 429313546
282607190 384906197
127194189 402008444
161402853 215748666
64627359 223405802
289368857 418626701
159088466 177542941
7058180 34339257
48297773 308448559
121528443 178047123
101837094 107951612
225543594 355139807
233370720 415707155
225746346 329997386
111536025 452452504
295753519 419610213
156070158 379813632
367030215 389434788
360810492 398753916
134514849 305847840
159740229 419509651
281722998 388349754
100814945 441859811
156686508 442523399
215910448 288940520
242132930 320757241
127230734 166320512
292763465 445582737
17594349 181206185
218728867 430352775
171427274 475548921
297182064 467484326
70880855 440398469
97151097 488747269
18103369 24565216
202105619 244787667
289563978 397802884
28134570 105106326
165502100 238248613
298099538 340237050
51699228 68338656
492898369 496215258
132836459 420508146
249539007 401558045
26239523 94905188
119526648 305174125
232805956 432939808
28330050 285099740
407716 271115266
233501538 426551898
308145908 433716192
17539807 341683698
71819869 125240187
265804015 317733798
247700670 447155083
96138782 269237760
29796777 398189972
31866988 359486967
53832819 150918034
180225118 377441461
175675497 311356590
355967682 412167458
186436673 472972335
103740354 313884981
191931485 211914329
276836193 418389181
404023521 447745994
247037437 281778398
265008856 423174586
196034061 317399392
217652090 269602302
274949940 406109273
321675867 466631371
421246619 499562871
19209722 435307200
254410116 487317558
60524576 391597467
53542844 499338094
35226574 492509295
200780138 215961633
282022921 416744689
14405201 42522328
322105334 328806068
54970678 323574119
355370891 402981777
71921700 396593231
155596531 356648842
351263831 398440541
273866303 353576850
129582506 150770702
203774666 492818622
210014307 424878493
284715226 397247881
80808525 498302377
202496007 320012813
48160057 498998443
117136081 185855402
110122598 480918385
184500845 435285079
31612508 337181375
277208121 414848387
325466766 412047146
343955035 406032126
145869258 181517839
171982874 241169090
6465744 372745328
138625751 404776046
61305428 154089485
145093563 393129447
238086613 341037530
122936677 326092499
15878298 281524903
20055464 480344022
223195401 340457367
15604006 309684259
267375853 345694866
107299536 218250260
113747761 481432444
211190638 443023297
30161153 473569608
221425863 264765323
60299356 313173159
82474104 372409885
268133286 340819440
316438730 436399197
75293722 317193985
151729469 342513504
367968043 454474513
393578742 491704697
210096873 387741759
83769192 111915060
99080733 232619606
269988328 491880414
150570305 165629289
125173168 217669384
132312258 292251050
199016251 496312928
90924502 124105477
236451917 392950332
145705767 469954753
235986377 289441114
45215508 47254753
371638398 448167644
195967273 285130330
54519379 69575012
275007729 332736253
210060940 438564360
297109920 305115915
15963754 367288497
206520436 450577680
166561547 442094635
289285518 353466630
268565044 359800264
469589823 496286721
201602767 450873162
88175665 289875535
159883362 178102817
128933313 223306747
46403138 416234549
86326945 244888644
322661583 497879501
110398574 115608966
347694865 386985346
57990649 480038275
65212042 361748290
218172025 410624222
297387501 391280038
61775063 178941340
80788894 242558799
6464202 242591945
835864 81703707
61969206 129687909
177444344 319585706
71919333 98475147
129661169 499997233
104972575 151407590
47284851 446931730
105569666 275428087
208213156 227814093
216943358 296750182
346599417 426818985
337762508 468304748
51425753 265907470
237197090 358901760
316841619 482901929
311268713 442265149
176676276 254371065
159865833 252392059
114811533 347114058
26354456 102148222
57074254 77581112
21862521 244722688
255580821 333956521
121809002 303176149
417457388 442528070
86226530 291792877
182574066 360152589
35555136 252142049
67655247 270002970
354492316 355879312
281212665 394132679
405462180 426592525
20358769 28463997
40465039 361444276
237813069 296965161
180947782 377088147
207389685 373307487
273843442 357908862
113331064 345553486
218861188 404283431
162736675 397355396
92254534 390208383
52616831 355650240
123858634 447563564
29795035 351079222
95916634 278102282
252718791 283795843
80760695 152970306
242617431 353678350
391008714 436454120
9704303 180222925
257960702 275107983
8287412 17998521
357428320 454514261
230729399 302437526
11156355 436037476
185465773 400603553
289518118 357219803
119961407 454138973
336788229 408532669
390633788 466235784
141970296 196417436
175391301 236587370
88619219 150007309
311799982 426819386
162101771 176800433
397066749 496711924
227493302 416354400
392085973 423140228
354301342 452315191
68412717 443865220
127671584 449607484
59137707 294289814
75587369 75989484
177250930 320040536
12775174 201662026
235407785 282861036
362234602 368226028
22035017 433187217
211335370 344095624
95367397 124344937
472342516 493576187
145527654 375041347
126650362 448393117
47286132 211073893
129021663 330796810
4549268 101655689
91666903 349555682
218993297 427076906
368155937 446840663
33622893 154636314
194647549 372033344
5911001 290434882
38717678 277633530
33731778 101790741
117420592 146251581
39012854 177078278
166701198 480065035
162832820 450331349
92048399 260016543
36822221 103813222
180039289 292791844
39222580 317060203
129911599 188109531
289518174 382223968
65715900 328166048
24745361 75912095
211833471 407596296
233356111 409641129
19414225 462326828
468646549 487424593
33853051 227894392
302394841 414591623
31119437 259225182
38827717 450023075
206685642 486896584
310776161 355628528
388261707 449291850
213833344 432512533
76517579 435765777
468046557 489957710
221340848 488502979
245489359 387746258
5020884 169967219
478925878 484291704
69228724 358299216
318814292 488701063
169249724 234240830
454668666 494285629
109911163 218032655
46340412 458980277
334399199 433716770
94154935 195174590
86000625 449271680
264847452 359014239
67018179 454773724
72760804 369638385
24725921 133094291
248663065 453555790
75392988 78741905
249434895 284440014
233066935 235856885
153316196 257802267
124010115 402714497
108579600 318782528
57207357 310354472
156612912 231143578
277273418 299941768
61058276 152726543
174464318 427721480
187383948 340776697
35917457 389972639
88304522 372508195
144592573 306937184
97161423 126885520
24060126 478686392
133473196 291662322
245141414 283237105
320063277 403878698
425245863 481468921
312028307 404933666
224111835 465259681
118305874 246597537
212677133 388416432
54383927 410893089
100385212 265208501
59582667 392506491
34605722 188095378
20789155 257524492
305776412 420873629
85928219 420138101
145874744 300122717
118450488 119422446
187322423 364032830
333318849 478730648
264588938 394387849
157914357 261887361
295219612 490261087
102123304 495442931
429029580 467549539
164871290 217702069
253514980 279966997
38084991 352336823
28831229 352173653
144308492 171626314
16561641 93982381
40861347 404517140
318747100 345321330
100792907 318132878
162767002 331476601
114467856 253945929
80127723 491531207
335625456 425665379
237492150 354095032
51243144 340154848
205338251 452265402
155008741 462310116
149251273 295339928
452008359 498679177
208174410 265947779
357647943 362878136
211764450 393078746
229319529 396105395
236528513 256401998
211946762 231008922
44401885 175734133
63182909 288293463
314809892 424024152
103662499 398144929
408576861 450572801
310208704 329835029
258746969 260006112
10720206 473318102
19968780 356543159
4543935 63660005
288694134 451532735
29320217 218964254
333332384 417575052
284747255 373919240
33298265 56479025
143329310 482235541
182377865 476427911
30642914 371914376
35809936 245722073
139484779 414087068
265902750 441138868
203514472 387876696
120829185 137527221
237480601 467078598
103828029 327901745
61316311 270523831
261639466 377250387
44480497 333724761
317805189 341667456
127897946 377518795
193662127 266020293
59620930 331555867
42975052 448108996
168772448 221008252
194485102 425178943
75301135 93972865
378651059 413651089
64791167 283947548
251470222 399434860
68761158 303359857
31024092 441004130
80952491 123863054
119787966 205585418
42651860 471597286
137466323 408359641
170579141 250075978
226872669 251960285
207588585 457793811
12378856 273303849
213648008 430697598
308185676 364049801
264964528 444205745
31008009 495194220
293412154 481743329
147741506 261689175
189556143 262950256
230573714 422538141
107740186 242912062
128616227 203371404
221368254 432844186
14815273 169255984
10145384 317475261
13515037 197606693
380570229 435623138
289664381 351811697
30231589 61460162
71532246 401446913
173434078 191302041
130832568 262877347
121850542 336228010
38753957 257232784
81802067 201406853
61965041 239947672
58608493 219378043
151313568 499532128
100847248 402506692
23428589 240591793
191822075 230959659
477399511 494670533
22077450 471794262
76280039 359327641
92496598 201799722
29485772 93904868
169642860 238568989
22223338 205308655
30215853 216133484
80412576 325550115
81874876 404086572
359145669 402662444
104754260 251602878
163652838 358952942
2819390 365264238
352086645 387749812
164939696 256996233
242382235 451855616
251776210 462401761
44854926 339760868
110161312 210157887
34112598 37175274
292636105 487760918
100301067 273918397
9857178 161039929
177010165 226909263
107771862 202650464
26266465 223297636
105142551 467298432
81596886 417279236
13991231 29217926
57636772 95682094
224861788 305170130
174146466 351286297
304771005 397437641
16828650 480688855
84424412 191798243
66983926 115900410
154532629 251867390
310602791 354946357
156924742 338189711
176000734 400710455
139677490 303690223
64281949 340987902
61166614 89448736
56443521 241225439
81994722 324884026
177313605 182643881
257651754 449656496
191073041 425911317
38859305 97067037
201025505 492843733
185482892 454607829
228214077 389648442
151911635 262141081
241325994 370362537
118350609 229144946
167830147 400252538
282031854 352064477
217939385 490347938
188372996 323675830
23038866 472367749
260174253 280049940
188323021 411412254
7276350 230385851
231536744 483175744
140387376 289860493
187382850 240501205
33111694 369819795
243724613 483812131
128487165 155115345
80541073 315276021
279791682 488334515
386122505 409044082
113019964 213306801
128747231 229565913
127066242 128261799
263724725 290562152
308367291 324409432
127612172 405106833
45764357 325458457
198090332 259808861
209821133 305091542
315217774 327156385
114588357 128329741
435727726 495589985
30148222 463749470
51070531 376544939
97716854 478729247
191394227 471411876
369383717 424202838
454543602 498901931
182111038 213848026
243279081 429407840
28531178 430720832
319571831 374313181
324831152 447304032
224380327 481047529
365784622 406732513
186061923 274785150
359274656 382358264
340654229 451377115
179106134 491761741
379976058 452967358
214949825 471496575
241062379 358873466
357490635 475149641
50061478 184509883
244968066 407788842
94836544 298202400
138171231 329334388
402379334 468248780
245893161 420715141
214387955 221932143
103390465 398151336
39992845 452393825
186266591 465883517
229075975 436007731
58363198 396599313
129225479 236609534
95257408 164848669
166280453 385249580
432372709 485283319
348760615 496027111
255211743 264820487
260318078 437477076
263798255 401259461
245482809 363921790
33914746 444709480
134003647 228783370
246372856 294760832
373600972 387684491
368052302 411730596
230858088 471954809
343147682 383031081
94063209 358485945
340089247 390476013
215717132 288952812
239756679 488017320
123093905 280357759
29644708 42716690
80052876 431853221
194901648 368328900
412044780 427578532
1129746 381454806
119903839 439431359
126118806 191950270
80543065 479085302
26131669 208966218
347032935 452284669
104223079 313351883
340705783 467288689
223874213 469121335
71597897 306831919
50219541 225522148
127014529 360315722
142158722 192038220
420080071 444310869
368481900 430338394
173121526 406538416
26232851 499710169
118697842 239196295
139706469 476061689
254602736 463211914
208250845 498267929
167545359 402549291
111815108 164920946
238251005 416873888
8316260 297452775
327479618 388853698
159836899 480529961
81972563 101353697
142912015 314155632
112565436 397086926
202416996 332253682
299154310 396707891
258663304 423904351
125307135 385440990
154260125 381550352
356973688 368759165
34879433 295807604
149183737 241972646
39747202 207168935
1625168 272032142
264468447 390972485
308054886 428044706
88721250 275858026
16979757 414168170
197957338 340688436
240638516 446753923
274108075 344837161
182117943 362823225
325949972 385436436
121239405 162094267
48610619 291793421
22787769 448093162
102058135 361545666
369281956 463145087
93745511 113694774
184626103 259559129
118480034 372970032
98368546 499816605
117426533 222709361
75198562 100646897
164464944 410601717
44624121 174296025
129037743 228934775
45071223 283682860
110905751 362531603
211403984 476715723
168708755 424005916
48041307 150291648
8606797 251909134
223142 27485268
162449971 297380801
156482732 218522693
252790218 293459239
180627791 331397975
10073209 193767958
469331032 490939993
310437348 431847708
128053566 429312974
245210009 333396139
120101616 492994535
165642494 348361665
151676592 490586226
292977940 309506980
230865931 279521462
164006449 484035437
138282193 397302513
458312199 493722857
147737216 262951261
93047085 315446801
100898897 277826492
89426203 264818873
29838127 372246289
325519050 483084016
269572392 309836518
54917409 285885868
208323722 426010406
324322837 441011758
387236884 497261441
72652525 171897244
237502684 350399695
91798417 204376758
206527088 301001717
122677252 487425715
169743825 277404524
255397079 341191715
61716941 120349130
85204612 462516855
130306822 458391659
363488791 468840071
233183301 265642797
9571698 288553364
262048347 387907356
97637299 294392859
176588933 259412262
328129751 497626511
179975212 273869818
118357176 283366007
98589767 276354578
79913690 254286918
71033654 478210749
134034908 351707348
123408297 171955413
245770198 301887666
283088685 311244129
385087383 455847610
315885196 347457685
463133926 479190455
272295473 469348758
120934763 238278649
178703033 180973422
154267094 395228565
253492267 275900003
347444713 484176201
433456336 452268557
15766607 374077226
358846971 375372875
236133429 317882696
119120728 152295137
3969642 214128770
451716433 498403255
88541473 389150365
192577596 340156246
125746336 399820664
173710319 461872044
337833388 495571082
265991537 325451218
65224574 75386695
63142777 371477807
83358776 286167565
185878513 466150524
47933985 50566559
107892981 362470394
105083868 307438257
95232545 201890169
124943930 482302204
14442742 310374807
47288026 373429683
439686310 464656481
406528598 482028899
241495308 407636352
226459332 356351198
171795179 248823369
343338765 469591781
60605422 188197988
14307754 268093141
127138203 492945852
285443961 354568536
163559099 185342036
312782939 357579347
250849385 322416688
24343361 336130804
39312939 333685776
196354168 464808380
324292996 483104887
194164846 443209517
267873177 364626923
206298468 492679300
15705252 440341612
22142941 497216790
144921273 172790812
308357761 383900205
180818981 380012047
186506522 439195755
272706940 498902844
85708414 109236147
74255502 282367723
93938861 313189752
65276145 163652201
23764110 321444932
135340305 276435063
187160515 363667517
252993918 276172722
10218382 334373129
188964334 459492835
204132597 330958286
32376307 209582123
405093583 425591284
248413457 464486082
289987261 328369669
27407687 215567901
60556926 405451117
432880538 457246377
130052585 308878949
93782700 379857480
51723605 480897045
127072995 499304888
54098900 175540797
147087444 210290126
465644973 468658087
32729441 158255418
243076004 313847657
113954285 429992532
164638708 310183152
146909709 171256214
89089088 106900590
88621800 349129155
51757967 421851544
61628241 484711323
161471435 320801601
86235636 468484502
394436829 468376342
90305254 217447722
66968467 348197331
138151848 187058102
256385184 435957580
219208784 357447854
107245407 367305306
139839877 442742234
38327042 347532175
217692067 333795333
248577459 300242474
194957641 489126597
255948234 461883423
163514008 404828567
226183078 294608346
302469360 307021874
33470436 55664727
88510741 89028388
344733229 401951929
443916282 477998844
156177894 387191940
183033691 418270685
71762952 161429014
43551873 80320946
74007320 102744082
18493764 75890555
436223392 443630916
23174787 161909978
159030868 474537736
102218983 418267922
136806789 390124766
448405568 482547341
80716328 186974408
59171119 90721029
26797113 367817787
124252229 497808040
148454775 454525447
225943996 469638251
101063563 182687190
158359135 346013164
4110941 428097307
138965411 382450490
118745678 382197913
11375295 475002607
180265640 365535999
70444758 215577856
61267557 385300223
44664570 277368879
226999633 279978217
212039656 292610380
169389212 325087252
22185335 332857140
172467698 446104285
7829788 386369412
297688054 424521877
85232944 438497119
144194288 382778572
220615442 369137585
208507700 400094841
2272348 374699033
141887620 195363128
74470050 382967709
7722601 296613342
425983238 448684316
174117189 384554699
220936545 277417033
47017819 178600978
275747926 487659808
83199033 494115649
405927123 461015690
151465657 280012006
67726792 236340552
327857017 499682626
179226190 387529609
49682572 287525518
276702318 475756459
62849128 264122740
273457579 425439488
138394326 315051304
1347157 279329014
120731928 493155550
33029070 386752253
263692806 427066889
47411112 178899479
12146094 93988819
12336972 471174596
151893430 177335129
56937680 463366504
185185571 386072965
14131110 109165094
153830431 334743623
69929765 346469561
147344108 285175440
369533149 443248756
122135763 265814222
125993378 428140943
366222275 397983866
24205179 235376672
7956268 90960625
38674788 487880052
295263797 399054163
360339151 454603896
156842008 323970441
168312555 377359943
242609888 425071766
237477936 309997033
64329688 117565963
181718182 283391387
84413790 394331093
49417669 250338428
272305852 426752304
396272385 418970547
237934890 295256321
114708701 135281720
276265439 390835175
77273414 91827783
221784216 391604490
90879543 402537261
441145974 486806104
142335421 317209593
72550021 389102091
228001035 341739560
259930193 437088392
193436875 236098493
103659811 341025764
91442904 263090367
80204981 438121986
10334009 272285449
350510508 456105509
195875341 385617358
214113359 462481348
129787412 272788624
71976903 325784415
184689547 479892485
20142 222517176
136943460 393566159
52277096 320808128
177919935 222014229
171360865 394690390
68294942 241197298
208281135 214522520
307702435 316203495
310390748 449457730
169146326 239498453
226463801 310400217
122087781 175919476
97605647 480315963
174259484 227182012
44599164 126239591
122893135 184526952
12471355 361824333
224721401 275500179
38727984 118002418
104561857 210051640
308131881 418088402
113869238 197187290
239883745 441276285
245153956 420512842
77204342 396089038
250682654 474771638
461328461 493499951
14127262 342065257
228700629 418129159
322462711 402790479
97530638 481350277
35513105 241470068
69603629 113463888
245828662 420100756
331227713 470796711
109773398 224092201
177995301 251668111
225739119 234062560
45218612 125591972
244340387 256638194
365166875 417394806
282610706 454218621
113461172 395259834
12502274 401663321
62544789 230776810
19345536 414229364
268814924 301523570
31896452 174557710
272696557 361063856
198383536 437149351
44775025 213273519
113888742 388160119
300566213 424962897
46632008 132833454
185216863 193373673
50587818 71234101
54476805 428098092
248751618 257534263
237179215 483550740
110354135 217715803
111920684 355266957
265512188 405774820
453313753 481639413
240328494 474240630
107361804 438709052
82228530 444561062
119841804 390746774
210748151 477835868
10282807 461571762
59165994 89854863
395549023 467641148
156389946 477850210
25400101 479274355
311857438 430020983
100644689 240270684
18918822 35548292
341159078 438529576
278369173 370844909
53210865 443450893
228200642 235574386
35492836 244588617
386376561 482046773
389151202 389542917
103973269 405766083
230304076 483412474
207684361 430982578
258447507 446379016
201120918 464405749
175396619 433979558
158494624 326871824
158405866 232233006
364716044 453276785
91877794 127888076
138645518 454042292
22643044 225431833
185869327 418179581
41642617 226640786
73429369 497372314
286979383 295417142
381418400 449550533
24538107 446951128
268091653 304464705
68488187 230235457
6810501 19170232
165975683 380344265
59362318 262884213
283996267 367000502
388245534 418506222
169461068 316282827
181962821 454295072
43700184 98572414
334707496 355829881
289193368 371557241
82517551 386149119
35361294 392719614
125375669 304959207
243885048 348560971
7307321 178272051
183377848 381250627
106062653 176601868
307379695 323880631
217079570 396763628
180384882 496093348
349789462 401884389
46793099 243251743
60884696 106205145
18708777 115125166
52562675 299842605
6691122 278844197
54741291 187928664
396279959 470950605
161068594 462397522
164683529 211911150
2658624 341973634
305215897 387651112
340165987 350831375
134377064 149457569
314809117 371042731
220975410 477972830
118976246 368065957
407899740 484657768
13866191 87528420
56078235 353754894
240384252 347601470
186246555 263726487
204338634 476598888
135367 295559275
6212919 257965467
353903284 410124117
375241696 383758501
16904318 108668882
133570227 260374614
310504841 394977520
212044910 214959884
138709341 162460642
105962648 389146374
277846226 473137097
91447013 380980706
204213326 264058928
192465735 363303532
265512104 487255972
18150162 20931159
321341879 471326985
428100673 476277227
224327942 479682639
306566231 385834038
346228830 418949321
160407791 416498205
151720215 312991786
403693776 471985102
252520953 320023735
2012760 234499047
372415001 393114564
254391941 473978388
66319272 142374519
252300028 463743574
53165240 392671504
290905200 473508324
100668950 431337601
348301627 355520155
7828946 258604086
247091483 489587990
124669105 380228099
147522686 228516858
138255855 495316209
239885336 335354115
97625229 119556349
113802069 242920153
327979881 416060214
206028452 260784612
138385994 383991868
178040256 408759854
449560422 478762425
28123581 273445392
267846258 390754895
290511085 489683487
237662870 476279142
371194934 478858956
8492424 333921401
368866306 497473866
58455242 298396929
278372913 468327902
1972751 6513684
175965922 184729954
125737023 393451915
132731130 446952807
170370195 275338201
263032141 302221930
76457681 144755198
201891038 483370351
101850006 125916175
22339626 274374751
282840472 395527383
362295095 425292431
85310205 292045986
41761108 461556418
84707804 491441240
212802725 273278632
252362858 416966864
218624158 429970558
52339854 161178288
188061403 385597836
109296494 343023785
13706647 243767823
287219916 464616655
39856532 421689806
239608724 440730518
27068399 260474646
23533667 202721151
138922645 296170333
268452682 402760322
177186342 351624408
12709824 73544785
112528910 201682299
103744548 454746710
341476855 419334591
241832655 480434432
384362177 426834337
10295737 235488965
296754663 449522783
81688897 380340488
83363490 244899700
35272973 269451154
100192500 317344190
70194223 239233624
77637831 497300435
182314411 347921391
192254492 271277654
355283395 410931106
33423010 254055993
48562703 312389957
148197327 197079047
389831054 499324528
438567608 496628711
13498242 245863124
125969045 194099433
68267474 262280258
151086904 301352786
110168307 461777597
32003208 377657154
148864583 252878879
122710600 170966872
45664665 306004024
150525341 236781041
275101973 426782049
205491119 289608170
437171559 495422031
79990748 143721033
112977652 401344703
415703385 416668158
353323394 407421585
4369974 32700727
190859510 325222051
8252337 257576435
274317830 337506193
445884637 497827480
383815918 384087255
11661985 73173119
35427029 381897085
91348994 346910253
203740064 295831703
158638150 263753089
257141477 430276512
288353662 451077908
183670178 320814450
154007231 303229428
406073452 483431084
226821759 274287026
288618405 396454741
178588965 263040226
24511672 405276558
295602143 429656045
280428220 473403800
127683479 371569937
274984196 282517337
40108926 447002585
34290028 73506409
6710159 92659333
288654682 451811507
164974055 187524070
192077928 212339975
39283013 491320504
61184867 159351248
3547962 360667586
195470163 353083024
200945503 213331328
25075123 215417811
326275611 479398881
267956069 447835132
86774574 482350159
260804727 303510495
99703894 380499220
308999745 343222400
111116145 346461277
172323448 298138580
270506389 433650191
297797184 420633603
156675678 468529533
411859246 416788424
130398460 199655716
451841579 459558077
354571152 360492368
43795544 445593206
25637174 390112625
447134387 471315141
73434748 225285864
104867561 398852917
73228996 451470005
175845285 463191719
183100359 297383736
64791453 220660344
257414894 355865870
308132223 395929444
46082362 466851672
167126389 334189378
11023760 152483043
230303037 380258582
237992846 276455380
97628791 180190890
254723623 482105558
156023334 244901096
60329473 297709227
161253981 393940410
317014743 357198078
63939536 220548845
59257329 417788716
46348747 62341932
86565158 271442920
364779762 482234830
303860733 319673442
309574791 460172805
177583937 227517349
52649610 66641024
54074885 296894549
100683212 322407873
198700282 239662780
155866316 341844317
144218741 414686291
192964230 235080596
71487087 156205396
202399112 302368399
90543108 272361007
74024451 263953944
28110999 476414417
360740155 418130729
70747962 181412426
151454855 389248289
411633882 488629986
286962195 297238214
97974499 197117061
132087039 389738644
237336218 313688999
97129566 137487441
21930665 274038473
82200742 150844328
76363156 430608395
44768431 103625900
22805576 428257608
200131852 401661156
42667779 248147522
46627304 220923216
39833518 148088944
68899204 480467622
253240050 394685759
125143631 222606915
80905644 230968341
126179575 173178414
208241950 298391646
181663222 416459199
286121612 289457597
165624261 452221158
237209002 308293341
44635375 257268066
177019627 303710856
121235149 484269028
197761324 221299393
308176603 350426137
193232897 222957260
248200664 344791817
174119488 408454594
238680321 327955493
287628829 325542120
200894849 347648755
268504768 277200419
118315584 429301094
32750895 118810672
49391003 393028100
153981209 280440653
410935246 436283537
255805211 312510541
331291326 441779290
18687166 83529245
106599244 146482938
115870005 321642019
25009926 482326764
197542708 483026385
204491224 382754406
370260800 397343914
114797963 229249382
455238829 486776151
296364648 440066020
206468308 476331699
216233872 324163049
75380329 311274565
265947110 434576116
30276063 444439174
139057545 327475797
196021921 230899548
326134743 330022384
335319635 494716962
61025836 280977468
72226367 491676023
358250489 483311464
178343057 328178782
357867667 388081824
43447961 408497634
306544134 459618690
417648499 488738997
200857603 493505196
172016037 421272166
347427589 383918820
324014669 436900807
86796474 187517695
83341946 397106247
35142770 306443802
70900476 336955957
324702529 418647693
167238416 234522669
344872147 444478748
70129491 446743929
211337169 431855422
292191728 405841316
4749085 305931541
375781131 383595438
16623674 278889266
198892123 266374543
6473122 222527328
409552446 468307797
304391029 320188752
185538372 467642281
96395630 226417718
368329225 373032713
399768697 456328139
150190285 378839889
48191564 118110747
319923972 463467994
77053397 141199519
16837375 63373845
217710603 484395447
224329764 430346679
32353101 425952001
123180316 482561381
365784198 483762961
11753492 219339788
328979317 397240457
204129848 350693398
102048590 395515767
192800243 413198056
87062811 345339834
137654578 235821348
243560993 493296947
335545475 426096659
103683125 307171930
354691269 382128220
49800413 390358722
241537960 429948444
3410791 9645584
111885209 341093350
283347078 319954371
141091935 303405444
34778338 424974695
103375932 220341526
261543006 282276526
7601379 110704417
186293470 392227699
185569513 344847016
128397684 246956214
142876467 179348601
165927841 247290174
174874628 377229942
112627449 114668596
37759170 142044498
282428075 441004283
161405129 291118393
31228557 452604837
174491230 225192655
39936032 136543454
246657666 484896243
187654317 307073001
132994320 408412411
130981214 408989227
364898470 379117155
181668306 451712202
205711220 207852923
14956852 380366326
95344736 232789552
270736570 325324286
389567751 431779219
145042820 433701123
15506481 444106247
112165119 271982544
136212605 224665818
255261134 488123909
118610710 448921412
164593870 475419471
377869560 495101505
139156462 404497978
261908544 370020082
41620177 59133645
35390753 482183875
270379103 278242516
328112974 425358909
239231246 350132616
57389582 203987056
242459748 257011504
284746466 487981199
81745127 246368504
7542426 198221782
93880852 354981474
183633026 406565380
21450834 434575921
373884272 431106362
200315058 424600553
150561554 337079190
210452281 263553951
43666902 462638059
89649313 172269721
247385351 344205334
105596104 450367296
40850384 184161663
341572771 485392371
185157911 213595633
140913099 272267130
58141572 131594798
270589428 400949661
353342483 364109808
95056184 365588310
186549072 489581339
170579983 178806286
52169712 293863168
95932281 446233284
339854221 345348334
194839703 287369767
349517377 436948958
314284995 319363777
276587554 364250729
76509030 372073643
150301900 425398929
242812493 250458657
98150290 433602427
230072746 234980929
55495330 378819990
352866829 376377994
177631509 454728095
170796532 378287463
375320177 397010234
89808192 487758747
31252534 169067460
364895908 448651338
120699918 223514209
142637044 328878750
257636063 477073883
114732219 180945751
54359975 204505844
85814104 431147544
9289088 282213402
6022846 369632349
202044574 479461791
203505467 417366227
68201597 170063421
331942296 465361223
232408095 238376789
294473899 379215365
47455154 382527304
41787779 431734962
395178544 416702928
245071351 457013494
197463780 212312923
80305364 93537671
3379161 51445732
301636119 373794042
161904423 445068661
22097156 117357486
79250443 337831382
64230642 403427053
167056599 456658532
31311926 37007099
120396010 399526259
54117214 339744880
396857649 489076114
31446025 255916494
25749729 489280505
80427970 477088058
86807991 409875242
183974026 243498470
313026515 351005798
317108177 467351874
78924768 318678145
175092716 295111623
208592058 398637596
205918522 430463338
328795780 333043739
146917676 316423825
283603212 344922441
175334971 269952602
59289855 306407854
26334136 472367698
181323526 181412872
137851628 459790292
52979742 354922628
216959093 262349689
444632207 471381527
176968350 318782756
288604473 471212447
458045570 486544796
2379133 246745096
85819639 152635457
36812626 490501219
27511830 111719502
60324858 150578833
25858490 148706470
208745604 322615099
282384791 290382752
309785259 496708777
249175025 264628318
309158091 481675127
58010898 225368976
14377436 201832841
289677792 486608221
62016864 126751713
252677041 428846408
136332332 201877426
234038009 247686990
8295964 382443691
182733397 266786743
15509861 113983078
260719896 363706427
29002811 214365556
94851377 282824580
266886239 398705098
160607005 247848478
32071933 191103218
24312120 179632003
89044664 249535213
376428766 495464646
137258927 156980540
57010502 96447085
177702187 308418668
37533529 333524586
98030428 491160193
326138941 347107307
328279215 330213119
158822116 422207791
83258014 205282105
106202116 454511787
271700533 437878067
96367100 125055976
93767819 483139442
95281016 246251312
126678060 369313058
180336094 304991514
12512588 120678349
133551206 363833671
140224855 375507726
341219273 350350805
171303821 179978620
192330325 233686125
167779638 294651615
361230997 434289632
23449163 420629698
29347931 190701563
285182423 443739567
191948270 264870866
291892192 485458772
54706781 56867091
8503696 397834790
375721352 412907680
102699370 204406163
199778249 493765145
242453593 495549739
156518013 380475533
186560727 309895291
83103843 197495932
280030483 377725887
377501628 475762819
10936899 306307854
324881521 332863979
60128167 495393634
184082415 374891938
149258636 496569847
81210230 457015151
58443382 192100497
259473246 409641691
99005840 452038149
253153408 456591728
202066155 336417530
131170035 423878026
200112149 251774282
63383200 231016572
77743063 206806459
97113201 442216166
13664780 47573742
186611894 311394830
217313970 421804792
137386864 211989002
201088078 219823658
160639642 240279726
91129671 365795786
187416604 363597067
400147867 496593251
217629830 273408496
184478313 326516067
212855966 445558001
42617048 236107223
466749705 468498299
322976567 360576854
55663657 438366356
186659435 248769570
193681747 248113839
175892902 211510964
245020402 267441990
212808053 225612179
221320537 301638896
314694538 403050534
125014277 484472475
135496987 224107074
82709733 229834627
70287732 179929309
196573983 420838895
34186624 98912711
150586414 288869018
427166500 465722360
268883017 486270739
214761304 312943191
161763166 379833877
52162413 246224870
130959176 313967483
72233167 140330082
417924805 477954122
84361317 323457359
191868216 321978906
211422127 319891595
112401619 182727474
99902369 375434486
99495530 139233158
160495155 303938488
143418529 331144868
162872454 429268931
264513236 489667785
88293732 265917865
375470559 436951030
156605103 257405927
153285903 336176159
32696884 364211466
359162857 360771070
130832983 284725491
332254755 440314605
35264618 283798096
73468793 412407672
295731980 315749440
460809517 469129223
224070281 473783942
259866310 381970471
19214765 59069384
86634023 105977126
327666412 449685305
14561273 40746327
163181064 353718541
47308489 448545661
124308200 450298093
309611790 480242965
329486941 451460412
205846270 282580299
105362044 245348537
40704162 308466284
95899594 326004641
42875401 373435044
9857185 243844396
295636225 495758915
44765023 325452006
124862903 220957346
157546476 307399595
31693463 475563886
53838852 190082054
226361784 415971787
232812797 283853494
324197883 497017021
178297155 464660499
207637048 375909189
297273128 436148623
50005628 189146707
1320703 279088860
371190267 481392811
235257760 447187337
24058438 316546161
108040817 257017626
124536158 421910902
149186907 301116598
63197502 191402700
159562028 162055069
212616190 251602885
27991515 382518314
8993830 302138273
239296419 489991091
278865256 417054853
185860545 216265000
24049622 383063628
171831842 400118772
410443510 430471619
13294020 418323176
212393386 269329065
180323111 349409713
84170992 421137319
420080779 476786229
311805188 483709867
141132806 448548851
343486164 352864770
215864909 483911646
24359788 254675311
275742310 398055839
181332324 230272666
235240006 385428582
112522779 427379005
200396275 472121856
322465610 395250384
300026860 448256209
413233738 477097243
192249413 327451050
364526671 499710661
91338893 462723046
82703130 283683906
32381535 178900190
129682531 289139641
53751479 456227820
69504066 201149811
6959875 141553868
166170488 212327903
20634432 407092766
62040137 376062798
107914585 273135492
294583194 460532340
353374391 438520159
94007870 381679444
397543011 408206903
32028526 371531065
65389191 359160741
41398893 341013274
35989726 169094930
312714688 451516408
76110874 452731175
252397657 355516967
17795219 118022880
103275776 415710380
81168534 105410093
45671019 436752263
456456925 479459621
199131607 325079782
43238625 347398466
37932037 338325474
399633051 405484929
244138317 323840445
52409531 464342001
265324663 291377937
61201448 385635465
114389773 220811151
221302700 298914105
47744975 318457504
221447099 399252413
95288830 404997028
255674103 482760596
77869767 267726979
150139487 219183064
22969285 483084222
98684955 462416245
156645988 350051706
297300968 421837526
228441693 411883719
11616981 50182382
118428826 127045113
94594714 402092672
135048464 362121886
26019213 110376402
188123737 488126402
39770238 439292113
19638940 354236924
23557535 495740681
321311785 389434918
29927094 466561897
215418640 439590326
115342515 233278822
447683415 457866291
347824724 391704350
442608200 467579098
253807464 453544483
344399038 355367279
96074759 400194735
181260004 377086598
99811265 182323068
192996645 378870964
297016559 494571628
187415544 198800425
133829656 285856862
250693462 399668176
312359787 422467319
103536167 337646719
29770252 168737906
355750431 476615905
98308954 183112217
241136135 299670794
277289431 334458190
118444467 178482435
30210225 353673801
216633923 344728407
48046641 451859506
420420993 420577829
286294717 332840264
121370012 396832176
29097917 386152117
323820981 350036874
182180395 408835765
250191637 250412746
154551583 447092969
71486309 441565023
331677889 479639408
49551014 436014022
312936220 408274937
207097458 453032505
151630926 227607636
167876693 399884377
286866190 355799386
289279989 442825578
22585520 250528627
419479639 491572553
86290721 133669542
194362711 495141441
39583384 299884729
36254378 313204745
333447844 365831205
197443635 294645351
338153022 352269704
261722621 378529847
77781448 325388361
298630357 477462965
49128870 394385664
251115074 332270458
170747584 244117424
181495567 278315681
151133025 247440278
154594456 176378594
380002611 478636113
439164712 464721233
217037396 414418282
164214011 169755155
205168007 429894447
75346853 206294915
79618652 235458663
206594665 462716104
107206889 420434811
93344409 108006274
3359126 300596207
191190467 310398481
99770818 486335003
187663863 325764476
35376693 39423277
234953051 340366108
206836662 219458895
112508859 416977192
343924891 369733874
153450097 166507442
35551392 97048483
475282229 499101549
128411693 324519690
165881892 211711284
351854420 456550502
179106754 289381218
364329598 487249928
357585544 427389612
48518897 49017342
254052591 392361293
98478281 214047077
100932961 460035793
151349418 197798466
419807593 467182097
391797533 473166904
35682920 406347397
256046079 424781741
361146803 428344884
98777659 107922099
23630876 35699765
403387060 465690955
35829342 332380981
78336216 240165728
31016230 390647958
236966899 453074079
63966000 187890606
121736249 398303267
242932070 320582114
260322362 337514961
55584701 165492637
312221837 348733544
354269853 487034605
45108671 260211015
280458649 420087856
219337749 261719601
214309703 303442149
57807201 367005311
46346085 246993486
285289130 438873217
375634300 440373651
39995138 93529033
26974842 247331122
64417330 190133997
326295574 389427745
368357485 492778682
113761015 434740174
386911873 463179138
241101998 434335751
50614931 436652538
38757406 67024114
3703824 466833837
33644156 310739383
111260530 339599517
440328966 488551273
491641282 491734800
124942877 440132826
287810992 417291763
263814689 422078417
90831685 153298544
155140151 190496391
108262421 431879500
287120472 448717198
55605075 232543314
111331436 437791251
233831952 249517530
13821438 244691707
173214509 394264063
219177445 478577560
201143298 225516701
2743352 344948548
7005883 470972646
75627470 184838030
261857214 268475740
72286358 120369395
250583620 310030873
313510298 331161924
150465454 336402732
125509942 283846271
88857052 151532107
113778216 486497587
746013 373893560
259641264 396916002
75242781 311273500
21410830 336965241
32814667 144911667
368753500 372831548
429821399 487204577
331583281 437387328
52725498 285038943
59308888 88210488
17929991 333990856
96379897 473251052
50944573 171056373
160830352 419547038
327348905 417868243
277862841 309693037
318521249 474208344
382346012 444991969
7076719 139399303
93544437 383773998
206905256 244144821
448582757 488104651
204547815 205250981
320146662 490386584
163093436 370710705
394082650 425365680
220722275 359066175
11824150 445256422
8979015 333726001
73227618 289735701
173738116 373936427
179183710 416446762
35415146 480662592
8506657 19831294
156110292 386503347
133868444 171636422
133160745 219884419
162650639 468148536
79206946 102330907
163438530 270345246
229970999 423091209
13693957 75381983
177011500 248236612
281730764 481975557
172079829 476005231
224414099 431442052
131894404 227622586
191549817 255568229
17338495 62785424
148922718 437483490
24530050 248696681
143496496 428223304
34670543 282324353
299388116 331408036
273478942 430831788
77886681 230162210
159670220 215075205
264120455 455977725
28437846 110687359
168149384 282747972
221188423 498673145
318731489 454928886
212107684 270722560
141597813 198873232
221997252 388511736
21671062 354040693
23785898 103555178
338846341 432166537
96750303 478976869
245691100 358144972
338987444 351119849
19790075 62220869
68375361 315858812
136491719 319766726
54812167 83482472
163576092 187230040
176392087 229813341
203205121 398195034
279605733 343076772
109636378 278778860
211011556 400240197
4468887 112451696
233079052 308633417
53943234 314721429
135605694 222271016
232864922 455286245
16578746 257242917
265691090 435773443
82706431 354060036
352021502 356615194
301052331 440565634
75107096 308946586
399797678 423508143
248613885 443419592
41970101 206926786
206309679 231133564
190355764 458581177
176584186 492481985
140556442 145312888
188856900 219992734
102598871 461321161
156151420 321657337
369462296 395643467
265420740 413933709
275957989 353622222
173735303 255445974
69119848 216626770
269624366 410996415
233231578 390187139
120616358 420784700
343953381 457239559
272765609 339169269
296873135 393238437
136143300 412170039
318464908 403381126
137079488 145207632
61562806 174787537
279950973 346021435
379584595 482504010
322527996 479386713
130431697 237743272
149575955 365256540
125262069 182874712
83200958 400875390
112602518 296038886
3364668 37840247
47318605 399354722
14850042 190983982
271431068 489168467
22417813 360359264
148601644 247276014
3394323 385377453
107473231 313735470
346720989 434556816
13069426 107504045
158380661 486220240
306316190 345870499
15265709 152393782
292840701 409505794
188333511 433189350
13504219 456347766
51803239 335325585
333836104 476030999
63190163 424611790
8797003 361424716
5287272 265906080
94272996 173190868
87649642 282692463
91185172 135843326
33195272 300730291
75088088 141425889
271496711 333407112
178979364 199124964
38931064 265796017
52308333 283003741
189540340 290079145
218449365 343404705
345544320 405887857
284125954 338725928
105750868 445591506
125622435 435719300
28085789 118336430
31139306 103642525
270473472 361642040
26013067 289896033
160737008 476164805
248065855 465645871
24738426 163058244
286640413 445657217
174787012 279251046
66705152 275714295
256140539 322144346
91608155 299489694
354797989 467009805
133863710 420802073
11922413 291314545
386502822 390775067
140359840 227031079
104141061 333543736
44871187 196177372
102291221 376206228
97622379 307531605
169665831 247361512
45732759 162445435
86198788 276075147
49992464 83330572
369523960 402006651
217397330 431547698
170352255 478028269
135161585 389205480
264593853 420560762
21689798 203100576
412925912 496494521
344438636 424936643
68476904 321444452
138671483 401915660
318139703 492457846
32325812 65136923
264358337 315835481
227084816 285526799
15763489 423738889
356280416 371476368
171033139 430301583
188423382 470457199
233671096 391164826
280069358 307970195
89657928 392591234
298740926 345724527
139527384 216467991
226745727 342510809
57285076 443698262
287013707 339797933
172134597 386857671
32714042 382407904
124096989 299033400
117210600 259284477
88723510 472829984
104915416 243074351
218186522 462258471
48270887 75085335
66676334 91727082
56266063 460213331
154197100 181737033
228221557 457175828
133820095 292379229
229083838 455098119
66170344 229755014
113516815 201767896
54317227 358440141
270606026 405988010
346773145 349212648
87257703 440813426
53286126 469610379
10092030 470699898
327294842 373698338
464405560 490158408
27081753 329675911
26315683 480551162
337248042 394976816
61587203 115844564
388054590 404026119
279483379 429339638
15402476 295496288
194553103 307731909
165273068 227164452
383987028 495800844
185416471 497984371
23510298 333636600
163580173 179926373
120080302 317139912
108360535 277285463
123991428 383694773
252563525 428244330
220708984 324240098
201719505 451645739
88594551 455226322
154893079 322673526
270937357 385188895
174552352 205466187
27568928 461189293
246487809 353854988
10267591 73692615
241809147 489478523
158520838 194073002
219204141 447904330
185897255 424733148
87278651 326903730
111820342 442506289
230304093 341576521
106682933 364323944
249976898 310534481
29838989 36621260
217855595 494261463
310433935 387124715
161790031 329722282
5401999 248647107
213959400 385141246
270457919 285339605
238892147 251010218
391496971 419941614
94746049 178396263
136122732 477089873
28501225 293473309
6680988 354827127
22751372 497332424
96463136 459775465
208446241 328675370
161818157 239487684
269247676 430574896
162786553 194657030
206595636 367364713
69595754 205943200
39777604 316492827
63689368 448629385
64259914 476652215
116408808 167941124
17338188 267973235
194883824 374665032
113204663 388338937
4300927 398590201
54491104 243876584
29614415 54842090
9842596 256834181
67933649 182139646
315907511 401446010
164889086 194540343
317530482 356016601
220037943 408003725
135543395 262556737
174548699 194261404
198074035 448486426
6036430 324451044
84095068 374763021
121805490 257500441
118861122 400704021
184231194 318252719
63947460 285542050
298811112 415281440
420399776 466180347
468701093 485975803
127753469 244416785
276241871 432964146
70732651 352615797
56233022 450478828
65090340 182659810
239260565 241292611
47685756 186568991
307371151 336619380
275986269 400758499
287541208 481589124
155616558 198136307
105989231 444114495
149490326 241012472
22282239 131388397
149833177 490454553
186185243 234283146
65479878 174670197
28473659 106999395
74292412 111614878
234776153 355575240
133360921 265050024
261463032 451782799
456753924 494584573
196651388 411581291
31126300 79615704
24668342 128980278
75974293 179032886
318154210 356299518
395255100 438880169
134421029 455108626
420503347 482007735
40409951 453676495
16812421 306649493
301587039 324408731
288969131 369964510
119192108 203246474
136734299 260087464
681780 26821280
74609981 267644857
392036677 461427574
212951236 463472664
174386173 458292131
313299513 460384090
170724731 324193256
273282001 274151631
70972266 107877117
83794326 400743515
218874625 258938180
45876798 223266791
51254898 485466280
239063698 307082396
99740714 307952515
284013759 350052240
69028221 470883888
209467850 341524789
106472944 241778911
249372919 256894134
324577382 402875165
331881229 362383367
307854612 345189940
205790724 387145341
168412038 195260431
141221044 365192238
274291113 432113403
119323767 311131138
121527155 377670948
76759807 345635649
35871203 183760833
146643156 146664556
42196176 422045055
175998406 344110483
122010289 358238138
32263228 184136200
295087481 406076641
276486070 426342364
41548063 182303918
346784877 431927071
21618371 451402547
89076948 302357450
78938694 317376710
211826521 272808808
262330097 309985340
128272356 304851020
8882998 292752162
36053397 36138020
257943649 278219183
93941929 286143992
198385491 471108562
2013464 400808146
129758731 408319107
230740772 236483686
104577077 440441848
188804376 289826484
150475973 482118431
117044691 160937351
138905074 210627259
118907906 441758524
417978751 439127731
34845123 293649917
62805102 313271128
63825195 64256717
191688600 494033761
253339315 441990124
38062019 490444234
171735505 427779925
172183535 305565239
261956182 430334157
186950952 401676538
146327769 149030051
29469634 159983646
424875801 480626213
32150553 153769786
42287369 270598607
153102321 249583079
481496614 496114853
39602613 334211353
123770990 158536619
205023130 276157190
107599067 206232841
112534202 305781999
362006496 443600741
343119150 462354584
334748665 355832820
330008945 405818760
33259126 42928948
136081927 143063532
95917522 214320459
116692586 477759410
202590913 373394917
257692489 365093178
288110937 485817589
90448232 255838219
61979028 362818822
381883680 387278546
154573845 216699101
46068368 411738384
49243972 484373740
9848805 408269410
29814385 71460215
257217721 274481013
148056429 247410162
113238412 248875746
74086489 325486083
315547351 439384592
48477524 173578376
287069707 381396452
39498920 55828134
192289486 364007764
30450352 422147423
187667784 272712591
354629660 405533286
281128446 300148286
379701835 451326374
146922699 316103137
60870979 494394031
363993801 459991164
186665698 195395715
91400196 372724395
107865406 387781927
64224780 67719209
232302961 365533061
193606069 367157109
104413819 241414775
78818071 162219514
269524319 407167261
243341734 258717763
23639005 143998785
315327645 450908374
120430944 321364454
135132318 360314253
57805184 348439016
183280372 355536472
109165408 332654596
241720406 295242533
52332069 153963736
291135067 372097512
390757922 446677713
48496925 439692126
34486925 443387206
272331503 284219851
454367689 455423875
15744607 297901286
445686867 489478840
73752133 488901680
140872206 216306317
416537149 477795213
119642948 375375564
62346530 179038885
30211709 420405558
20804342 185370827
5109857 131178459
180543526 471414305
119205633 460844930
244733134 468360400
170764694 465031546
348187424 409499179
250005633 420380805
140153697 149233643
212205949 341170657
219097732 334991755
321291285 358243514
200704468 242029027
53170 384813949
196259841 379699024
77496685 123573335
263649922 283804008
265622992 371074727
409619324 471629646
102753393 114286707
386550453 412194600
237180703 375319259
44880952 47200615
36781558 249026218
94222467 270376740
418978510 450171648
398786031 494768311
86504281 449308193
218859694 238311360
344644906 452418425
61983474 239549605
140448126 332814296
33722494 462797900
258727664 266359296
334017923 426931137
164557444 197158543
3287009 232399722
14425662 193590520
111171224 182642152
560852 326087506
53770424 400181618
29156323 190684059
155417764 367428369
326807749 456501014
228532539 248680485
14889554 423341537
190162620 279004884
18413733 213507625
98372226 444639001
240522885 358254968
65782973 144557528
117387200 120865455
347741464 437588329
233655480 477026098
257208592 331925337
94666557 464849026
148789931 238138711
131185553 266495993
245612682 434775220
31802349 317782559
346387454 390991621
167360958 249396599
157326009 277505116
134230378 401409221
361565192 427522315
196608481 241422937
28282426 300391467
44316397 123056291
4350171 277400366
393389831 404437777
63951697 254000011
39659540 388466807
297659494 328528482
176805414 476096307
205508015 405570833
238634452 239195439
242803130 482643647
70894173 373698521
214455552 475812013
31047610 301058647
415816944 421884127
63645974 101509436
143479440 281627523
617855 115110843
109847002 193320814
345743227 346500253
161811153 390463695
41634381 380536088
219938540 364905680
31015868 242734994
262072691 284800783
275215028 491105688
42308368 267440605
144999294 485895962
120765911 217665635
355236492 482665876
288890142 361490097
166942522 352042456
159184271 275724277
347500009 414465392
392972183 453451623
147271622 451121670
220206254 276745112
283017316 311826760
206720872 421296162
72468165 396228646
457715631 487255925
297803657 299824162
317773042 341583978
37411150 263846751
33959832 136448480
97640720 352816783
21101124 367476917
132620727 232658631
396469907 410375746
42733813 253617128
114127945 325078770
129741007 413992321
270039201 461379225
96362297 182940040
124262101 339908680
81917809 148822987
418787499 468769246
45764564 451573741
311242959 455585693
35836616 414574512
122709212 176699196
75052489 247998232
874707 56715313
225364613 334047650
150175240 176549671
205865787 328812661
147843132 406514868
453277021 485982053
50295006 413976304
312250624 472074270
25787408 412421966
126059163 438143313
289738792 293548886
68378868 96640387
306541142 357060869
174962904 183960771
50312820 235281734
5363628 466109380
40573335 385521479
29997163 455776944
153648961 289849621
136520256 325751940
215506000 429907885
52598599 384717881
258181301 291833357
438180098 439277712
113830185 425769459
425103973 491639875
164345388 484713200
24573101 314185648
113907925 475786623
56568487 97180402
128564552 405790505
258015469 300175249
21205464 462693482
221668858 321789331
102935007 445551182
93451617 112785281
300402531 306878178
212957098 395444002
131895538 466760156
151953599 444024618
149173764 210487867
335625285 487648112
292063600 392403452
137513765 231723348
99236219 406404277
125018551 265690249
95339498 131694938
354361122 471261780
248031600 432941374
16842913 263441610
44324062 410403152
464528009 497069201
480999806 498069941
43444750 80534818
70318130 241512224
144747265 268556185
351803876 408229233
206905984 402163980
85556356 168881801
172455724 319079022
113176193 166577356
129140316 252651143
207860798 264818216
394473127 484386605
124791734 173606217
194050907 459660012
11066690 439889194
190736309 353053088
36861817 272129182
314086311 352243062
21489414 354402680
315097396 374596551
153206323 207976419
82617255 232164752
29172665 222358697
15139219 51592572
119552422 412568746
18059370 438039482
23482596 61355816
341994489 433666877
121586623 317397422
39056125 264510633
239694971 379884450
103180736 141164287
241681533 241746543
142398394 252773196
32965783 433927568
144990069 461096074
179853460 305373203
168823379 213067988
125458674 359492260
85153806 454305728
40637136 408923077
263075661 304480734
81504814 276185864
168707918 239241255
48943496 256527251
147334694 201403564
334488386 347168392
62449389 310923926
266756154 365159307
319868054 441559367
260906315 297329292
227659156 287810388
283780042 417749131
194654435 391717117
32595897 188044755
296760850 402241467
276412468 462324764
5842284 287765072
398001539 441033534
239749632 241238550
137057167 485453343
235693576 362515013
73063491 346249428
161885134 292655016
106411512 451219939
190863654 434957031
54380164 409778940
145503952 374741301
200055357 246790707
194703611 348147431
412498712 466551819
45057148 203993207
465968712 485613466
370564354 395829589
124702437 237913870
70231740 205586437
46261534 340378157
414551862 433286542
234532886 466889401
220809456 273614326
7425378 58319729
414010389 475851239
282593476 412533578
421442624 459182799
296431636 479151204
88089375 181087542
138906668 168851470
18483834 174103040
188273774 211380258
76933737 121216562
241018625 296832338
346360727 485304212
253466601 496131350
164683107 213429399
151925677 246583522
207641476 472843588
169340580 274830214
85489142 212895541
64419432 495573043
45504687 490330594
254629315 355826764
1738371 211908489
51816450 136308164
309284797 340977457
185761039 298086441
16057687 101247216
200295144 423026293
145901088 476411780
44041222 296280791
120593968 220759139
26426979 277060373
157897785 368646451
196163090 258135479
416077705 481618184
49989359 396233423
153665461 203400624
36782769 341884382
108223930 120850571
341709334 409030423
62220313 189507777
6923933 230248764
204833042 248059940
320094305 412707336
12502608 174638478
271014607 476318004
36453168 484087183
142567022 447780950
262242763 280986715
82026501 461582419
205239196 349957530
159431816 311898808
100953127 175499216
170089848 371210149
156835860 318788907
332594223 423347888
287174688 432729328
172956227 266441469
143892503 384622323
241164416 437533400
129343468 359358008
192409362 377731107
285503940 422752745
45217133 221378430
68286391 96165326
96150240 104963808
86864571 467096217
54869973 177665708
197915813 434542827
153461603 266918256
301361109 404741434
62475264 106979503
59880505 146079884
204477558 326378799
23173737 423828479
146499188 382281646
148488928 445408376
64814365 486181914
1847558 497128253
285324321 351088481
265354318 474274796
19224862 309508889
280822139 311625183
84845844 177962206
323880012 392263705
311367403 400332647
363202984 480967997
315539899 498381477
62433546 477279171
164259073 243437345
115740271 350867854
229970071 428829494
190231424 220652729
2332517 94108128
340887634 393637867
383091550 460198630
66403822 297797886
11859626 65869713
159313134 321610607
147341517 356961615
1306954 245515680
60327812 318121498
438364436 452037649
47552467 194484586
391258798 468431433
99931888 111379267
98656735 313052612
373056135 423794031
41271092 80861339
70411446 179654420
15245088 226713011
50645611 70588764
157930034 333021532
421603761 454770609
11541517 190779710
50876081 57944217
226473207 361844460
63898372 481134482
317305588 491776878
42703217 196539055
56800901 194886120
49056446 374519105
219774017 244697283
78981641 255322408
410061286 486878915
31494140 220929171
266523344 378916649
255536230 446663073
226345279 432764213
487145930 496294664
33895913 477576438
153308938 180341727
375750883 474971212
222780191 325148040
126262797 478006133
50203436 84853859
314235507 498690494
388962388 485361445
267534009 339158019
218321565 305250073
61442959 240319704
159699120 352312771
246654026 264112871
252346262 274138244
118938749 332989042
64185352 439890646
230486883 381641696
76785520 353717551
71898076 473459195
14168520 17774964
331114293 331758745
70063265 265339187
260422569 285630141
289899549 396063123
7463197 481959134
169415748 220283239
169742250 492694540
303224361 307604622
158637715 321753683
172454627 215667201
400062857 419265419
290949000 419173935
336611506 416980548
58004557 304016218
8668642 72809426
265072815 409675949
92015640 282096882
309334257 437498549
45385207 446914144
35025886 380519979
175024242 496906910
413246977 441070426
77503466 244200402
24874364 409085189
54952251 430764581
283304938 331726988
87928950 445992434
197183136 418838457
370354614 413790138
368636397 428519722
384932266 442902426
87358393 238748998
245698398 309885813
243698740 311677223
272265909 480075395
272977184 310517340
373652521 467530686
401707649 464467147
14844896 123544794
205634467 393426168
104313372 230692765
115782751 159206222
311401450 327572850
3457696 341322662
78032571 330844812
387808380 460057808
119502631 275849559
202420293 372355930
404623868 425195397
87481689 265547607
278059070 327336689
7479443 316615382
166596592 496269032
37536541 260365881
142984198 493294034
356670654 432921124
95207064 121739912
25225275 231523329
7914752 203451675
128194792 414703383
315945774 380465755
51469890 449256226
80434533 183659160
93872807 352741229
316989137 349010699
202853930 212090562
59297683 183666754
295651649 391339563
18426351 226412189
277286899 438362557
64320081 375758642
427122215 439183243
461875353 490171440
476170507 479466823
368292865 425015840
238485539 494370728
178825910 352521657
97036327 330345877
151216652 455493972
113536984 117506497
87005283 119059459
60532235 378621429
184273603 243341763
28384508 113649271
399520380 400318982
222350858 394695248
327845821 479327949
372081359 481724008
99271402 387069635
58686000 488642771
100876939 249804078
220180632 468157033
248347648 432433099
84188676 302358949
279967728 410735191
159351503 321476714
106486526 228150821
135873222 408496104
170831812 325550100
88999208 393342267
59172474 363499406
30585621 201123317
64486229 438570706
23987321 264900784
249835173 337896194
17962902 181203235
9501043 183263915
1498659 22758676
192524938 194888775
249556918 336544602
349801939 354993973
324489275 424271054
157209865 248739926
271200436 292933412
108338350 167438399
296918022 432868822
74516110 230553937
189641086 456341738
160996159 433902877
45385988 210488860
173936031 370859799
386620707 453944999
34531385 67763067
83401948 228364964
153452608 168005357
112657919 241124451
277812118 311779209
11831267 104212094
2007649 217893970
1158282 366117545
108466086 209947521
254642954 330029568
181317645 474858190
204291930 446372164
102919310 447650117
176327656 291971970
136961508 273566744
260148249 421642550
66977572 428190801
161989695 369129952
364024520 381187862
213661632 369659925
166815830 395585367
53345829 232997396
67606465 181991864
22995404 444504426
200396047 232567590
15735894 448536991
303115035 324847705
115896100 186220874
455828314 476153703
341045201 447402628
265429388 372731687
385507458 407293878
52731864 313815542
217153295 336761520
218623641 429742348
22591702 286520032
85630402 421993776
19349141 296888144
43501479 422600136
29857985 341388511
155692434 213704597
289764087 462910601
237234152 294980864
279590302 291315452
74001877 431355248
219728835 359316110
109341078 472101879
335313030 378984913
425257661 465214260
284749201 288420016
14462165 266154732
23838406 345541677
170369151 211366650
41153207 215139364
199739024 389810009
2566651 242274719
307881400 412903867
315985886 431126309
62216097 476550470
151257233 181508569
40758876 133988199
349660347 458640487
76726910 329369116
168604123 282855773
250267405 419796998
294783996 451320774
300717555 368252186
216142625 269921309
131694944 211875662
93548589 498545302
221939626 229012169
3023629 277035869
232939508 480218586
424211360 468906185
66053936 252188721
285125141 464119985
30890043 39591422
41431024 491323554
197885119 363323973
270335386 495571438
68121678 127026973
101871011 193354203
170088345 371213132
53332913 375264689
165495251 316015920
368610762 387155668
26814564 295396896
65358360 147385856
78899925 305266675
252380126 290296426
200463433 466066997
166468394 272745077
1913587 57528457
198201971 459203167
16001885 452223685
20797162 280372559
58581900 368947842
59600775 499813373
107006038 400096796
32171050 292085055
121338121 396966862
463770781 481586565
141384421 331593974
275785534 282501346
455176036 482015645
221882271 393608102
35088272 258824060
382926014 490811630
338729275 417617350
31975502 239560401
339722091 427128616
20104498 426540031
41994631 472571669
402955004 461252674
186482834 406247626
348417670 439289474
363887990 475555881
109320786 353193482
91077136 172214544
113930849 252665821
223179030 403925190
153426931 445375624
440964467 498360617
240624116 403533539
62931371 197550273
76385327 481656662
230886411 292490691
267180620 475768144
113440842 472460950
65438818 197553499
74268999 237500337
1039512 395498687
75391680 497161068
383522336 489783872
57629203 147436750
103028706 435308836
263140693 495556911
313962823 383022762
193663925 411828768
236900716 371768178
181823484 488425861
43863464 386369326
106601733 397105819
305979836 454832059
124764124 283075221
360765023 446998544
83312816 88729925
80458118 283994499
27481048 185398644
217904 222477050
71375364 344266283
97146211 240191935
115567480 411366051
285187860 384705928
108109686 376386965
130661290 157147827
35151631 368940693
315467518 384362163
66672827 225271995
101861592 331911051
131565585 407498504
23847919 263669262
69073203 373451493
178592822 297613434
72472872 278219760
72345445 219781923
209054233 340423899
179456558 287880170
287677487 475924199
160784306 350588666
173829107 346461198
314527397 385291267
391604332 393506048
355286661 435669081
63942287 301885933
226315848 472958677
245075360 437311392
73448489 405230415
53577479 357768380
83290403 139571552
490253687 494514875
164699348 429677406
88234444 463604405
259262014 471584864
78351894 339065159
165340395 354060354
214060619 466479500
267826299 280393808
96553061 437053960
92447898 149370652
129968830 348522982
333614801 455393742
15261843 282039004
171132417 288073434
137193007 210958412
91250140 124747553
189884656 319644243
11126403 237423871
176548893 489725934
94876627 424114117
75853303 331840807
110135528 307353441
336131277 338480779
317566353 419382837
282954344 408457767
192265536 277338642
185795344 395622362
192125694 328968480
37104460 115048099
111689014 270955092
222524878 383021644
389387000 409478799
15006120 159411143
223335399 297515160
49105150 379954384
33054656 295213120
266132805 492581146
299043409 341117725
202925509 387892429
198709937 255721159
183305247 339712302
164289190 324905608
303734390 486377020

