100 2
46 77 25
51 84 4
27 66 2
21 71 4
18 58 15
8 69 11
88 98 11
17 18 13
71 77 14
28 33 15
2 71 19
5 37 27
7 91 21
37 100 26
14 91 30
7 61 22
16 18 2
80 94 14
23 35 28
20 66 8
28 32 29
20 79 10
54 70 16
76 85 6
13 27 29
32 60 5
15 93 8
10 91 8
21 94 9
68 89 11
13 95 12
30 57 16
1 27 27
25 90 17
39 40 15
7 54 5
67 73 18
6 65 20
25 84 24
26 55 23
18 87 8
31 52 20
45 58 9
79 90 26
54 92 3
7 79 9
21 63 23
58 81 15
3 10 24
24 94 11
9 45 19
7 73 17
54 57 2
5 22 30
39 48 25
46 99 5
31 61 19
91 94 16
5 70 2
37 50 23
73 78 22
72 81 21
41 57 4
85 88 24
28 38 4
54 74 8
29 43 16
23 100 22
59 99 6
4 9 6
1 88 24
24 55 2
60 97 26
25 29 23
7 82 20
48 82 7
9 86 11
71 93 20
10 33 24
44 46 9
64 86 13
17 26 19
87 89 10
19 42 11
38 47 13
8 47 27
9 49 4
52 53 25
16 42 4
26 65 27
6 83 11
7 36 20
34 73 30
12 61 20
31 96 28
14 62 2
2 56 29
5 75 14
11 49 13
