1000 2
116 423 18
10 454 18
397 889 82
763 926 32
522 688 89
584 883 2
757 879 13
212 758 48
10 466 11
439 625 58
86 563 16
360 986 54
417 732 61
867 878 83
409 550 74
278 504 70
840 940 46
345 569 67
122 850 20
651 722 65
535 877 1
152 455 28
9 967 99
30 851 70
204 240 6
173 531 67
419 960 21
2 919 50
400 653 96
259 422 99
303 554 54
51 419 36
302 442 7
449 763 66
162 899 18
483 719 38
229 301 87
363 977 63
597 604 75
105 735 5
284 720 92
288 728 8
630 824 34
439 684 57
17 896 56
28 421 35
34 905 90
542 687 32
199 666 30
472 573 62
294 818 24
414 772 57
230 589 71
446 926 59
124 448 85
893 985 36
402 921 41
159 958 74
299 482 15
497 607 35
526 832 83
779 811 61
565 846 17
979 996 18
369 718 43
202 538 41
404 817 17
490 625 93
137 721 14
508 722 68
280 889 93
411 698 2
243 406 7
585 948 65
62 214 32
35 398 21
350 918 43
571 886 65
17 89 100
677 954 27
410 501 86
387 857 29
326 355 49
742 815 35
535 906 33
475 496 36
635 711 9
741 841 73
11 336 99
27 614 46
356 841 32
17 231 38
614 714 1
113 130 52
184 915 78
177 879 29
792 908 83
9 841 77
587 992 20
120 525 85
140 629 17
43 914 40
7 8 81
194 575 21
85 532 41
158 349 69
335 622 28
149 165 61
182 589 44
690 867 51
302 662 91
248 794 80
335 879 70
277 527 69
180 473 30
523 981 91
268 555 10
608 703 12
72 910 10
639 966 41
205 596 9
261 530 4
356 673 3
25 764 66
270 388 15
886 905 24
152 925 4
269 424 76
575 982 44
862 940 45
331 588 46
261 973 86
324 531 72
676 980 86
234 295 44
387 777 27
565 572 79
416 542 57
289 596 29
75 651 100
371 906 27
331 721 25
540 773 28
617 885 10
273 955 93
169 223 80
568 911 16
107 937 37
334 838 46
139 723 82
433 986 12
94 691 62
81 703 62
181 305 76
377 664 68
24 492 84
468 627 98
158 197 58
111 565 18
70 632 98
268 511 63
240 845 61
97 895 91
282 894 2
812 868 11
65 351 13
393 994 93
155 376 87
754 923 64
569 588 24
41 348 45
331 984 45
664 787 63
162 357 18
646 695 38
201 920 44
635 972 96
877 969 4
56 569 36
238 671 84
684 919 26
318 696 97
336 501 10
352 950 79
625 779 80
237 308 51
181 376 31
747 884 96
18 655 88
149 170 68
450 956 46
483 657 19
494 760 27
245 959 29
369 797 51
880 958 10
174 732 40
48 77 42
58 992 1
342 804 15
647 891 51
401 466 31
284 363 94
440 597 21
23 508 40
2 71 29
496 707 80
95 278 23
480 536 76
20 509 57
15 861 67
483 718 44
658 727 59
207 680 13
115 342 73
33 743 76
740 942 14
428 793 92
666 685 36
369 990 20
100 117 30
235 418 46
715 912 24
295 297 63
582 723 77
311 372 74
174 309 91
524 567 26
206 582 71
81 695 12
296 684 98
412 496 40
393 657 72
209 939 98
785 976 4
298 813 90
267 686 93
447 936 74
184 874 16
13 691 39
347 543 36
657 726 44
57 686 99
94 599 62
287 593 76
190 725 18
18 554 33
368 603 28
677 714 87
902 961 8
453 635 50
65 999 80
224 829 92
59 384 74
727 895 44
35 49 61
177 629 48
228 386 16
54 689 6
172 891 54
170 317 92
423 750 63
816 950 89
939 993 18
198 326 25
469 753 79
732 734 62
343 426 47
473 751 48
838 980 91
312 538 67
603 664 39
633 683 33
170 319 4
492 676 35
680 839 11
39 678 83
715 838 60
365 987 3
463 620 100
3 740 79
648 803 2
173 972 72
423 700 48
581 590 86
537 876 33
445 860 60
798 906 9
386 705 95
576 854 75
118 214 59
524 649 33
718 970 88
681 814 20
26 50 40
139 557 5
36 349 93
202 539 46
371 560 55
177 633 51
30 503 4
101 505 74
612 679 21
286 697 79
316 524 71
430 632 59
269 458 11
454 583 6
65 146 58
645 998 5
315 744 78
27 596 49
174 564 26
340 781 43
397 521 90
172 261 36
121 445 98
652 716 87
64 794 98
770 941 21
851 963 88
314 797 91
10 627 88
108 482 36
142 392 80
436 651 52
524 815 14
204 261 73
392 852 80
144 996 19
637 891 2
351 633 9
523 934 18
919 972 4
411 746 38
148 233 64
643 941 10
683 961 28
719 808 10
265 339 16
13 686 8
462 519 91
388 837 84
18 344 58
73 354 35
277 723 25
708 833 49
330 428 43
34 572 55
148 152 97
402 617 9
69 905 23
547 925 95
47 103 87
325 370 20
638 744 62
15 645 32
553 919 5
443 920 17
267 993 24
314 717 81
790 996 31
127 663 3
219 417 58
136 918 67
253 626 26
185 212 1
393 459 10
429 969 55
490 618 69
520 602 20
182 608 71
72 736 26
561 851 52
124 405 85
427 796 69
262 617 7
3 15 25
433 930 28
179 823 57
259 534 9
97 870 54
104 234 63
201 837 83
388 696 82
387 578 86
50 361 16
63 461 58
695 758 59
4 810 91
406 953 78
578 899 24
620 849 77
93 817 50
3 514 62
641 769 17
71 535 56
130 614 36
290 927 61
195 939 73
419 900 67
345 749 80
350 656 45
674 935 30
294 815 19
397 850 63
849 888 84
623 858 65
391 427 75
267 466 14
16 428 59
334 987 5
91 296 7
112 477 51
436 460 85
201 749 75
299 433 14
55 915 39
142 261 1
668 988 72
139 679 16
430 576 68
14 337 94
403 854 9
92 108 98
294 439 7
120 1000 99
688 709 63
354 830 25
390 788 4
511 915 40
50 887 47
905 935 45
124 182 49
122 376 76
455 829 63
625 673 40
103 846 64
174 379 98
66 89 52
406 492 47
363 430 4
284 299 1
71 596 51
475 821 6
22 794 63
34 521 9
471 624 48
670 908 11
458 786 40
220 963 14
472 679 9
294 445 58
194 447 75
194 668 2
162 737 33
207 378 10
481 991 72
19 531 23
73 519 21
629 643 22
129 850 10
201 639 8
537 994 18
223 494 22
54 664 14
798 936 22
354 537 35
394 864 33
34 385 64
447 729 92
447 840 89
381 757 58
374 962 99
332 583 44
761 898 97
103 658 100
412 831 72
161 609 54
747 918 59
441 888 89
366 417 88
386 626 11
407 797 47
308 563 95
274 726 11
287 886 56
753 897 61
425 650 21
65 734 98
687 968 6
427 698 45
820 844 25
864 889 59
128 968 80
327 806 40
499 517 17
416 953 51
101 419 23
9 652 18
567 851 11
691 741 22
277 947 9
821 959 7
179 804 69
19 509 36
506 811 79
344 866 1
483 987 55
53 160 90
792 846 71
90 532 9
320 411 72
759 880 99
724 999 14
531 612 5
366 412 26
93 786 80
360 454 100
252 270 76
282 331 13
193 870 62
82 949 92
151 571 23
271 446 89
1 580 13
256 458 37
391 461 12
17 302 68
96 114 91
782 922 33
435 512 18
495 565 46
220 743 83
152 665 90
483 920 41
175 332 39
557 850 80
57 653 31
253 691 57
335 939 26
642 793 19
143 512 78
584 865 97
63 691 43
647 798 62
274 521 64
50 284 82
480 966 64
285 932 42
311 537 88
117 641 60
252 517 77
77 632 6
708 902 1
545 706 47
499 666 38
297 835 21
565 996 46
698 759 58
149 613 50
682 829 29
349 460 5
192 509 14
390 701 92
639 731 56
373 996 83
212 977 70
153 489 36
191 919 26
613 763 99
41 473 55
29 581 4
675 875 8
14 247 65
11 624 51
450 821 86
772 879 52
781 800 51
114 945 42
62 97 99
226 344 62
516 540 84
525 719 4
172 497 39
777 863 40
568 705 100
164 285 69
26 207 17
89 226 50
473 577 85
177 179 32
150 258 25
703 735 56
513 651 37
8 910 38
168 528 48
420 907 57
83 351 64
187 316 50
75 787 61
474 946 60
313 728 66
62 333 40
464 799 68
37 539 54
150 806 53
354 693 1
762 850 51
143 534 68
829 873 13
84 466 52
62 748 41
467 750 1
118 364 48
228 794 64
180 989 2
182 224 75
109 197 85
313 909 44
768 852 38
244 648 94
17 205 35
254 447 12
52 268 17
149 235 19
29 49 79
587 639 78
15 137 42
303 875 68
225 527 4
203 704 57
737 954 58
528 797 87
167 365 22
557 597 41
395 539 65
624 980 95
571 946 19
651 727 28
193 359 22
83 328 78
272 483 10
237 958 7
116 882 56
895 943 59
549 784 27
778 794 87
236 989 61
47 319 32
124 374 67
39 840 49
473 991 62
725 978 15
36 322 97
246 924 96
152 352 35
711 793 49
342 408 78
422 470 14
68 691 12
55 932 22
352 451 80
549 620 88
251 387 79
491 818 89
48 995 17
32 653 6
273 300 9
238 290 56
645 776 64
76 803 92
255 838 88
54 667 4
481 796 54
422 932 94
650 879 58
251 292 98
222 579 72
740 827 45
169 219 55
508 548 63
99 907 26
38 761 94
861 957 57
552 969 65
237 710 52
413 417 36
78 866 89
631 743 23
768 928 97
290 448 57
346 467 21
195 467 38
503 932 79
92 774 16
475 540 78
869 987 21
224 730 8
117 159 10
153 577 5
583 611 90
477 565 53
726 761 95
30 893 44
91 171 57
481 782 60
617 889 90
230 752 29
298 894 41
276 330 38
98 370 56
161 615 55
335 421 34
422 945 11
469 641 40
485 985 25
603 931 42
503 621 97
250 815 58
765 945 53
300 619 62
118 135 48
45 830 42
496 859 79
586 748 96
681 754 8
415 588 79
475 709 18
43 501 95
116 484 74
246 953 8
145 257 59
754 918 91
338 897 53
419 736 6
459 493 69
246 543 23
261 907 34
401 799 11
296 805 97
158 640 58
215 702 2
38 432 22
430 434 49
139 579 55
53 350 91
315 681 71
215 334 32
347 382 92
11 824 93
151 263 40
78 396 30
706 744 79
31 723 70
250 257 88
296 847 3
426 739 74
210 304 22
178 183 54
209 909 26
555 871 41
181 594 5
157 991 79
463 690 9
183 665 14
223 520 13
159 389 64
148 872 99
25 635 16
485 820 33
128 247 12
82 394 34
815 960 38
57 780 63
154 434 45
127 706 88
91 293 59
199 581 72
211 554 75
917 923 31
619 798 18
532 608 8
456 692 64
604 606 94
310 970 57
291 327 58
56 856 56
247 934 19
404 656 3
76 778 12
325 558 73
706 774 70
256 654 74
383 550 99
312 968 19
42 333 64
391 785 72
799 901 15
239 804 100
680 836 66
515 713 27
131 761 26
79 133 54
238 661 56
796 810 98
644 717 6
690 995 82
369 828 52
67 400 89
157 598 28
479 981 55
275 446 55
260 417 19
139 713 19
284 800 70
104 599 9
525 855 56
241 878 56
232 891 54
80 666 50
165 623 96
557 628 14
556 833 94
98 759 53
5 469 34
47 208 77
793 983 2
324 832 37
375 599 67
195 843 75
492 600 88
12 593 26
77 488 54
44 610 33
725 973 59
323 875 74
646 659 40
19 264 10
286 968 93
329 844 49
210 581 95
110 450 18
222 795 57
592 660 75
868 939 21
91 672 60
301 682 4
6 754 23
390 622 44
151 801 53
298 755 45
425 562 93
14 166 96
595 709 32
584 938 13
321 604 82
72 362 12
507 720 99
367 791 27
77 938 19
107 429 85
196 490 99
198 453 94
371 834 49
178 438 87
763 775 58
409 825 84
502 844 44
123 997 78
75 822 59
671 975 78
341 727 80
758 944 99
163 366 15
715 745 16
767 905 60
37 367 63
474 890 57
566 610 84
516 766 95
42 712 93
476 568 3
125 378 31
513 601 21
416 541 10
452 590 52
88 836 79
72 95 72
21 663 90
147 707 69
158 380 34
186 586 21
126 886 41
258 953 73
667 807 94
337 610 45
249 285 14
12 518 18
59 951 83
49 444 1
546 851 17
812 826 93
511 733 93
153 383 13
286 570 50
249 802 60
111 227 83
85 456 1
45 842 39
133 647 44
74 326 91
102 169 94
216 420 23
87 506 7
212 353 70
334 544 33
59 595 60
97 213 47
394 529 72
323 615 40
134 983 9
532 848 83
180 486 10
697 997 19
1 320 25
62 756 50
394 431 91
758 965 7
591 600 20
239 592 58
46 283 75
18 694 59
347 465 72
220 916 7
110 399 10
699 921 67
132 741 98
60 692 96
490 669 93
890 929 70
585 910 45
426 862 57
89 853 79
217 872 41
266 955 8
498 725 83
283 793 92
156 552 32
119 121 69
533 944 60
852 971 89
491 881 46
616 980 42
200 425 78
237 339 81
358 936 95
492 500 99
457 894 99
399 974 27
412 952 40
809 889 50
218 584 74
795 819 32
306 556 27
584 634 3
595 903 60
487 920 47
770 913 62
188 436 60
141 429 89
357 704 70
279 962 56
738 970 35
56 242 12
13 40 17
281 722 62
478 613 68
307 541 74
510 774 99
559 584 17
964 988 78
219 783 86
574 841 1
636 992 42
147 221 32
789 998 4
106 628 7
771 976 24
176 375 25
437 838 12
138 382 16
16 933 49
389 605 19
46 892 25
189 789 6
750 904 62
55 551 6
61 947 54
