100 4
41 43 92
59 88 40
33 49 94
85 98 37
21 49 10
37 92 68
48 74 29
38 79 73
56 82 10
2 47 75
15 34 16
11 36 75
6 71 74
7 78 11
25 40 3
5 11 42
11 12 3
16 22 47
46 85 62
21 34 86
41 91 79
84 90 86
25 68 35
28 68 86
24 68 36
4 49 65
15 22 45
52 69 75
55 99 51
17 72 63
55 85 63
87 99 21
16 94 30
20 68 97
60 72 17
80 85 20
41 47 79
31 73 1
38 43 80
17 21 40
43 69 59
24 66 75
75 96 93
1 24 17
28 33 8
28 42 1
81 94 34
50 89 35
30 66 35
8 71 3
8 31 2
76 81 23
18 95 73
31 77 20
45 75 79
2 49 58
53 54 22
67 78 5
12 18 77
82 89 53
46 88 48
66 84 65
54 86 32
37 96 88
61 93 97
46 90 81
53 64 78
18 79 1
17 31 2
88 93 75
42 74 99
7 9 45
50 95 28
23 82 59
10 52 15
60 64 4
29 37 50
65 87 60
65 97 59
28 58 71
34 51 16
45 46 87
50 70 21
27 41 66
40 44 10
34 100 27
38 62 31
26 30 73
19 69 88
19 78 29
22 57 65
15 32 3
17 63 60
35 81 42
13 94 78
32 39 37
3 94 45
9 14 23
66 83 42
