1000 50
767 854 11
127 689 46
183 484 73
529 738 33
125 428 90
342 853 56
40 174 87
329 956 35
550 996 99
37 279 44
68 925 18
757 975 69
20 928 33
208 790 6
32 799 82
169 211 21
99 285 68
399 845 58
374 883 75
435 851 33
114 366 51
444 822 81
316 780 25
161 358 33
578 631 39
225 413 87
466 593 73
898 957 64
417 442 20
618 920 69
606 915 66
43 788 31
479 670 90
720 901 23
149 683 5
47 426 23
921 992 84
813 827 2
271 889 8
302 997 69
255 503 85
309 603 82
388 941 95
219 729 92
616 919 32
552 884 60
212 299 5
795 821 66
253 403 77
24 861 13
799 960 66
523 710 61
647 818 25
186 435 30
409 709 83
428 432 39
231 792 9
241 807 25
203 333 5
435 671 8
283 575 75
42 331 84
269 389 8
297 970 57
49 700 91
219 274 38
472 702 90
534 716 57
80 611 79
560 817 62
306 724 30
907 952 52
197 467 35
840 976 62
406 651 83
35 599 18
157 643 67
273 616 100
78 618 43
341 810 86
577 623 67
446 955 8
1 781 93
405 702 11
39 52 10
50 592 77
183 632 99
137 403 25
545 812 48
519 594 50
485 672 1
761 963 62
847 925 15
109 310 1
192 491 99
142 380 73
136 170 3
92 716 38
358 567 36
84 501 63
379 425 74
789 880 65
375 822 16
462 846 37
7 701 57
362 544 91
421 984 91
536 666 41
130 763 48
178 867 22
34 394 79
174 758 11
213 590 98
139 375 93
23 773 98
207 284 32
798 884 82
123 674 13
471 938 78
136 761 64
5 44 19
146 593 82
267 877 7
56 453 62
347 374 62
454 857 95
519 529 14
527 731 33
769 829 78
59 622 31
262 562 17
325 493 50
481 861 12
152 899 11
762 960 31
323 831 20
485 955 49
162 869 53
157 915 31
31 865 91
475 559 50
412 524 40
81 362 14
228 811 80
169 422 40
541 931 18
505 549 59
574 912 35
299 884 57
161 716 15
23 683 60
573 902 51
288 930 92
254 848 76
75 572 52
59 162 28
201 938 89
194 979 38
748 943 57
10 951 92
297 583 15
569 824 64
331 527 59
105 395 77
75 739 21
842 885 90
96 233 49
254 341 13
355 633 40
98 169 18
237 751 17
565 866 24
725 764 28
79 532 86
494 980 32
361 715 96
122 716 39
773 817 3
490 671 40
224 597 2
554 631 100
183 373 36
10 817 36
186 524 46
463 584 88
146 679 32
115 738 30
313 978 47
245 563 68
254 364 55
235 429 75
75 193 65
277 511 98
98 590 80
242 909 62
586 665 45
942 957 50
432 975 88
227 748 89
635 659 84
155 294 99
106 538 97
782 785 59
161 966 4
908 972 1
390 652 53
773 878 38
850 937 94
427 890 20
469 814 14
723 842 65
448 963 34
5 473 42
654 902 57
197 861 21
598 985 57
173 633 72
779 909 73
166 637 51
722 946 95
297 421 78
821 855 20
48 714 67
85 499 20
500 980 61
193 540 14
25 142 38
675 823 29
438 699 22
266 797 61
795 919 65
22 581 42
706 940 21
172 732 6
624 773 27
857 941 75
831 922 40
326 407 70
867 966 68
161 480 28
47 572 19
851 988 68
180 825 72
958 976 34
349 609 78
40 476 49
374 525 54
784 812 82
177 212 21
79 658 82
772 957 85
483 600 54
587 676 3
475 914 89
515 652 37
622 865 21
21 797 64
135 736 50
2 176 11
486 600 4
663 775 90
25 285 35
40 265 18
50 267 6
890 957 79
155 240 57
242 720 28
472 798 15
356 477 10
275 942 75
185 201 80
323 724 45
255 467 74
148 685 80
41 837 63
55 198 74
195 505 39
504 652 43
27 69 4
237 854 44
914 960 3
551 954 53
90 850 10
55 165 65
194 915 58
484 614 82
218 536 89
323 656 69
26 569 100
767 922 58
272 470 76
628 915 5
352 535 96
534 805 92
33 247 20
709 935 31
398 948 95
294 705 33
44 205 38
310 514 36
545 995 20
89 758 90
332 369 57
601 992 1
554 806 72
45 439 8
104 670 59
493 559 49
65 176 97
452 728 78
830 860 90
408 863 9
156 938 3
151 629 89
68 223 46
196 848 38
44 88 21
616 969 9
165 912 92
12 466 34
379 401 12
450 664 91
247 427 92
345 662 24
107 616 6
595 910 70
19 306 90
450 863 88
375 836 52
234 768 80
57 109 31
216 258 34
694 866 52
131 418 68
496 704 9
27 88 48
87 660 57
376 738 79
168 835 60
854 929 75
446 941 44
310 665 61
104 397 32
235 623 14
28 732 96
77 219 34
524 825 57
155 750 26
548 921 27
736 936 71
239 952 29
73 499 50
260 261 33
96 871 34
551 647 53
247 585 71
296 298 1
68 550 7
84 794 33
236 807 23
31 914 89
496 776 77
314 782 38
145 685 21
33 272 73
100 127 67
438 587 51
167 410 1
135 882 29
266 789 57
162 659 79
90 857 14
647 914 31
543 909 47
189 306 81
445 514 27
582 885 23
641 678 30
881 948 16
415 446 23
842 859 39
881 980 29
384 779 28
531 621 47
206 274 26
350 819 22
118 148 43
204 398 33
207 726 41
382 986 27
805 889 43
185 387 54
327 496 72
480 505 100
142 152 78
154 244 64
324 387 77
285 290 66
244 437 76
261 488 72
24 493 78
139 654 34
197 390 91
212 893 42
243 659 12
657 886 12
472 548 58
1 576 48
433 542 2
841 933 60
43 75 97
362 937 86
64 538 20
261 521 43
639 835 4
205 487 30
74 416 38
120 809 79
162 332 81
497 864 55
190 919 24
3 89 20
494 862 63
342 839 40
313 482 11
88 797 61
47 855 29
63 840 79
865 908 17
221 824 88
541 712 91
9 754 2
357 709 74
210 902 83
670 695 51
330 904 67
620 674 34
651 804 9
440 814 25
465 878 24
144 860 71
409 954 74
273 353 30
673 1000 48
150 211 65
171 855 82
261 595 69
319 925 2
357 789 42
384 553 53
263 565 43
475 716 69
350 623 43
532 976 85
101 497 83
184 316 97
286 527 96
557 570 99
101 641 37
29 944 13
300 518 3
567 711 34
41 827 97
296 934 17
114 786 50
220 793 91
82 953 70
139 691 50
60 377 70
379 547 13
70 492 66
365 639 86
69 835 10
135 255 82
730 808 82
12 320 89
903 950 55
269 445 45
263 268 43
239 911 8
36 954 39
754 856 58
454 621 77
216 912 94
325 621 98
358 455 50
870 910 63
113 891 86
229 910 58
233 557 73
275 747 52
321 425 93
526 596 49
764 951 46
456 939 54
159 193 8
54 968 70
690 781 32
432 1000 30
925 986 60
128 713 95
516 664 64
416 744 94
496 933 78
330 394 42
247 433 20
466 676 71
103 736 67
477 635 11
205 295 39
397 933 84
692 738 44
799 932 94
122 577 2
54 60 36
301 685 73
83 463 30
750 826 7
108 386 75
728 894 28
461 941 69
90 660 59
715 743 21
573 580 97
479 584 61
109 669 34
630 980 15
410 979 79
861 921 93
46 750 77
418 717 16
2 238 46
348 992 36
114 150 41
160 933 10
489 775 77
522 765 49
620 988 35
449 511 2
872 877 68
103 963 7
690 943 21
195 511 62
903 991 79
258 676 80
13 557 36
392 583 94
87 690 97
215 337 68
498 943 13
606 691 75
263 552 33
603 738 20
43 502 41
303 466 24
813 954 96
225 314 98
816 832 57
63 902 19
458 597 93
906 922 12
113 557 66
367 558 46
847 854 49
142 301 69
103 427 95
48 515 84
223 373 29
227 705 89
21 964 9
344 815 79
800 819 13
556 867 74
169 741 34
630 940 51
206 914 2
121 343 85
317 416 43
499 672 18
186 221 100
164 609 70
804 997 73
145 947 37
269 392 80
580 848 47
252 408 97
260 594 46
457 644 76
595 962 35
117 961 44
897 994 97
7 374 63
576 697 25
37 878 100
99 578 18
351 506 83
52 851 10
680 912 81
270 919 98
529 878 3
870 898 71
398 827 92
10 537 12
681 755 70
493 777 16
472 848 28
244 464 93
950 970 19
542 771 97
87 131 6
89 293 19
525 927 1
216 357 74
270 815 72
721 766 46
380 577 62
482 585 84
383 707 73
579 764 84
568 854 22
253 426 48
326 842 86
95 432 9
419 892 73
27 228 50
106 199 57
576 726 33
66 910 87
58 147 19
122 137 35
271 834 73
180 454 10
595 768 55
172 552 28
314 334 95
958 1000 83
465 786 93
119 821 51
21 372 72
44 983 72
301 844 69
695 749 52
518 873 6
648 718 60
735 933 48
861 925 71
93 430 73
174 603 97
111 646 69
181 967 81
333 860 49
513 782 97
530 680 27
435 987 28
40 513 20
337 721 20
729 790 84
648 897 82
726 923 91
100 764 53
143 571 85
54 891 9
492 683 99
698 889 100
264 767 89
394 515 60
828 993 17
7 346 48
97 323 99
276 474 3
191 795 98
653 754 31
225 973 76
430 897 81
560 807 57
35 521 85
144 308 9
260 439 70
26 106 37
201 225 78
246 754 97
265 993 33
920 957 74
50 773 3
74 453 12
215 801 66
338 446 43
391 696 52
612 899 68
419 818 21
263 665 95
610 936 81
37 883 90
743 868 68
105 911 88
117 188 51
421 752 87
20 288 64
136 501 37
500 997 19
657 969 25
811 885 28
596 973 3
589 807 50
143 281 74
436 899 40
377 817 64
545 686 51
98 452 29
206 999 58
331 632 51
149 873 91
405 722 84
491 522 95
287 868 3
93 523 60
340 787 36
147 590 59
724 749 57
202 992 68
443 750 34
724 934 80
497 906 30
645 769 75
165 395 39
142 181 53
225 506 51
93 285 82
563 989 51
355 947 80
132 621 77
178 417 46
378 489 7
230 661 86
632 909 62
270 971 77
102 498 52
304 813 45
417 437 87
495 577 52
62 192 10
123 753 25
72 134 53
414 629 33
541 770 99
166 705 83
447 687 31
239 563 44
218 350 20
341 755 60
34 307 48
333 546 95
124 432 31
245 291 52
580 597 4
558 869 44
163 391 63
210 627 58
741 990 76
113 712 66
381 817 9
171 489 2
187 499 13
431 560 71
67 724 19
55 746 72
188 222 57
598 798 81
329 650 80
434 889 74
575 926 30
476 930 60
133 674 8
262 702 91
236 742 98
492 629 56
760 983 19
173 400 82
807 823 16
317 378 86
390 727 30
343 550 43
636 944 19
509 967 94
308 451 31
379 605 18
507 784 76
603 956 76
29 287 79
516 634 41
215 787 57
29 825 49
349 639 57
238 567 96
463 703 100
112 997 88
134 152 78
615 920 41
402 641 7
331 667 23
229 607 27
42 321 72
467 655 100
507 771 74
522 892 47
122 588 30
373 575 67
770 905 97
915 939 84
501 653 79
352 788 24
229 602 28
610 642 70
64 879 60
82 603 97
308 785 74
721 753 51
474 883 27
52 769 98
345 610 92
660 688 88
226 592 92
10 18 62
282 751 42
192 231 16
420 896 59
759 822 87
241 252 27
712 740 2
30 995 34
71 846 55
411 541 87
271 858 16
342 613 57
175 922 30
367 961 29
322 653 31
38 906 12
480 763 83
305 556 77
745 941 33
135 469 89
398 853 87
6 194 56
543 646 40
814 838 54
126 646 24
588 887 26
230 286 74
265 803 44
94 547 52
71 841 44
217 795 59
284 386 27
242 917 37
166 468 39
288 459 53
151 153 46
49 897 71
106 713 76
335 475 15
143 577 34
179 856 100
949 998 78
289 961 41
132 391 67
158 862 58
214 706 99
462 564 93
372 965 50
4 658 38
327 780 73
561 804 76
423 639 65
98 200 67
708 896 37
101 734 58
140 435 19
183 833 44
441 632 27
272 363 16
383 595 42
586 832 30
517 677 3
61 201 42
144 756 65
400 924 19
257 537 1
336 492 41
248 373 10
234 682 36
129 703 23
16 519 75
797 918 58
396 513 49
559 809 71
51 545 89
600 646 19
481 581 5
501 708 21
495 644 13
106 619 5
147 808 18
672 913 41
447 476 67
280 642 65
354 856 62
393 404 59
292 935 90
452 949 97
328 900 15
385 710 28
259 396 20
116 473 94
460 960 29
40 778 1
113 250 95
195 649 31
267 318 59
220 452 63
138 201 76
83 371 53
466 916 9
540 900 8
569 617 45
555 558 81
256 838 6
141 334 27
731 733 49
403 845 96
73 684 19
719 840 99
888 889 16
250 945 78
450 876 17
638 823 32
410 774 65
424 538 50
673 895 91
278 388 47
677 851 1
876 974 98
530 539 2
13 626 81
17 460 92
791 974 21
311 941 30
57 843 49
387 640 23
59 249 89
246 820 34
1 14 73
693 976 65
312 327 2
91 916 94
526 981 90
359 927 93
269 875 72
220 370 58
146 852 79
153 611 55
232 357 95
668 769 81
158 182 82
520 542 44
736 802 32
510 841 29
11 319 31
528 805 25
110 906 28
566 679 29
315 598 31
301 368 27
393 496 95
258 478 12
591 696 46
65 625 60
251 310 78
419 783 34
76 317 21
8 67 91
426 977 17
58 874 34
155 508 49
53 843 54
694 982 20
209 717 46
185 604 42
179 360 88
15 681 6
796 862 22
108 533 67
317 339 68
512 783 64
86 940 91
272 959 42
234 737 95
201 608 41
414 849 81
