100
8 8
1 1 1
1 3 3
1 2 2
1 4 4
1 7 7
1 5 5
1 6 6
8 8 1000
5 1
1 1 300
1 1 216
1 1 47
1 1 569
1 1 240
3 4
4 4 1000
4 4 1000
4 4 1000
3 7
3 7 122
4 2 196
7 3 370
5 5
3 4 778
4 4 982
4 4 184
4 3 461
4 4 370
6 7
6 4 969
5 6 129
5 6 235
4 4 512
5 5 57
4 6 23
5 5
1 3 409
3 2 194
1 3 65
1 4 813
4 3 433
4 1
1 1 3
1 1 970
1 1 95
1 1 48
4 5
4 3 209
2 4 784
5 4 64
4 1 419
5 4
3 1 292
4 1 182
2 1 85
1 3 849
2 4 325
3 6
1 2 378
6 3 987
1 6 681
8 4
4 1 510
3 1 989
1 1 12
1 1 240
3 1 439
1 1 127
1 1 712
1 1 828
8 8
4 4 153
2 3 761
3 6 147
5 2 793
3 2 56
1 8 551
8 4 864
8 1 68
7 7
4 4 685
4 7 105
2 4 600
5 3 381
4 4 622
7 5 682
4 3 395
8 8
8 8 1000
8 8 1000
8 8 1000
8 8 1000
8 8 1000
8 8 1000
8 8 1000
8 8 1000
8 8
1 5 5
1 2 2
1 7 7
1 3 3
1 8 8
1 4 4
1 6 6
1 1 1
6 6
5 6 112
6 5 548
6 6 258
6 6 127
4 5 443
5 4 231
8 2
1 2 354
2 1 52
1 2 361
1 2 1
1 1 549
1 1 295
2 2 50
2 1 119
7 2
1 1 879
2 2 433
2 2 733
2 1 49
2 2 129
1 1 18
2 2 659
4 3
3 2 281
1 2 82
3 2 785
3 2 663
7 3
3 1 669
2 2 73
3 3 240
2 2 391
2 2 781
2 2 3
2 3 375
3 8
8 3 23
8 6 825
5 1 822
6 5
5 5 300
2 3 821
2 5 700
5 5 479
4 5 608
3 4 284
1 5
5 1 675
1 1
1 1 1
8 7
6 7 213
2 3 932
3 3 297
3 5 808
6 1 861
2 2 579
3 3 437
1 2 294
8 5
1 2 843
2 1 384
1 5 279
2 4 79
3 2 485
2 2 506
4 3 899
2 2 173
2 7
7 7 1000
7 7 1000
3 2
1 2 274
1 1 740
2 2 68
1 2
1 1 396
7 6
4 5 579
5 6 392
6 6 788
4 5 971
4 4 604
6 4 980
4 4 341
2 4
4 4 1000
4 4 1000
4 3
1 1 826
1 2 56
2 3 699
2 2 719
8 8
5 7 2
8 7 71
6 5 604
8 5 634
7 7 254
7 5 136
8 8 454
8 7 972
5 6
6 6 1000
6 6 1000
6 6 1000
6 6 1000
6 6 1000
2 4
2 1 157
1 4 192
1 6
6 6 1000
4 8
2 1 171
4 5 905
8 8 377
6 2 17
8 8
5 6 925
8 7 389
8 6 872
5 6 343
5 5 444
5 8 59
8 7 886
5 6 764
8 7
5 7 256
6 4 640
3 6 685
3 3 486
3 3 940
2 3 410
2 2 468
1 3 180
4 2
1 2 329
2 1 304
2 1 143
2 1 648
8 2
1 1 537
2 1 411
2 2 244
2 1 84
2 1 23
1 1 293
2 1 150
1 2 537
2 6
6 4 340
1 6 497
7 7
7 1 977
5 5 77
2 3 549
3 6 177
5 1 795
7 7 732
1 5 939
7 7
5 4 478
6 5 455
4 6 811
5 6 641
6 5 22
4 6 143
5 6 816
7 8
5 2 372
4 6 166
6 2 517
6 4 170
5 1 108
7 6 636
1 8 345
2 8
5 7 24
2 2 212
1 4
3 1 739
7 5
3 3 882
4 2 694
2 5 433
5 3 994
2 1 624
5 2 551
5 5 241
1 8
8 5 96
2 8
2 5 661
7 2 941
6 7
1 5 700
7 3 145
1 5 734
6 4 118
3 7 51
3 6 605
5 8
7 2 543
2 8 452
2 1 322
6 5 879
5 1 940
2 2
1 1 632
2 2 545
4 8
4 7 353
8 1 32
7 4 657
5 2 160
7 3
2 1 382
3 2 29
3 1 319
3 2 656
2 3 276
2 2 509
3 2 337
4 2
1 1 140
2 1 345
2 1 632
2 1 578
7 2
1 2 514
2 1 286
2 2 407
1 2 894
1 2 56
1 2 852
2 2 26
8 4
4 4 433
4 4 240
4 4 980
4 4 259
4 4 480
4 4 575
4 4 864
4 4 437
2 4
2 1 565
2 4 321
7 3
2 1 957
1 1 422
2 2 353
1 3 13
3 1 803
2 1 156
2 1 367
5 7
1 4 917
7 1 585
4 2 533
7 6 609
3 6 659
7 8
2 7 718
7 2 433
4 2 349
5 7 144
7 6 183
6 4 183
5 7 711
6 4
4 3 823
1 4 921
3 2 293
2 3 347
2 3 340
2 1 459
8 7
4 5 238
6 6 130
4 6 25
5 4 503
4 6 800
5 6 253
5 4 755
4 4 392
7 6
6 6 1000
6 6 1000
6 6 1000
6 6 1000
6 6 1000
6 6 1000
6 6 1000
5 3
3 1 1
3 1 597
1 2 71
2 1 295
2 3 856
1 3
1 3 125
7 5
3 4 180
1 5 289
2 5 78
2 2 714
4 5 950
1 1 654
2 4 751
8 5
4 5 682
5 4 887
4 3 894
2 1 42
2 1 744
5 3 75
1 2 464
3 5 282
3 1
1 1 739
1 1 643
1 1 62
6 2
2 2 783
2 1 581
1 2 352
1 2 302
1 2 636
1 2 550
7 5
4 3 714
4 4 753
4 4 246
3 4 471
3 4 661
3 4 916
4 3 227
3 4
2 2 568
2 3 445
2 4 772
7 4
4 4 1000
4 4 1000
4 4 1000
4 4 1000
4 4 1000
4 4 1000
4 4 1000
2 1
1 1 36
1 1 144
7 1
1 1 924
1 1 458
1 1 531
1 1 999
1 1 676
1 1 887
1 1 171
8 8
1 8 993
1 5 996
1 7 994
1 1 1000
1 2 999
1 3 998
1 4 997
1 6 995
1 3
1 2 506
4 5
2 3 531
2 3 647
5 4 959
1 4 563
3 5
1 4 761
1 1 683
1 2 315
3 3
3 2 664
1 3 449
3 1 261
8 7
2 3 23
1 6 456
6 3 197
3 5 476
7 1 562
1 6 420
7 2 461
3 6 86
8 8
8 1 1000
8 1 1000
8 1 1000
8 1 1000
8 1 1000
8 1 1000
8 1 1000
8 1 1000
8 4
4 4 739
2 3 4
3 4 139
3 2 400
2 3 62
3 2 999
4 1 296
3 1 186
7 3
3 3 405
3 2 958
1 3 751
2 2 942
3 1 506
3 1 274
2 1 539
5 6
2 2 842
4 3 991
2 3 944
5 4 351
4 6 822
8 8
5 7 190
7 5 737
7 7 300
7 6 424
8 5 51
8 5 369
5 8 771
6 7 296
2 8
8 8 1000
8 8 1000
2 1
1 1 887
1 1 316
8 8
1 8 1000
1 8 1000
1 8 1000
1 8 1000
1 8 1000
1 8 1000
1 8 1000
1 8 1000
5 5
5 5 1000
5 5 1000
5 5 1000
5 5 1000
5 5 1000
7 6
5 6 146
1 2 572
2 2 451
5 3 825
5 2 262
4 4 362
5 3 632
4 4
4 4 1000
4 4 1000
4 4 1000
4 4 1000
2 7
3 3 733
2 1 199
7 4
4 1 245
3 1 142
3 1 116
3 3 974
4 2 635
1 2 716
2 2 696
5 6
4 4 838
6 6 810
4 3 570
2 3 891
4 5 698
5 3
1 3 500
2 3 518
2 1 774
1 2 286
2 2 638
8 8
8 1 26
3 1 752
6 1 315
3 1 423
8 1 735
6 1 807
7 1 780
6 1 697
4 5
4 1 771
3 3 941
2 3 54
5 5 750
