100
2 1
1 1 476
1 1 265
6 3
3 1 231
1 3 40
2 3 825
1 3 975
3 1 77
3 1 594
6 8
5 5 650
7 7 134
7 7 30
6 6 521
6 8 743
5 6 986
3 2
1 2 346
2 2 777
2 2 807
5 2
2 2 709
1 1 911
2 2 862
1 1 705
2 1 520
8 8
1 1 1
1 2 2
1 5 5
8 8 1000
1 4 4
1 6 6
1 7 7
1 3 3
8 5
4 2 646
2 4 387
1 4 474
3 3 606
5 2 302
3 1 892
3 3 422
5 2 372
8 3
2 3 195
2 2 852
1 3 960
2 1 855
1 3 164
1 3 999
3 1 810
2 2 167
8 7
6 5 35
6 5 20
4 5 661
4 4 713
5 5 793
6 4 48
4 4 332
6 5 61
8 8
8 8 1000
8 8 1000
8 8 1000
8 8 1000
8 8 1000
8 8 1000
8 8 1000
8 8 1000
5 8
8 6 94
6 5 512
6 7 136
5 7 274
7 7 299
7 1
1 1 1000
1 1 1000
1 1 1000
1 1 1000
1 1 1000
1 1 1000
1 1 1000
5 2
2 1 827
2 2 833
1 1 566
1 1 616
2 2 494
8 2
2 1 906
2 1 674
2 2 672
1 1 599
2 2 225
1 2 652
2 2 874
2 1 67
4 8
4 7 124
8 7 192
5 7 440
7 7 350
6 5
5 2 660
1 1 244
3 5 627
2 2 657
1 3 639
2 5 750
6 4
4 4 1000
4 4 1000
4 4 1000
4 4 1000
4 4 1000
4 4 1000
5 2
2 1 489
1 1 61
1 1 381
1 2 215
2 1 102
1 1
1 1 29
6 1
1 1 671
1 1 844
1 1 842
1 1 905
1 1 100
1 1 4
4 5
1 4 102
4 2 501
1 1 239
4 4 642
1 8
7 8 24
3 2
2 1 992
1 1 594
2 2 693
4 7
6 6 154
4 7 833
2 4 737
3 4 222
5 2
2 2 655
2 1 448
1 2 748
1 1 17
2 1 371
1 2
1 1 558
8 5
4 4 157
3 3 159
3 4 241
4 3 35
4 4 53
4 4 365
3 4 8
3 3 992
1 8
5 1 516
4 7
3 6 823
1 5 729
1 4 798
2 2 291
4 4
2 1 175
4 3 653
1 4 452
2 4 671
2 5
2 2 196
1 1 636
4 1
1 1 385
1 1 116
1 1 147
1 1 435
5 6
6 2 129
5 3 16
5 2 187
5 6 98
4 3 644
4 4
3 3 241
4 4 885
4 4 441
3 4 584
1 7
7 5 359
6 4
4 4 1000
4 4 1000
4 4 1000
4 4 1000
4 4 1000
4 4 1000
1 5
4 1 663
8 1
1 1 1000
1 1 1000
1 1 1000
1 1 1000
1 1 1000
1 1 1000
1 1 1000
1 1 1000
3 6
2 6 568
1 3 414
2 2 990
3 3
1 2 550
3 3 614
3 3 852
6 5
3 5 268
4 4 206
5 2 872
2 2 282
5 2 144
5 3 481
6 5
3 3 565
3 4 202
4 4 135
4 3 996
3 4 512
4 4 106
5 3
2 1 900
2 1 944
3 3 104
3 3 509
1 3 969
7 1
1 1 185
1 1 18
1 1 797
1 1 283
1 1 645
1 1 631
1 1 580
7 4
4 4 1000
4 4 1000
4 4 1000
4 4 1000
4 4 1000
4 4 1000
4 4 1000
2 2
2 1 153
2 2 275
6 2
2 2 571
2 1 829
2 2 981
2 1 345
1 1 613
1 1 292
4 7
7 2 118
3 7 20
6 6 597
4 3 705
5 6
4 6 668
4 4 68
5 4 752
4 6 400
4 6 297
3 1
1 1 891
1 1 526
1 1 510
3 2
2 2 542
2 2 326
1 2 962
5 5
2 5 541
3 5 207
5 3 683
3 5 333
2 1 387
3 2
2 1 647
2 1 582
2 1 543
2 3
3 1 259
3 1 221
5 6
4 4 948
6 5 699
5 5 950
5 6 683
4 6 4
7 8
8 8 1000
8 8 1000
8 8 1000
8 8 1000
8 8 1000
8 8 1000
8 8 1000
2 6
1 6 327
3 6 937
8 8
8 8 1000
8 8 1000
8 8 1000
8 8 1000
8 8 1000
8 8 1000
8 8 1000
8 8 1000
4 6
4 6 679
3 6 897
4 6 800
3 4 449
7 3
3 3 1000
3 3 1000
3 3 1000
3 3 1000
3 3 1000
3 3 1000
3 3 1000
8 8
8 1 1000
8 1 1000
8 1 1000
8 1 1000
8 1 1000
8 1 1000
8 1 1000
8 1 1000
1 7
2 4 453
6 6
6 5 207
5 5 361
4 5 380
4 5 522
4 5 773
6 6 83
7 5
4 4 575
3 4 809
4 3 625
3 3 614
3 4 701
3 3 639
3 3 942
2 8
2 4 289
5 2 263
6 6
3 2 648
4 5 219
4 2 982
5 1 530
5 4 440
6 5 981
8 4
4 4 644
4 4 171
4 4 146
4 4 70
4 4 195
4 4 32
4 4 870
4 4 433
7 3
1 3 41
3 1 164
1 2 943
3 2 4
1 2 792
1 2 528
1 1 739
3 6
1 2 83
2 4 482
5 1 53
7 2
2 2 1000
2 2 1000
2 2 1000
2 2 1000
2 2 1000
2 2 1000
2 2 1000
1 3
3 2 311
1 5
2 3 803
1 1
1 1 1
1 2
1 2 441
6 1
1 1 845
1 1 112
1 1 548
1 1 162
1 1 455
1 1 963
6 6
1 1 641
4 4 141
2 3 635
3 2 191
5 6 321
5 5 712
2 4
2 4 335
1 4 640
8 8
1 4 4
1 3 3
1 6 6
1 1 1
1 8 8
1 5 5
1 7 7
1 2 2
8 8
6 2 905
2 7 345
8 3 717
5 5 462
2 2 821
2 3 853
2 5 364
4 1 29
3 7
7 6 783
7 4 509
6 6 819
8 8
1 4 997
1 5 996
1 2 999
1 3 998
1 8 993
1 6 995
1 1 1000
1 7 994
7 4
2 4 232
3 2 866
1 4 87
2 1 588
3 3 62
2 4 119
2 2 122
8 8
1 8 1000
1 8 1000
1 8 1000
1 8 1000
1 8 1000
1 8 1000
1 8 1000
1 8 1000
6 3
3 2 446
2 1 96
3 1 76
2 2 218
2 2 400
1 1 195
3 4
2 1 745
4 2 761
2 2 32
7 6
4 6 887
6 4 452
4 6 189
5 6 370
5 6 109
5 4 425
4 6 934
1 7
1 2 619
6 8
7 5 967
8 7 375
3 8 234
1 4 200
2 3 422
5 5 89
8 7
6 5 598
3 1 875
1 6 942
5 3 884
1 5 495
6 4 897
6 3 682
5 2 345
1 7
5 4 378
8 5
1 4 197
2 2 549
5 1 893
1 4 28
2 3 538
3 3 156
1 4 539
1 4 52
8 1
1 1 259
1 1 73
1 1 84
1 1 759
1 1 928
1 1 553
1 1 322
1 1 442
8 6
1 5 677
2 6 295
2 2 795
1 3 551
2 4 785
3 5 774
5 6 745
6 4 153
7 1
1 1 491
1 1 501
1 1 915
1 1 186
1 1 169
1 1 424
1 1 977
4 6
2 1 908
2 4 276
4 4 183
4 1 101
4 2
2 2 369
1 2 705
2 1 851
1 2 899
5 6
6 6 1000
6 6 1000
6 6 1000
6 6 1000
6 6 1000
1 5
2 2 526
2 8
7 5 157
1 7 430
2 8
8 1 213
4 2 200
