100
6 6
6 5 67
2 3 985
3 4 31
5 1 241
3 6 510
3 5 578
6 2
1 2 643
2 2 263
1 2 257
2 2 198
2 2 307
2 2 757
8 5
5 5 498
5 3 718
4 5 145
5 1 636
1 5 96
2 4 148
1 4 610
4 5 576
2 5
5 4 133
5 1 653
4 5
5 5 1000
5 5 1000
5 5 1000
5 5 1000
3 7
3 4 607
2 6 471
7 4 120
1 4
3 1 49
1 8
6 5 615
7 6
6 4 422
6 5 19
4 4 735
4 5 358
6 6 504
4 6 916
6 6 149
1 6
5 4 144
2 1
1 1 499
1 1 154
3 8
5 3 574
6 7 795
1 2 272
6 7
6 6 859
2 1 295
7 5 73
1 6 46
4 6 60
7 2 289
2 1
1 1 712
1 1 151
5 5
2 1 783
5 4 466
4 4 92
2 4 931
3 5 955
4 5
4 4 784
2 2 266
3 4 278
1 2 114
6 7
2 3 926
1 3 931
7 4 867
6 4 600
7 5 372
6 7 154
5 7
5 5 680
4 4 320
4 5 725
4 5 725
4 5 558
6 5
5 5 1000
5 5 1000
5 5 1000
5 5 1000
5 5 1000
5 5 1000
4 4
3 1 57
2 1 734
4 4 858
4 1 71
5 7
7 7 1000
7 7 1000
7 7 1000
7 7 1000
7 7 1000
3 4
2 3 592
2 3 863
1 2 724
8 2
1 2 711
2 2 965
1 1 408
2 2 552
2 2 987
2 1 983
2 2 398
2 2 607
2 5
3 4 992
4 4 655
5 7
4 4 277
4 4 216
4 6 363
6 5 591
5 5 840
6 6
2 2 942
6 5 136
3 2 61
5 3 392
6 4 98
1 4 328
2 7
7 7 1000
7 7 1000
5 7
6 4 150
5 5 863
6 4 668
4 4 421
6 5 64
4 3
3 1 735
3 1 301
2 3 649
3 1 511
1 5
5 5 1000
3 7
7 5 711
4 7 556
4 7 24
1 8
7 7 950
8 6
6 5 348
5 5 974
6 6 871
4 4 476
5 4 13
4 4 840
4 5 35
6 6 843
5 7
7 7 1000
7 7 1000
7 7 1000
7 7 1000
7 7 1000
8 3
1 1 933
2 2 971
2 2 224
2 1 478
1 2 766
2 1 838
2 1 609
1 2 707
5 3
1 2 455
2 2 966
2 2 361
3 1 914
3 3 639
6 7
6 7 593
6 6 88
6 3 104
7 6 864
4 2 985
4 7 824
3 1
1 1 980
1 1 149
1 1 132
3 3
1 1 740
1 3 58
1 2 411
5 8
3 8 59
4 7 309
1 1 358
8 5 830
5 6 279
8 8
8 8 1000
8 8 1000
8 8 1000
8 8 1000
8 8 1000
8 8 1000
8 8 1000
8 8 1000
8 8
1 5 5
1 6 6
1 1 1
8 8 1000
1 3 3
1 2 2
1 4 4
1 7 7
2 3
2 3 285
2 3 982
4 7
7 4 313
4 4 25
7 4 680
2 7 233
7 8
8 7 205
7 6 756
6 5 713
5 8 925
7 7 301
8 6 79
6 7 907
6 1
1 1 522
1 1 180
1 1 244
1 1 578
1 1 228
1 1 952
7 8
4 3 259
4 1 210
8 7 481
8 4 835
6 6 182
6 4 342
5 2 385
6 1
1 1 740
1 1 696
1 1 838
1 1 540
1 1 96
1 1 278
8 8
1 1 1
1 4 4
1 3 3
1 6 6
1 5 5
1 2 2
1 7 7
1 8 8
6 5
1 5 980
2 5 378
4 1 32
5 3 376
1 5 946
1 3 916
8 1
1 1 870
1 1 909
1 1 303
1 1 589
1 1 578
1 1 269
1 1 202
1 1 687
2 5
5 2 141
1 5 602
7 7
7 6 401
2 3 424
2 3 387
2 1 742
5 7 224
6 5 863
3 6 542
4 8
4 2 281
8 1 100
6 4 50
7 7 446
4 1
1 1 735
1 1 937
1 1 12
1 1 323
8 8
1 8 1000
1 8 1000
1 8 1000
1 8 1000
1 8 1000
1 8 1000
1 8 1000
1 8 1000
1 3
1 2 181
4 2
1 1 818
2 1 285
2 2 843
1 1 568
1 7
7 7 804
5 7
5 5 758
5 4 780
5 5 107
5 6 492
6 5 122
7 5
4 4 364
2 4 272
4 1 908
1 3 255
3 4 561
4 5 433
2 3 858
3 3
2 1 61
2 1 881
2 1 269
2 1
1 1 1000
1 1 715
4 6
2 3 661
6 2 837
3 6 415
2 2 901
8 5
5 5 1000
5 5 1000
5 5 1000
5 5 1000
5 5 1000
5 5 1000
5 5 1000
5 5 1000
8 4
4 4 986
4 4 944
4 4 220
4 4 423
4 4 844
4 4 580
4 4 102
4 4 372
4 8
8 8 1000
8 8 1000
8 8 1000
8 8 1000
3 1
1 1 192
1 1 12
1 1 273
8 7
7 2 171
2 1 187
3 6 420
4 6 214
3 6 771
1 4 270
4 7 459
2 2 286
8 8
8 1 1000
8 1 1000
8 1 1000
8 1 1000
8 1 1000
8 1 1000
8 1 1000
8 1 1000
8 4
3 2 519
4 1 676
3 2 106
4 4 434
1 4 602
3 2 800
3 3 215
3 3 114
1 5
4 1 381
2 7
7 7 1000
7 7 1000
1 3
1 1 324
6 6
1 1 77
3 2 614
4 6 227
3 2 721
3 3 396
6 5 957
7 4
4 1 280
3 2 764
4 4 656
2 1 655
2 4 183
1 2 306
2 1 743
8 8
5 8 176
7 8 798
6 7 389
7 8 359
8 7 950
6 5 905
8 6 662
8 7 214
2 6
2 5 188
2 5 594
8 5
5 5 1000
5 5 1000
5 5 1000
5 5 1000
5 5 1000
5 5 1000
5 5 1000
5 5 1000
5 6
4 4 932
5 5 822
6 5 67
5 5 372
6 6 862
4 1
1 1 227
1 1 103
1 1 215
1 1 960
8 2
1 2 897
1 1 821
2 2 25
1 1 71
1 1 481
2 2 705
2 2 890
1 1 183
7 5
1 2 749
5 3 130
1 3 55
1 5 341
5 2 712
1 3 352
2 2 153
1 8
2 1 699
7 8
3 6 985
6 3 685
4 3 63
2 3 837
3 5 104
3 3 863
2 4 575
8 8
1 4 997
1 8 993
1 2 999
1 3 998
1 5 996
1 7 994
1 6 995
1 1 1000
1 1
1 1 1
1 2
1 2 24
1 1
1 1 749
2 5
4 2 627
3 1 529
8 2
1 1 726
1 2 824
2 2 605
1 2 310
1 2 456
1 2 178
2 2 363
1 1 312
5 2
2 2 623
2 1 703
1 1 828
2 2 51
1 2 925
3 6
3 6 890
1 6 190
4 4 530
7 8
3 8 82
2 8 239
6 7 309
2 7 158
4 4 843
7 7 944
5 7 710
6 5
4 2 68
5 3 154
4 4 210
1 3 954
1 2 725
4 2 663
8 7
4 6 470
5 6 421
6 6 11
6 6 458
4 6 363
6 4 553
4 5 725
5 5 687
3 6
3 2 120
3 1 242
2 5 796
6 8
3 7 101
6 5 922
5 6 400
2 6 797
4 2 976
5 4 885
3 1
1 1 605
1 1 922
1 1 938
5 3
1 3 962
2 1 370
3 2 839
2 3 769
1 1 679
